
SUMMARISING RUN PARAMETERS
==========================
Input filename: /vortexfs1/omics/tepolt/raw_reads/C_maenas/Cm_yrv_2023/15-092_R1_001.fastq.gz
Trimming mode: paired-end
Trim Galore version: 0.6.6
Cutadapt version: 3.5
Python version: could not detect
Number of cores used for trimming: 8
Quality Phred score cutoff: 20
Quality encoding type selected: ASCII+33
Adapter sequence: 'AGATCGGAAGAGC' (Illumina TruSeq, Sanger iPCR; user defined)
Maximum trimming error rate: 0.1 (default)
Minimum required adapter overlap (stringency): 1 bp
Minimum required sequence length for both reads before a sequence pair gets removed: 20 bp
Running FastQC on the data once trimming has completed
Running FastQC with the following extra arguments: --outdir /vortexfs1/scratch/yaamini.venkataraman/wc-green-crab/output/06b-trimgalore     --threads 28
Output file will be GZIP compressed


This is cutadapt 3.5 with Python 3.9.5
Command line parameters: -j 8 -e 0.1 -q 20 -O 1 -a AGATCGGAAGAGC /vortexfs1/omics/tepolt/raw_reads/C_maenas/Cm_yrv_2023/15-092_R1_001.fastq.gz
Processing reads on 8 cores in single-end mode ...
Finished in 107.09 s (2 µs/read; 27.72 M reads/minute).

=== Summary ===

Total reads processed:              49,473,567
Reads with adapters:                31,242,787 (63.2%)
Reads written (passing filters):    49,473,567 (100.0%)

Total basepairs processed: 7,421,035,050 bp
Quality-trimmed:              32,775,699 bp (0.4%)
Total written (filtered):  6,617,489,841 bp (89.2%)

=== Adapter 1 ===

Sequence: AGATCGGAAGAGC; Type: regular 3'; Length: 13; Trimmed: 31242787 times

Minimum overlap: 1
No. of allowed errors:
1-9 bp: 0; 10-13 bp: 1

Bases preceding removed adapters:
  A: 17.1%
  C: 29.4%
  G: 25.9%
  T: 26.4%
  none/other: 1.2%

Overview of removed sequences
length	count	expect	max.err	error counts
1	7422257	12368391.8	0	7422257
2	2017290	3092097.9	0	2017290
3	857248	773024.5	0	857248
4	424402	193256.1	0	424402
5	344012	48314.0	0	344012
6	314793	12078.5	0	314793
7	315575	3019.6	0	315575
8	313644	754.9	0	313644
9	307180	188.7	0	305456 1724
10	312057	47.2	1	306332 5725
11	311375	11.8	1	305351 6024
12	322654	2.9	1	316116 6538
13	324000	0.7	1	316536 7464
14	328544	0.7	1	321166 7378
15	349881	0.7	1	341739 8142
16	337424	0.7	1	329626 7798
17	349273	0.7	1	340364 8909
18	349317	0.7	1	341982 7335
19	351371	0.7	1	343255 8116
20	348817	0.7	1	340903 7914
21	346152	0.7	1	337869 8283
22	348406	0.7	1	340756 7650
23	369399	0.7	1	360985 8414
24	367394	0.7	1	358908 8486
25	374021	0.7	1	365462 8559
26	359401	0.7	1	351307 8094
27	360653	0.7	1	352328 8325
28	360423	0.7	1	351839 8584
29	349885	0.7	1	341956 7929
30	337849	0.7	1	330654 7195
31	343827	0.7	1	336232 7595
32	352231	0.7	1	344036 8195
33	352780	0.7	1	344756 8024
34	357200	0.7	1	348597 8603
35	356170	0.7	1	347803 8367
36	353928	0.7	1	345290 8638
37	354262	0.7	1	345870 8392
38	364082	0.7	1	354772 9310
39	341126	0.7	1	332696 8430
40	345422	0.7	1	337192 8230
41	336251	0.7	1	327905 8346
42	333263	0.7	1	324640 8623
43	327781	0.7	1	318534 9247
44	435955	0.7	1	422845 13110
45	349171	0.7	1	339142 10029
46	492310	0.7	1	484227 8083
47	164962	0.7	1	150959 14003
48	1437967	0.7	1	1419690 18277
49	831315	0.7	1	820007 11308
50	139426	0.7	1	133929 5497
51	154364	0.7	1	150700 3664
52	248764	0.7	1	245982 2782
53	51692	0.7	1	48435 3257
54	279432	0.7	1	277457 1975
55	36675	0.7	1	34666 2009
56	98085	0.7	1	96721 1364
57	41848	0.7	1	40069 1779
58	108677	0.7	1	105072 3605
59	348505	0.7	1	345505 3000
60	41894	0.7	1	39178 2716
61	139045	0.7	1	137538 1507
62	14465	0.7	1	13454 1011
63	13831	0.7	1	12804 1027
64	84962	0.7	1	82521 2441
65	222531	0.7	1	220584 1947
66	27877	0.7	1	26773 1104
67	8899	0.7	1	8269 630
68	39308	0.7	1	38271 1037
69	62413	0.7	1	61330 1083
70	65435	0.7	1	64312 1123
71	49748	0.7	1	49021 727
72	22474	0.7	1	21931 543
73	19436	0.7	1	18808 628
74	49686	0.7	1	48858 828
75	55344	0.7	1	54387 957
76	53079	0.7	1	52082 997
77	49660	0.7	1	48671 989
78	46504	0.7	1	45573 931
79	42421	0.7	1	41557 864
80	38527	0.7	1	37652 875
81	34131	0.7	1	33332 799
82	30870	0.7	1	30213 657
83	27327	0.7	1	26778 549
84	25414	0.7	1	24870 544
85	23251	0.7	1	22769 482
86	22415	0.7	1	21894 521
87	21262	0.7	1	20781 481
88	19576	0.7	1	19141 435
89	17522	0.7	1	17120 402
90	16250	0.7	1	15875 375
91	14435	0.7	1	14088 347
92	13402	0.7	1	13108 294
93	11659	0.7	1	11441 218
94	10286	0.7	1	10062 224
95	9001	0.7	1	8799 202
96	8800	0.7	1	8611 189
97	8572	0.7	1	8389 183
98	8117	0.7	1	7945 172
99	7442	0.7	1	7288 154
100	6378	0.7	1	6221 157
101	5610	0.7	1	5451 159
102	4848	0.7	1	4731 117
103	4482	0.7	1	4357 125
104	3669	0.7	1	3565 104
105	3371	0.7	1	3280 91
106	3396	0.7	1	3308 88
107	3431	0.7	1	3353 78
108	3133	0.7	1	3055 78
109	2870	0.7	1	2789 81
110	2623	0.7	1	2545 78
111	2271	0.7	1	2166 105
112	1844	0.7	1	1779 65
113	1554	0.7	1	1492 62
114	1379	0.7	1	1308 71
115	1166	0.7	1	1095 71
116	1126	0.7	1	1074 52
117	1020	0.7	1	972 48
118	921	0.7	1	883 38
119	908	0.7	1	862 46
120	851	0.7	1	817 34
121	952	0.7	1	914 38
122	636	0.7	1	591 45
123	481	0.7	1	452 29
124	371	0.7	1	344 27
125	305	0.7	1	277 28
126	307	0.7	1	280 27
127	260	0.7	1	235 25
128	283	0.7	1	259 24
129	335	0.7	1	287 48
130	556	0.7	1	512 44
131	14678	0.7	1	14408 270
132	406	0.7	1	328 78
133	393	0.7	1	353 40
134	460	0.7	1	395 65
135	371	0.7	1	319 52
136	401	0.7	1	349 52
137	484	0.7	1	406 78
138	1411	0.7	1	1356 55
139	506	0.7	1	426 80
140	612	0.7	1	516 96
141	955	0.7	1	869 86
142	630	0.7	1	551 79
143	983	0.7	1	870 113
144	1041	0.7	1	898 143
145	996	0.7	1	847 149
146	1641	0.7	1	1491 150
147	1601	0.7	1	1293 308
148	1136	0.7	1	754 382
149	4050	0.7	1	171 3879
150	359256	0.7	1	4126 355130

RUN STATISTICS FOR INPUT FILE: /vortexfs1/omics/tepolt/raw_reads/C_maenas/Cm_yrv_2023/15-092_R1_001.fastq.gz
=============================================
49473567 sequences processed in total

