
SUMMARISING RUN PARAMETERS
==========================
Input filename: /vortexfs1/omics/tepolt/raw_reads/C_maenas/Cm_yrv_2023/15-091_R2_001.fastq.gz
Trimming mode: paired-end
Trim Galore version: 0.6.6
Cutadapt version: 3.5
Python version: could not detect
Number of cores used for trimming: 8
Quality Phred score cutoff: 20
Quality encoding type selected: ASCII+33
Adapter sequence: 'AGATCGGAAGAGC' (Illumina TruSeq, Sanger iPCR; user defined)
Maximum trimming error rate: 0.1 (default)
Minimum required adapter overlap (stringency): 1 bp
Minimum required sequence length for both reads before a sequence pair gets removed: 20 bp
Running FastQC on the data once trimming has completed
Running FastQC with the following extra arguments: --outdir /vortexfs1/scratch/yaamini.venkataraman/wc-green-crab/output/06b-trimgalore     --threads 28
Output file will be GZIP compressed


This is cutadapt 3.5 with Python 3.9.5
Command line parameters: -j 8 -e 0.1 -q 20 -O 1 -a AGATCGGAAGAGC /vortexfs1/omics/tepolt/raw_reads/C_maenas/Cm_yrv_2023/15-091_R2_001.fastq.gz
Processing reads on 8 cores in single-end mode ...
Finished in 100.82 s (2 µs/read; 26.69 M reads/minute).

=== Summary ===

Total reads processed:              44,844,801
Reads with adapters:                25,058,235 (55.9%)
Reads written (passing filters):    44,844,801 (100.0%)

Total basepairs processed: 6,726,720,150 bp
Quality-trimmed:              20,983,496 bp (0.3%)
Total written (filtered):  6,252,590,956 bp (93.0%)

=== Adapter 1 ===

Sequence: AGATCGGAAGAGC; Type: regular 3'; Length: 13; Trimmed: 25058235 times

Minimum overlap: 1
No. of allowed errors:
1-9 bp: 0; 10-13 bp: 1

Bases preceding removed adapters:
  A: 22.8%
  C: 30.6%
  G: 28.2%
  T: 18.4%
  none/other: 0.1%

Overview of removed sequences
length	count	expect	max.err	error counts
1	8437681	11211200.2	0	8437681
2	2203612	2802800.1	0	2203612
3	837323	700700.0	0	837323
4	385044	175175.0	0	385044
5	285870	43793.8	0	285870
6	253667	10948.4	0	253667
7	254827	2737.1	0	254827
8	245874	684.3	0	245874
9	237636	171.1	0	236717 919
10	241679	42.8	1	237090 4589
11	239109	10.7	1	234134 4975
12	250948	2.7	1	245183 5765
13	248398	0.7	1	243272 5126
14	253662	0.7	1	247465 6197
15	282020	0.7	1	275052 6968
16	251863	0.7	1	246055 5808
17	261422	0.7	1	254153 7269
18	260601	0.7	1	253319 7282
19	275177	0.7	1	266718 8459
20	270190	0.7	1	263017 7173
21	231587	0.7	1	225683 5904
22	240490	0.7	1	234427 6063
23	259003	0.7	1	252305 6698
24	274932	0.7	1	266697 8235
25	253227	0.7	1	246614 6613
26	256269	0.7	1	249318 6951
27	284675	0.7	1	276761 7914
28	228608	0.7	1	222777 5831
29	243363	0.7	1	237364 5999
30	227756	0.7	1	222583 5173
31	229740	0.7	1	224645 5095
32	230819	0.7	1	225603 5216
33	282537	0.7	1	275769 6768
34	229501	0.7	1	224253 5248
35	230788	0.7	1	225776 5012
36	208394	0.7	1	204132 4262
37	231113	0.7	1	226382 4731
38	233408	0.7	1	228396 5012
39	227020	0.7	1	222055 4965
40	222799	0.7	1	217946 4853
41	192729	0.7	1	189140 3589
42	197830	0.7	1	193591 4239
43	203805	0.7	1	199038 4767
44	186802	0.7	1	183024 3778
45	217285	0.7	1	211992 5293
46	177153	0.7	1	173106 4047
47	172530	0.7	1	168952 3578
48	189483	0.7	1	185524 3959
49	161110	0.7	1	157734 3376
50	148016	0.7	1	144865 3151
51	145598	0.7	1	142222 3376
52	149933	0.7	1	146483 3450
53	126089	0.7	1	123644 2445
54	129843	0.7	1	127106 2737
55	128159	0.7	1	125286 2873
56	115025	0.7	1	112643 2382
57	121910	0.7	1	119120 2790
58	131148	0.7	1	128399 2749
59	97322	0.7	1	95163 2159
60	101811	0.7	1	99966 1845
61	82814	0.7	1	81299 1515
62	84835	0.7	1	83211 1624
63	72055	0.7	1	70794 1261
64	82396	0.7	1	80849 1547
65	60546	0.7	1	59386 1160
66	64310	0.7	1	63138 1172
67	63458	0.7	1	62267 1191
68	54087	0.7	1	53078 1009
69	45258	0.7	1	44407 851
70	57423	0.7	1	56410 1013
71	27616	0.7	1	27020 596
72	34772	0.7	1	34110 662
73	34651	0.7	1	33970 681
74	35056	0.7	1	34402 654
75	35740	0.7	1	35244 496
76	10583	0.7	1	10245 338
77	22198	0.7	1	21796 402
78	22043	0.7	1	21629 414
79	19980	0.7	1	19541 439
80	18476	0.7	1	18074 402
81	16901	0.7	1	16546 355
82	14937	0.7	1	14613 324
83	13382	0.7	1	13106 276
84	12205	0.7	1	11914 291
85	11367	0.7	1	11089 278
86	10798	0.7	1	10589 209
87	10231	0.7	1	10003 228
88	9482	0.7	1	9253 229
89	8780	0.7	1	8590 190
90	7876	0.7	1	7730 146
91	7482	0.7	1	7302 180
92	6931	0.7	1	6779 152
93	6052	0.7	1	5907 145
94	5380	0.7	1	5273 107
95	4810	0.7	1	4696 114
96	4424	0.7	1	4305 119
97	4524	0.7	1	4419 105
98	4201	0.7	1	4118 83
99	3804	0.7	1	3710 94
100	3425	0.7	1	3329 96
101	2915	0.7	1	2834 81
102	2567	0.7	1	2487 80
103	2488	0.7	1	2406 82
104	2173	0.7	1	2115 58
105	2050	0.7	1	1990 60
106	1913	0.7	1	1846 67
107	2065	0.7	1	2008 57
108	1947	0.7	1	1888 59
109	1711	0.7	1	1654 57
110	1444	0.7	1	1396 48
111	1397	0.7	1	1360 37
112	1123	0.7	1	1076 47
113	945	0.7	1	909 36
114	878	0.7	1	841 37
115	762	0.7	1	730 32
116	766	0.7	1	736 30
117	654	0.7	1	628 26
118	715	0.7	1	687 28
119	573	0.7	1	543 30
120	641	0.7	1	590 51
121	526	0.7	1	482 44
122	411	0.7	1	385 26
123	328	0.7	1	306 22
124	253	0.7	1	230 23
125	244	0.7	1	229 15
126	194	0.7	1	175 19
127	232	0.7	1	217 15
128	213	0.7	1	199 14
129	214	0.7	1	186 28
130	419	0.7	1	374 45
131	9444	0.7	1	8909 535
132	264	0.7	1	237 27
133	232	0.7	1	217 15
134	414	0.7	1	397 17
135	275	0.7	1	266 9
136	286	0.7	1	271 15
137	330	0.7	1	318 12
138	640	0.7	1	628 12
139	404	0.7	1	392 12
140	485	0.7	1	474 11
141	858	0.7	1	843 15
142	533	0.7	1	521 12
143	800	0.7	1	788 12
144	910	0.7	1	888 22
145	816	0.7	1	800 16
146	1261	0.7	1	1238 23
147	1213	0.7	1	1168 45
148	1058	0.7	1	1036 22
149	406	0.7	1	318 88
150	13343	0.7	1	10571 2772

RUN STATISTICS FOR INPUT FILE: /vortexfs1/omics/tepolt/raw_reads/C_maenas/Cm_yrv_2023/15-091_R2_001.fastq.gz
=============================================
44844801 sequences processed in total

Total number of sequences analysed for the sequence pair length validation: 44844801

Number of sequence pairs removed because at least one read was shorter than the length cutoff (20 bp): 816235 (1.82%)
