
SUMMARISING RUN PARAMETERS
==========================
Input filename: /vortexfs1/omics/tepolt/raw_reads/C_maenas/Cm_yrv_2023/15-033_R1_001.fastq.gz
Trimming mode: paired-end
Trim Galore version: 0.6.6
Cutadapt version: 3.5
Python version: could not detect
Number of cores used for trimming: 8
Quality Phred score cutoff: 20
Quality encoding type selected: ASCII+33
Adapter sequence: 'AGATCGGAAGAGC' (Illumina TruSeq, Sanger iPCR; user defined)
Maximum trimming error rate: 0.1 (default)
Minimum required adapter overlap (stringency): 1 bp
Minimum required sequence length for both reads before a sequence pair gets removed: 20 bp
Running FastQC on the data once trimming has completed
Running FastQC with the following extra arguments: --outdir /vortexfs1/scratch/yaamini.venkataraman/wc-green-crab/output/06b-trimgalore     --threads 28
Output file will be GZIP compressed


This is cutadapt 3.5 with Python 3.9.5
Command line parameters: -j 8 -e 0.1 -q 20 -O 1 -a AGATCGGAAGAGC /vortexfs1/omics/tepolt/raw_reads/C_maenas/Cm_yrv_2023/15-033_R1_001.fastq.gz
Processing reads on 8 cores in single-end mode ...
Finished in 105.36 s (2 µs/read; 26.75 M reads/minute).

=== Summary ===

Total reads processed:              46,978,803
Reads with adapters:                22,089,071 (47.0%)
Reads written (passing filters):    46,978,803 (100.0%)

Total basepairs processed: 7,046,820,450 bp
Quality-trimmed:              10,653,478 bp (0.2%)
Total written (filtered):  6,724,435,073 bp (95.4%)

=== Adapter 1 ===

Sequence: AGATCGGAAGAGC; Type: regular 3'; Length: 13; Trimmed: 22089071 times

Minimum overlap: 1
No. of allowed errors:
1-9 bp: 0; 10-13 bp: 1

Bases preceding removed adapters:
  A: 22.6%
  C: 27.8%
  G: 23.2%
  T: 24.2%
  none/other: 2.3%

Overview of removed sequences
length	count	expect	max.err	error counts
1	9499929	11744700.8	0	9499929
2	2614801	2936175.2	0	2614801
3	1195689	734043.8	0	1195689
4	405548	183510.9	0	405548
5	274770	45877.7	0	274770
6	233873	11469.4	0	233873
7	229445	2867.4	0	229445
8	223115	716.8	0	223115
9	213969	179.2	0	212576 1393
10	211001	44.8	1	206984 4017
11	204762	11.2	1	201006 3756
12	203900	2.8	1	199877 4023
13	206731	0.7	1	202370 4361
14	208349	0.7	1	204219 4130
15	219103	0.7	1	214427 4676
16	204176	0.7	1	199908 4268
17	200178	0.7	1	195822 4356
18	194553	0.7	1	190864 3689
19	195064	0.7	1	191101 3963
20	188029	0.7	1	184198 3831
21	178895	0.7	1	175151 3744
22	171149	0.7	1	167821 3328
23	177349	0.7	1	173590 3759
24	167558	0.7	1	164252 3306
25	170945	0.7	1	167237 3708
26	163818	0.7	1	160516 3302
27	157285	0.7	1	153986 3299
28	153186	0.7	1	149816 3370
29	144730	0.7	1	141664 3066
30	135575	0.7	1	133014 2561
31	134369	0.7	1	131506 2863
32	134485	0.7	1	131505 2980
33	131113	0.7	1	128294 2819
34	132262	0.7	1	129284 2978
35	119732	0.7	1	117004 2728
36	121222	0.7	1	118592 2630
37	114299	0.7	1	111819 2480
38	117256	0.7	1	114555 2701
39	107977	0.7	1	105345 2632
40	102303	0.7	1	100069 2234
41	97488	0.7	1	95343 2145
42	91905	0.7	1	89681 2224
43	88415	0.7	1	86105 2310
44	112248	0.7	1	109235 3013
45	78469	0.7	1	76356 2113
46	113618	0.7	1	112023 1595
47	29562	0.7	1	27708 1854
48	148175	0.7	1	145018 3157
49	183129	0.7	1	181229 1900
50	43045	0.7	1	41885 1160
51	34543	0.7	1	33657 886
52	62616	0.7	1	61949 667
53	16703	0.7	1	15953 750
54	66683	0.7	1	66217 466
55	10639	0.7	1	10166 473
56	25365	0.7	1	25023 342
57	16121	0.7	1	15722 399
58	20746	0.7	1	20113 633
59	63229	0.7	1	62596 633
60	14898	0.7	1	14325 573
61	26492	0.7	1	26192 300
62	2403	0.7	1	2225 178
63	4215	0.7	1	4047 168
64	12657	0.7	1	12266 391
65	34124	0.7	1	33845 279
66	2200	0.7	1	2039 161
67	1336	0.7	1	1231 105
68	9250	0.7	1	9048 202
69	10278	0.7	1	10082 196
70	10280	0.7	1	10096 184
71	7808	0.7	1	7674 134
72	3249	0.7	1	3176 73
73	2298	0.7	1	2231 67
74	5591	0.7	1	5483 108
75	6133	0.7	1	6013 120
76	6050	0.7	1	5930 120
77	5773	0.7	1	5610 163
78	5302	0.7	1	5154 148
79	4645	0.7	1	4530 115
80	4248	0.7	1	4115 133
81	3734	0.7	1	3618 116
82	3363	0.7	1	3232 131
83	3089	0.7	1	2937 152
84	2638	0.7	1	2560 78
85	3227	0.7	1	3151 76
86	2392	0.7	1	2305 87
87	2289	0.7	1	2220 69
88	2112	0.7	1	2045 67
89	2008	0.7	1	1948 60
90	1823	0.7	1	1745 78
91	1638	0.7	1	1576 62
92	1502	0.7	1	1436 66
93	1348	0.7	1	1261 87
94	1207	0.7	1	1142 65
95	1094	0.7	1	1048 46
96	1007	0.7	1	962 45
97	920	0.7	1	884 36
98	908	0.7	1	870 38
99	846	0.7	1	813 33
100	771	0.7	1	726 45
101	710	0.7	1	675 35
102	623	0.7	1	593 30
103	603	0.7	1	564 39
104	595	0.7	1	559 36
105	495	0.7	1	461 34
106	537	0.7	1	496 41
107	542	0.7	1	505 37
108	561	0.7	1	528 33
109	489	0.7	1	452 37
110	471	0.7	1	433 38
111	526	0.7	1	393 133
112	444	0.7	1	358 86
113	439	0.7	1	373 66
114	461	0.7	1	410 51
115	437	0.7	1	360 77
116	357	0.7	1	307 50
117	311	0.7	1	282 29
118	349	0.7	1	319 30
119	399	0.7	1	362 37
120	732	0.7	1	690 42
121	926	0.7	1	895 31
122	499	0.7	1	471 28
123	247	0.7	1	221 26
124	141	0.7	1	126 15
125	150	0.7	1	124 26
126	171	0.7	1	130 41
127	155	0.7	1	120 35
128	168	0.7	1	132 36
129	269	0.7	1	212 57
130	1460	0.7	1	1331 129
131	86902	0.7	1	85720 1182
132	318	0.7	1	238 80
133	206	0.7	1	149 57
134	268	0.7	1	205 63
135	167	0.7	1	111 56
136	183	0.7	1	115 68
137	196	0.7	1	104 92
138	284	0.7	1	213 71
139	199	0.7	1	123 76
140	228	0.7	1	150 78
141	432	0.7	1	348 84
142	226	0.7	1	136 90
143	456	0.7	1	347 109
144	418	0.7	1	296 122
145	469	0.7	1	275 194
146	548	0.7	1	377 171
147	651	0.7	1	293 358
148	714	0.7	1	220 494
149	8274	0.7	1	195 8079
150	491327	0.7	1	7815 483512

RUN STATISTICS FOR INPUT FILE: /vortexfs1/omics/tepolt/raw_reads/C_maenas/Cm_yrv_2023/15-033_R1_001.fastq.gz
=============================================
46978803 sequences processed in total

