
SUMMARISING RUN PARAMETERS
==========================
Input filename: /vortexfs1/omics/tepolt/raw_reads/C_maenas/Cm_yrv_2023/15-092_R2_001.fastq.gz
Trimming mode: paired-end
Trim Galore version: 0.6.6
Cutadapt version: 3.5
Python version: could not detect
Number of cores used for trimming: 8
Quality Phred score cutoff: 20
Quality encoding type selected: ASCII+33
Adapter sequence: 'AGATCGGAAGAGC' (Illumina TruSeq, Sanger iPCR; user defined)
Maximum trimming error rate: 0.1 (default)
Minimum required adapter overlap (stringency): 1 bp
Minimum required sequence length for both reads before a sequence pair gets removed: 20 bp
Running FastQC on the data once trimming has completed
Running FastQC with the following extra arguments: --outdir /vortexfs1/scratch/yaamini.venkataraman/wc-green-crab/output/06b-trimgalore     --threads 28
Output file will be GZIP compressed


This is cutadapt 3.5 with Python 3.9.5
Command line parameters: -j 8 -e 0.1 -q 20 -O 1 -a AGATCGGAAGAGC /vortexfs1/omics/tepolt/raw_reads/C_maenas/Cm_yrv_2023/15-092_R2_001.fastq.gz
Processing reads on 8 cores in single-end mode ...
Finished in 114.08 s (2 µs/read; 26.02 M reads/minute).

=== Summary ===

Total reads processed:              49,473,567
Reads with adapters:                31,295,049 (63.3%)
Reads written (passing filters):    49,473,567 (100.0%)

Total basepairs processed: 7,421,035,050 bp
Quality-trimmed:              25,583,610 bp (0.3%)
Total written (filtered):  6,662,355,333 bp (89.8%)

=== Adapter 1 ===

Sequence: AGATCGGAAGAGC; Type: regular 3'; Length: 13; Trimmed: 31295049 times

Minimum overlap: 1
No. of allowed errors:
1-9 bp: 0; 10-13 bp: 1

Bases preceding removed adapters:
  A: 18.9%
  C: 29.8%
  G: 32.5%
  T: 18.8%
  none/other: 0.0%

Overview of removed sequences
length	count	expect	max.err	error counts
1	7729147	12368391.8	0	7729147
2	2173483	3092097.9	0	2173483
3	880536	773024.5	0	880536
4	440630	193256.1	0	440630
5	344489	48314.0	0	344489
6	315765	12078.5	0	315765
7	316549	3019.6	0	316549
8	313424	754.9	0	313424
9	304927	188.7	0	304003 924
10	313137	47.2	1	307189 5948
11	310733	11.8	1	304611 6122
12	329914	2.9	1	322179 7735
13	317755	0.7	1	311258 6497
14	330231	0.7	1	321839 8392
15	358000	0.7	1	349169 8831
16	327364	0.7	1	319499 7865
17	348305	0.7	1	338534 9771
18	352550	0.7	1	342273 10277
19	378474	0.7	1	366283 12191
20	363053	0.7	1	353510 9543
21	318827	0.7	1	310424 8403
22	334572	0.7	1	325662 8910
23	367870	0.7	1	358234 9636
24	392500	0.7	1	380156 12344
25	356824	0.7	1	347372 9452
26	361195	0.7	1	351185 10010
27	396896	0.7	1	385567 11329
28	343698	0.7	1	334618 9080
29	343158	0.7	1	334774 8384
30	336891	0.7	1	328731 8160
31	332626	0.7	1	325434 7192
32	344453	0.7	1	336963 7490
33	353652	0.7	1	345895 7757
34	393918	0.7	1	383440 10478
35	402578	0.7	1	393514 9064
36	316857	0.7	1	309398 7459
37	332161	0.7	1	324926 7235
38	356357	0.7	1	348656 7701
39	335241	0.7	1	327895 7346
40	343622	0.7	1	336166 7456
41	347529	0.7	1	339735 7794
42	293120	0.7	1	287187 5933
43	326759	0.7	1	319679 7080
44	308355	0.7	1	302060 6295
45	358933	0.7	1	350157 8776
46	301333	0.7	1	294386 6947
47	294836	0.7	1	288468 6368
48	323198	0.7	1	316269 6929
49	281772	0.7	1	275832 5940
50	260631	0.7	1	255092 5539
51	263580	0.7	1	257338 6242
52	270780	0.7	1	264476 6304
53	233573	0.7	1	228915 4658
54	240698	0.7	1	235433 5265
55	246821	0.7	1	241132 5689
56	214994	0.7	1	210475 4519
57	235336	0.7	1	229847 5489
58	252627	0.7	1	247495 5132
59	166698	0.7	1	163116 3582
60	189577	0.7	1	186229 3348
61	165496	0.7	1	162581 2915
62	160078	0.7	1	157032 3046
63	134244	0.7	1	131778 2466
64	159562	0.7	1	156763 2799
65	121497	0.7	1	119395 2102
66	126148	0.7	1	123905 2243
67	126107	0.7	1	123742 2365
68	106490	0.7	1	104560 1930
69	89400	0.7	1	87725 1675
70	118199	0.7	1	116141 2058
71	55906	0.7	1	54565 1341
72	71359	0.7	1	69996 1363
73	72090	0.7	1	70766 1324
74	73212	0.7	1	71927 1285
75	73403	0.7	1	72420 983
76	21371	0.7	1	20690 681
77	46390	0.7	1	45582 808
78	46369	0.7	1	45448 921
79	42348	0.7	1	41516 832
80	38563	0.7	1	37871 692
81	34271	0.7	1	33568 703
82	30748	0.7	1	30103 645
83	27414	0.7	1	26864 550
84	25353	0.7	1	24807 546
85	23178	0.7	1	22646 532
86	22435	0.7	1	22001 434
87	21197	0.7	1	20759 438
88	19562	0.7	1	19141 421
89	17567	0.7	1	17229 338
90	16159	0.7	1	15829 330
91	14481	0.7	1	14187 294
92	13338	0.7	1	13062 276
93	11640	0.7	1	11410 230
94	10248	0.7	1	9973 275
95	8923	0.7	1	8739 184
96	8731	0.7	1	8539 192
97	8512	0.7	1	8347 165
98	8059	0.7	1	7896 163
99	7443	0.7	1	7287 156
100	6339	0.7	1	6182 157
101	5595	0.7	1	5473 122
102	4824	0.7	1	4709 115
103	4443	0.7	1	4343 100
104	3661	0.7	1	3573 88
105	3370	0.7	1	3289 81
106	3376	0.7	1	3292 84
107	3414	0.7	1	3329 85
108	3131	0.7	1	3061 70
109	2902	0.7	1	2828 74
110	2624	0.7	1	2576 48
111	2249	0.7	1	2180 69
112	1856	0.7	1	1795 61
113	1539	0.7	1	1484 55
114	1377	0.7	1	1323 54
115	1151	0.7	1	1104 47
116	1128	0.7	1	1100 28
117	1022	0.7	1	991 31
118	906	0.7	1	880 26
119	884	0.7	1	854 30
120	852	0.7	1	808 44
121	938	0.7	1	885 53
122	614	0.7	1	588 26
123	464	0.7	1	442 22
124	364	0.7	1	346 18
125	299	0.7	1	285 14
126	300	0.7	1	278 22
127	242	0.7	1	227 15
128	293	0.7	1	266 27
129	306	0.7	1	282 24
130	574	0.7	1	497 77
131	14214	0.7	1	13231 983
132	355	0.7	1	331 24
133	378	0.7	1	344 34
134	422	0.7	1	402 20
135	314	0.7	1	306 8
136	364	0.7	1	347 17
137	416	0.7	1	408 8
138	1411	0.7	1	1389 22
139	436	0.7	1	426 10
140	525	0.7	1	516 9
141	888	0.7	1	872 16
142	571	0.7	1	560 11
143	890	0.7	1	870 20
144	938	0.7	1	910 28
145	867	0.7	1	845 22
146	1513	0.7	1	1484 29
147	1348	0.7	1	1313 35
148	795	0.7	1	773 22
149	220	0.7	1	151 69
150	6144	0.7	1	4191 1953

RUN STATISTICS FOR INPUT FILE: /vortexfs1/omics/tepolt/raw_reads/C_maenas/Cm_yrv_2023/15-092_R2_001.fastq.gz
=============================================
49473567 sequences processed in total

Total number of sequences analysed for the sequence pair length validation: 49473567

Number of sequence pairs removed because at least one read was shorter than the length cutoff (20 bp): 404869 (0.82%)
