
SUMMARISING RUN PARAMETERS
==========================
Input filename: /vortexfs1/omics/tepolt/raw_reads/C_maenas/Cm_yrv_2023/15-091_R1_001.fastq.gz
Trimming mode: paired-end
Trim Galore version: 0.6.6
Cutadapt version: 3.5
Python version: could not detect
Number of cores used for trimming: 8
Quality Phred score cutoff: 20
Quality encoding type selected: ASCII+33
Adapter sequence: 'AGATCGGAAGAGC' (Illumina TruSeq, Sanger iPCR; user defined)
Maximum trimming error rate: 0.1 (default)
Minimum required adapter overlap (stringency): 1 bp
Minimum required sequence length for both reads before a sequence pair gets removed: 20 bp
Running FastQC on the data once trimming has completed
Running FastQC with the following extra arguments: --outdir /vortexfs1/scratch/yaamini.venkataraman/wc-green-crab/output/06b-trimgalore     --threads 28
Output file will be GZIP compressed


This is cutadapt 3.5 with Python 3.9.5
Command line parameters: -j 8 -e 0.1 -q 20 -O 1 -a AGATCGGAAGAGC /vortexfs1/omics/tepolt/raw_reads/C_maenas/Cm_yrv_2023/15-091_R1_001.fastq.gz
Processing reads on 8 cores in single-end mode ...
Finished in 93.52 s (2 µs/read; 28.77 M reads/minute).

=== Summary ===

Total reads processed:              44,844,801
Reads with adapters:                25,307,832 (56.4%)
Reads written (passing filters):    44,844,801 (100.0%)

Total basepairs processed: 6,726,720,150 bp
Quality-trimmed:              15,125,277 bp (0.2%)
Total written (filtered):  6,146,281,687 bp (91.4%)

=== Adapter 1 ===

Sequence: AGATCGGAAGAGC; Type: regular 3'; Length: 13; Trimmed: 25307832 times

Minimum overlap: 1
No. of allowed errors:
1-9 bp: 0; 10-13 bp: 1

Bases preceding removed adapters:
  A: 20.2%
  C: 27.9%
  G: 23.2%
  T: 25.6%
  none/other: 3.1%

Overview of removed sequences
length	count	expect	max.err	error counts
1	7971385	11211200.2	0	7971385
2	2024423	2802800.1	0	2024423
3	919910	700700.0	0	919910
4	364554	175175.0	0	364554
5	286323	43793.8	0	286323
6	252747	10948.4	0	252747
7	253698	2737.1	0	253698
8	245911	684.3	0	245911
9	239669	171.1	0	237877 1792
10	241188	42.8	1	236214 4974
11	240150	10.7	1	235127 5023
12	246789	2.7	1	241345 5444
13	252650	0.7	1	246317 6333
14	252455	0.7	1	246476 5979
15	276533	0.7	1	269628 6905
16	260303	0.7	1	253914 6389
17	261726	0.7	1	254737 6989
18	259015	0.7	1	253158 5857
19	258647	0.7	1	252438 6209
20	257434	0.7	1	250996 6438
21	251030	0.7	1	244608 6422
22	247949	0.7	1	242194 5755
23	260357	0.7	1	253945 6412
24	258679	0.7	1	252469 6210
25	265640	0.7	1	258758 6882
26	256740	0.7	1	250369 6371
27	255836	0.7	1	249344 6492
28	250516	0.7	1	244052 6464
29	240952	0.7	1	235120 5832
30	232530	0.7	1	227037 5493
31	234620	0.7	1	228820 5800
32	236335	0.7	1	230410 5925
33	235207	0.7	1	229067 6140
34	234469	0.7	1	228441 6028
35	236047	0.7	1	229916 6131
36	237372	0.7	1	231094 6278
37	231597	0.7	1	225724 5873
38	239689	0.7	1	233366 6323
39	222036	0.7	1	215959 6077
40	222237	0.7	1	216555 5682
41	211000	0.7	1	205383 5617
42	207309	0.7	1	201487 5822
43	204899	0.7	1	198177 6722
44	274994	0.7	1	267243 7751
45	182034	0.7	1	176603 5431
46	242763	0.7	1	238146 4617
47	133451	0.7	1	125269 8182
48	595440	0.7	1	587774 7666
49	174670	0.7	1	170827 3843
50	52903	0.7	1	50392 2511
51	138648	0.7	1	136043 2605
52	139456	0.7	1	137321 2135
53	67655	0.7	1	64693 2962
54	204162	0.7	1	202364 1798
55	39570	0.7	1	37728 1842
56	102170	0.7	1	100733 1437
57	65155	0.7	1	63463 1692
58	82171	0.7	1	79082 3089
59	211754	0.7	1	209624 2130
60	56025	0.7	1	53786 2239
61	125074	0.7	1	123948 1126
62	11581	0.7	1	10822 759
63	20811	0.7	1	19980 831
64	54164	0.7	1	52274 1890
65	141120	0.7	1	139995 1125
66	8098	0.7	1	7493 605
67	5772	0.7	1	5203 569
68	37907	0.7	1	37153 754
69	40325	0.7	1	39493 832
70	41852	0.7	1	41140 712
71	31729	0.7	1	31284 445
72	12753	0.7	1	12422 331
73	10022	0.7	1	9593 429
74	24201	0.7	1	23678 523
75	26532	0.7	1	25988 544
76	25326	0.7	1	24764 562
77	23830	0.7	1	23322 508
78	22266	0.7	1	21778 488
79	20035	0.7	1	19585 450
80	18501	0.7	1	18049 452
81	16893	0.7	1	16461 432
82	14969	0.7	1	14606 363
83	13407	0.7	1	13063 344
84	12171	0.7	1	11875 296
85	11501	0.7	1	11212 289
86	10894	0.7	1	10595 299
87	10283	0.7	1	10021 262
88	9497	0.7	1	9243 254
89	8739	0.7	1	8474 265
90	7896	0.7	1	7703 193
91	7515	0.7	1	7318 197
92	7003	0.7	1	6845 158
93	6130	0.7	1	5957 173
94	5464	0.7	1	5329 135
95	4918	0.7	1	4788 130
96	4495	0.7	1	4382 113
97	4588	0.7	1	4473 115
98	4285	0.7	1	4172 113
99	3863	0.7	1	3752 111
100	3433	0.7	1	3336 97
101	2940	0.7	1	2869 71
102	2620	0.7	1	2535 85
103	2534	0.7	1	2451 83
104	2178	0.7	1	2133 45
105	2055	0.7	1	1993 62
106	1924	0.7	1	1861 63
107	2044	0.7	1	1984 60
108	1945	0.7	1	1881 64
109	1722	0.7	1	1675 47
110	1449	0.7	1	1398 51
111	1434	0.7	1	1361 73
112	1126	0.7	1	1070 56
113	999	0.7	1	903 96
114	879	0.7	1	843 36
115	779	0.7	1	737 42
116	782	0.7	1	733 49
117	667	0.7	1	632 35
118	719	0.7	1	684 35
119	591	0.7	1	552 39
120	639	0.7	1	595 44
121	531	0.7	1	496 35
122	427	0.7	1	391 36
123	336	0.7	1	299 37
124	277	0.7	1	240 37
125	280	0.7	1	231 49
126	215	0.7	1	177 38
127	274	0.7	1	221 53
128	257	0.7	1	204 53
129	236	0.7	1	188 48
130	447	0.7	1	360 87
131	9838	0.7	1	9609 229
132	356	0.7	1	256 100
133	302	0.7	1	221 81
134	486	0.7	1	404 82
135	358	0.7	1	275 83
136	363	0.7	1	273 90
137	424	0.7	1	327 97
138	722	0.7	1	624 98
139	497	0.7	1	395 102
140	600	0.7	1	485 115
141	966	0.7	1	816 150
142	665	0.7	1	516 149
143	951	0.7	1	783 168
144	1091	0.7	1	883 208
145	1032	0.7	1	792 240
146	1513	0.7	1	1235 278
147	1694	0.7	1	1166 528
148	1764	0.7	1	1048 716
149	12014	0.7	1	339 11675
150	767470	0.7	1	10391 757079

RUN STATISTICS FOR INPUT FILE: /vortexfs1/omics/tepolt/raw_reads/C_maenas/Cm_yrv_2023/15-091_R1_001.fastq.gz
=============================================
44844801 sequences processed in total

