
SUMMARISING RUN PARAMETERS
==========================
Input filename: /vortexfs1/omics/tepolt/raw_reads/C_maenas/Cm_yrv_2023/15-033_R2_001.fastq.gz
Trimming mode: paired-end
Trim Galore version: 0.6.6
Cutadapt version: 3.5
Python version: could not detect
Number of cores used for trimming: 8
Quality Phred score cutoff: 20
Quality encoding type selected: ASCII+33
Adapter sequence: 'AGATCGGAAGAGC' (Illumina TruSeq, Sanger iPCR; user defined)
Maximum trimming error rate: 0.1 (default)
Minimum required adapter overlap (stringency): 1 bp
Minimum required sequence length for both reads before a sequence pair gets removed: 20 bp
Running FastQC on the data once trimming has completed
Running FastQC with the following extra arguments: --outdir /vortexfs1/scratch/yaamini.venkataraman/wc-green-crab/output/06b-trimgalore     --threads 28
Output file will be GZIP compressed


This is cutadapt 3.5 with Python 3.9.5
Command line parameters: -j 8 -e 0.1 -q 20 -O 1 -a AGATCGGAAGAGC /vortexfs1/omics/tepolt/raw_reads/C_maenas/Cm_yrv_2023/15-033_R2_001.fastq.gz
Processing reads on 8 cores in single-end mode ...
Finished in 113.35 s (2 µs/read; 24.87 M reads/minute).

=== Summary ===

Total reads processed:              46,978,803
Reads with adapters:                22,256,019 (47.4%)
Reads written (passing filters):    46,978,803 (100.0%)

Total basepairs processed: 7,046,820,450 bp
Quality-trimmed:              18,022,002 bp (0.3%)
Total written (filtered):  6,790,131,033 bp (96.4%)

=== Adapter 1 ===

Sequence: AGATCGGAAGAGC; Type: regular 3'; Length: 13; Trimmed: 22256019 times

Minimum overlap: 1
No. of allowed errors:
1-9 bp: 0; 10-13 bp: 1

Bases preceding removed adapters:
  A: 25.5%
  C: 29.8%
  G: 26.6%
  T: 18.0%
  none/other: 0.0%

Overview of removed sequences
length	count	expect	max.err	error counts
1	10251042	11744700.8	0	10251042
2	2739889	2936175.2	0	2739889
3	998537	734043.8	0	998537
4	418413	183510.9	0	418413
5	277667	45877.7	0	277667
6	235759	11469.4	0	235759
7	230154	2867.4	0	230154
8	223021	716.8	0	223021
9	212108	179.2	0	211253 855
10	211751	44.8	1	207791 3960
11	203766	11.2	1	199768 3998
12	208475	2.8	1	203819 4656
13	201889	0.7	1	198222 3667
14	209075	0.7	1	204144 4931
15	222236	0.7	1	217041 5195
16	197471	0.7	1	193243 4228
17	200869	0.7	1	195534 5335
18	195044	0.7	1	190109 4935
19	207604	0.7	1	201512 6092
20	194645	0.7	1	189934 4711
21	165348	0.7	1	161414 3934
22	163962	0.7	1	160082 3880
23	176282	0.7	1	172057 4225
24	173129	0.7	1	168338 4791
25	166550	0.7	1	162450 4100
26	163828	0.7	1	159549 4279
27	175947	0.7	1	171350 4597
28	142017	0.7	1	138597 3420
29	141755	0.7	1	138458 3297
30	134762	0.7	1	131802 2960
31	130050	0.7	1	127533 2517
32	132136	0.7	1	129323 2813
33	136167	0.7	1	133148 3019
34	133977	0.7	1	131157 2820
35	111358	0.7	1	109221 2137
36	124393	0.7	1	121851 2542
37	111205	0.7	1	108904 2301
38	119597	0.7	1	117009 2588
39	129342	0.7	1	126665 2677
40	80949	0.7	1	79161 1788
41	93516	0.7	1	91651 1865
42	85890	0.7	1	84186 1704
43	89592	0.7	1	87621 1971
44	79780	0.7	1	78257 1523
45	91573	0.7	1	89455 2118
46	71405	0.7	1	69798 1607
47	68607	0.7	1	67183 1424
48	74028	0.7	1	72545 1483
49	62337	0.7	1	61149 1188
50	57282	0.7	1	56177 1105
51	54419	0.7	1	53206 1213
52	54125	0.7	1	52893 1232
53	44723	0.7	1	43812 911
54	45313	0.7	1	44356 957
55	45351	0.7	1	44295 1056
56	38653	0.7	1	37831 822
57	39601	0.7	1	38710 891
58	42175	0.7	1	41276 899
59	31245	0.7	1	30559 686
60	30751	0.7	1	30173 578
61	26956	0.7	1	26473 483
62	27385	0.7	1	26901 484
63	21076	0.7	1	20659 417
64	24581	0.7	1	24122 459
65	16852	0.7	1	16497 355
66	17851	0.7	1	17509 342
67	17249	0.7	1	16932 317
68	14398	0.7	1	14106 292
69	12107	0.7	1	11874 233
70	15056	0.7	1	14747 309
71	7075	0.7	1	6881 194
72	8790	0.7	1	8605 185
73	8690	0.7	1	8500 190
74	8384	0.7	1	8204 180
75	8535	0.7	1	8393 142
76	2500	0.7	1	2419 81
77	5440	0.7	1	5340 100
78	5240	0.7	1	5113 127
79	4653	0.7	1	4536 117
80	4248	0.7	1	4121 127
81	3743	0.7	1	3633 110
82	3319	0.7	1	3226 93
83	2972	0.7	1	2882 90
84	2644	0.7	1	2533 111
85	2456	0.7	1	2298 158
86	2281	0.7	1	2199 82
87	2297	0.7	1	2233 64
88	2089	0.7	1	2021 68
89	2000	0.7	1	1946 54
90	1764	0.7	1	1702 62
91	1595	0.7	1	1523 72
92	1449	0.7	1	1392 57
93	1294	0.7	1	1237 57
94	1186	0.7	1	1128 58
95	1060	0.7	1	1017 43
96	948	0.7	1	906 42
97	888	0.7	1	854 34
98	884	0.7	1	836 48
99	844	0.7	1	799 45
100	749	0.7	1	709 40
101	682	0.7	1	640 42
102	584	0.7	1	547 37
103	581	0.7	1	538 43
104	582	0.7	1	540 42
105	505	0.7	1	475 30
106	514	0.7	1	487 27
107	553	0.7	1	509 44
108	535	0.7	1	475 60
109	449	0.7	1	404 45
110	437	0.7	1	402 35
111	404	0.7	1	367 37
112	377	0.7	1	332 45
113	368	0.7	1	323 45
114	369	0.7	1	332 37
115	366	0.7	1	307 59
116	320	0.7	1	275 45
117	296	0.7	1	251 45
118	310	0.7	1	258 52
119	364	0.7	1	302 62
120	680	0.7	1	529 151
121	851	0.7	1	638 213
122	467	0.7	1	394 73
123	238	0.7	1	203 35
124	149	0.7	1	131 18
125	133	0.7	1	109 24
126	127	0.7	1	110 17
127	156	0.7	1	122 34
128	195	0.7	1	133 62
129	248	0.7	1	175 73
130	1622	0.7	1	1206 416
131	82847	0.7	1	76683 6164
132	236	0.7	1	222 14
133	161	0.7	1	145 16
134	208	0.7	1	198 10
135	112	0.7	1	108 4
136	130	0.7	1	117 13
137	103	0.7	1	100 3
138	219	0.7	1	209 10
139	127	0.7	1	123 4
140	156	0.7	1	150 6
141	361	0.7	1	357 4
142	138	0.7	1	134 4
143	350	0.7	1	343 7
144	312	0.7	1	302 10
145	288	0.7	1	280 8
146	394	0.7	1	380 14
147	303	0.7	1	287 16
148	225	0.7	1	219 6
149	235	0.7	1	170 65
150	9589	0.7	1	7913 1676

RUN STATISTICS FOR INPUT FILE: /vortexfs1/omics/tepolt/raw_reads/C_maenas/Cm_yrv_2023/15-033_R2_001.fastq.gz
=============================================
46978803 sequences processed in total

Total number of sequences analysed for the sequence pair length validation: 46978803

Number of sequence pairs removed because at least one read was shorter than the length cutoff (20 bp): 604324 (1.29%)
