
SUMMARISING RUN PARAMETERS
==========================
Input filename: /vortexfs1/omics/tepolt/raw_reads/C_maenas/Cm_yrv_2023/15-152_R1_001.fastq.gz
Trimming mode: paired-end
Trim Galore version: 0.6.6
Cutadapt version: 3.5
Python version: could not detect
Number of cores used for trimming: 8
Quality Phred score cutoff: 20
Quality encoding type selected: ASCII+33
Adapter sequence: 'AGATCGGAAGAGC' (Illumina TruSeq, Sanger iPCR; user defined)
Maximum trimming error rate: 0.1 (default)
Minimum required adapter overlap (stringency): 1 bp
Minimum required sequence length for both reads before a sequence pair gets removed: 20 bp
Running FastQC on the data once trimming has completed
Running FastQC with the following extra arguments: --outdir /vortexfs1/scratch/yaamini.venkataraman/wc-green-crab/output/06b-trimgalore     --threads 28
Output file will be GZIP compressed


This is cutadapt 3.5 with Python 3.9.5
Command line parameters: -j 8 -e 0.1 -q 20 -O 1 -a AGATCGGAAGAGC /vortexfs1/omics/tepolt/raw_reads/C_maenas/Cm_yrv_2023/15-152_R1_001.fastq.gz
Processing reads on 8 cores in single-end mode ...
Finished in 74.63 s (2 µs/read; 26.45 M reads/minute).

=== Summary ===

Total reads processed:              32,902,125
Reads with adapters:                17,479,079 (53.1%)
Reads written (passing filters):    32,902,125 (100.0%)

Total basepairs processed: 4,935,318,750 bp
Quality-trimmed:               6,699,002 bp (0.1%)
Total written (filtered):  4,613,503,350 bp (93.5%)

=== Adapter 1 ===

Sequence: AGATCGGAAGAGC; Type: regular 3'; Length: 13; Trimmed: 17479079 times

Minimum overlap: 1
No. of allowed errors:
1-9 bp: 0; 10-13 bp: 1

Bases preceding removed adapters:
  A: 19.9%
  C: 28.5%
  G: 24.0%
  T: 25.2%
  none/other: 2.5%

Overview of removed sequences
length	count	expect	max.err	error counts
1	5950112	8225531.2	0	5950112
2	1651777	2056382.8	0	1651777
3	850018	514095.7	0	850018
4	311341	128523.9	0	311341
5	232269	32131.0	0	232269
6	206681	8032.7	0	206681
7	205965	2008.2	0	205965
8	199747	502.0	0	199747
9	198995	125.5	0	195320 3675
10	198748	31.4	1	192213 6535
11	195828	7.8	1	189764 6064
12	198423	2.0	1	192030 6393
13	202764	0.5	1	196014 6750
14	207422	0.5	1	200677 6745
15	219378	0.5	1	212106 7272
16	204986	0.5	1	198100 6886
17	201502	0.5	1	194745 6757
18	195656	0.5	1	189654 6002
19	195220	0.5	1	188815 6405
20	193173	0.5	1	186784 6389
21	185147	0.5	1	178792 6355
22	179458	0.5	1	173600 5858
23	182546	0.5	1	176380 6166
24	178342	0.5	1	172484 5858
25	178744	0.5	1	172799 5945
26	176362	0.5	1	170493 5869
27	174441	0.5	1	168587 5854
28	166419	0.5	1	160758 5661
29	158463	0.5	1	153200 5263
30	151960	0.5	1	147051 4909
31	152082	0.5	1	147076 5006
32	151266	0.5	1	146224 5042
33	147496	0.5	1	142580 4916
34	145077	0.5	1	140206 4871
35	141827	0.5	1	137094 4733
36	139210	0.5	1	134253 4957
37	137460	0.5	1	132712 4748
38	136176	0.5	1	131282 4894
39	126108	0.5	1	121792 4316
40	122939	0.5	1	118568 4371
41	115290	0.5	1	111302 3988
42	107446	0.5	1	103703 3743
43	106487	0.5	1	101859 4628
44	138783	0.5	1	133958 4825
45	91866	0.5	1	87863 4003
46	129143	0.5	1	127075 2068
47	27900	0.5	1	25025 2875
48	111271	0.5	1	107713 3558
49	90816	0.5	1	88403 2413
50	59329	0.5	1	57292 2037
51	64689	0.5	1	62540 2149
52	73376	0.5	1	71503 1873
53	48454	0.5	1	46549 1905
54	66967	0.5	1	65500 1467
55	39306	0.5	1	37906 1400
56	49735	0.5	1	48394 1341
57	43159	0.5	1	41929 1230
58	40445	0.5	1	38858 1587
59	52887	0.5	1	51508 1379
60	38018	0.5	1	36655 1363
61	48236	0.5	1	47334 902
62	21792	0.5	1	21102 690
63	21967	0.5	1	21272 695
64	23993	0.5	1	22893 1100
65	45057	0.5	1	44371 686
66	14770	0.5	1	14373 397
67	8966	0.5	1	8494 472
68	18195	0.5	1	17656 539
69	16178	0.5	1	15701 477
70	16269	0.5	1	15899 370
71	11885	0.5	1	11697 188
72	4588	0.5	1	4421 167
73	5247	0.5	1	5036 211
74	8272	0.5	1	8015 257
75	8142	0.5	1	7898 244
76	7496	0.5	1	7282 214
77	6998	0.5	1	6783 215
78	6429	0.5	1	6225 204
79	5908	0.5	1	5698 210
80	5128	0.5	1	4927 201
81	4553	0.5	1	4374 179
82	4152	0.5	1	3994 158
83	3666	0.5	1	3546 120
84	3259	0.5	1	3149 110
85	3519	0.5	1	3410 109
86	3013	0.5	1	2910 103
87	2628	0.5	1	2536 92
88	2587	0.5	1	2508 79
89	2247	0.5	1	2163 84
90	2090	0.5	1	2015 75
91	1811	0.5	1	1737 74
92	1756	0.5	1	1684 72
93	1533	0.5	1	1466 67
94	1341	0.5	1	1278 63
95	1209	0.5	1	1154 55
96	1110	0.5	1	1050 60
97	1088	0.5	1	1045 43
98	1047	0.5	1	990 57
99	975	0.5	1	934 41
100	902	0.5	1	858 44
101	752	0.5	1	719 33
102	689	0.5	1	655 34
103	640	0.5	1	594 46
104	559	0.5	1	523 36
105	514	0.5	1	486 28
106	524	0.5	1	494 30
107	535	0.5	1	503 32
108	480	0.5	1	444 36
109	451	0.5	1	410 41
110	443	0.5	1	404 39
111	386	0.5	1	312 74
112	338	0.5	1	283 55
113	313	0.5	1	277 36
114	293	0.5	1	247 46
115	301	0.5	1	253 48
116	249	0.5	1	226 23
117	230	0.5	1	210 20
118	218	0.5	1	189 29
119	211	0.5	1	190 21
120	324	0.5	1	291 33
121	369	0.5	1	341 28
122	232	0.5	1	221 11
123	172	0.5	1	140 32
124	127	0.5	1	95 32
125	98	0.5	1	73 25
126	92	0.5	1	65 27
127	96	0.5	1	71 25
128	151	0.5	1	110 41
129	128	0.5	1	86 42
130	487	0.5	1	410 77
131	22099	0.5	1	21719 380
132	163	0.5	1	107 56
133	127	0.5	1	79 48
134	246	0.5	1	200 46
135	168	0.5	1	107 61
136	126	0.5	1	69 57
137	163	0.5	1	110 53
138	283	0.5	1	220 63
139	149	0.5	1	89 60
140	194	0.5	1	129 65
141	344	0.5	1	268 76
142	202	0.5	1	128 74
143	275	0.5	1	193 82
144	345	0.5	1	241 104
145	305	0.5	1	171 134
146	439	0.5	1	261 178
147	546	0.5	1	242 304
148	630	0.5	1	201 429
149	8060	0.5	1	207 7853
150	436916	0.5	1	7602 429314

RUN STATISTICS FOR INPUT FILE: /vortexfs1/omics/tepolt/raw_reads/C_maenas/Cm_yrv_2023/15-152_R1_001.fastq.gz
=============================================
32902125 sequences processed in total

