
SUMMARISING RUN PARAMETERS
==========================
Input filename: /vortexfs1/omics/tepolt/raw_reads/C_maenas/Cm_yrv_2023/15-161_R1_001.fastq.gz
Trimming mode: paired-end
Trim Galore version: 0.6.6
Cutadapt version: 3.5
Python version: could not detect
Number of cores used for trimming: 8
Quality Phred score cutoff: 20
Quality encoding type selected: ASCII+33
Adapter sequence: 'AGATCGGAAGAGC' (Illumina TruSeq, Sanger iPCR; user defined)
Maximum trimming error rate: 0.1 (default)
Minimum required adapter overlap (stringency): 1 bp
Minimum required sequence length for both reads before a sequence pair gets removed: 20 bp
Running FastQC on the data once trimming has completed
Running FastQC with the following extra arguments: --outdir /vortexfs1/scratch/yaamini.venkataraman/wc-green-crab/output/06b-trimgalore     --threads 28
Output file will be GZIP compressed


This is cutadapt 3.5 with Python 3.9.5
Command line parameters: -j 8 -e 0.1 -q 20 -O 1 -a AGATCGGAAGAGC /vortexfs1/omics/tepolt/raw_reads/C_maenas/Cm_yrv_2023/15-161_R1_001.fastq.gz
Processing reads on 8 cores in single-end mode ...
Finished in 111.82 s (2 µs/read; 28.55 M reads/minute).

=== Summary ===

Total reads processed:              53,205,605
Reads with adapters:                30,640,356 (57.6%)
Reads written (passing filters):    53,205,605 (100.0%)

Total basepairs processed: 7,980,840,750 bp
Quality-trimmed:              24,688,868 bp (0.3%)
Total written (filtered):  7,273,333,259 bp (91.1%)

=== Adapter 1 ===

Sequence: AGATCGGAAGAGC; Type: regular 3'; Length: 13; Trimmed: 30640356 times

Minimum overlap: 1
No. of allowed errors:
1-9 bp: 0; 10-13 bp: 1

Bases preceding removed adapters:
  A: 19.6%
  C: 28.7%
  G: 23.6%
  T: 25.5%
  none/other: 2.7%

Overview of removed sequences
length	count	expect	max.err	error counts
1	9195873	13301401.2	0	9195873
2	2410847	3325350.3	0	2410847
3	1079455	831337.6	0	1079455
4	439993	207834.4	0	439993
5	348358	51958.6	0	348358
6	309986	12989.6	0	309986
7	312217	3247.4	0	312217
8	299108	811.9	0	299108
9	296868	203.0	0	295168 1700
10	299673	50.7	1	293763 5910
11	300777	12.7	1	294957 5820
12	307224	3.2	1	301029 6195
13	314237	0.8	1	307044 7193
14	316318	0.8	1	309302 7016
15	345021	0.8	1	337132 7889
16	322601	0.8	1	315415 7186
17	328350	0.8	1	320016 8334
18	323933	0.8	1	317214 6719
19	326851	0.8	1	319542 7309
20	322441	0.8	1	315356 7085
21	316691	0.8	1	309120 7571
22	313279	0.8	1	306608 6671
23	327020	0.8	1	319593 7427
24	327193	0.8	1	319892 7301
25	329327	0.8	1	321626 7701
26	323552	0.8	1	316238 7314
27	322070	0.8	1	314593 7477
28	314873	0.8	1	307337 7536
29	305948	0.8	1	299344 6604
30	295599	0.8	1	289461 6138
31	299806	0.8	1	293163 6643
32	302883	0.8	1	295986 6897
33	298337	0.8	1	291414 6923
34	301854	0.8	1	294809 7045
35	299803	0.8	1	292963 6840
36	299958	0.8	1	292584 7374
37	297564	0.8	1	290636 6928
38	303501	0.8	1	295921 7580
39	283017	0.8	1	275951 7066
40	281888	0.8	1	275285 6603
41	270408	0.8	1	263866 6542
42	267561	0.8	1	260830 6731
43	258383	0.8	1	250998 7385
44	353218	0.8	1	343185 10033
45	256770	0.8	1	249487 7283
46	356916	0.8	1	351119 5797
47	128623	0.8	1	118167 10456
48	1040111	0.8	1	1027304 12807
49	560762	0.8	1	552949 7813
50	96301	0.8	1	92711 3590
51	87644	0.8	1	85160 2484
52	185783	0.8	1	183828 1955
53	33672	0.8	1	31440 2232
54	184244	0.8	1	182873 1371
55	23935	0.8	1	22736 1199
56	63957	0.8	1	63083 874
57	26471	0.8	1	25283 1188
58	74093	0.8	1	71683 2410
59	229040	0.8	1	227101 1939
60	27086	0.8	1	25176 1910
61	90652	0.8	1	89631 1021
62	9556	0.8	1	8913 643
63	8797	0.8	1	8169 628
64	55502	0.8	1	53974 1528
65	140348	0.8	1	139124 1224
66	17412	0.8	1	16675 737
67	5617	0.8	1	5192 425
68	24074	0.8	1	23494 580
69	38156	0.8	1	37467 689
70	39163	0.8	1	38524 639
71	30105	0.8	1	29656 449
72	13410	0.8	1	13100 310
73	11549	0.8	1	11110 439
74	29729	0.8	1	29210 519
75	32265	0.8	1	31715 550
76	30277	0.8	1	29721 556
77	28244	0.8	1	27663 581
78	26184	0.8	1	25646 538
79	24107	0.8	1	23610 497
80	21428	0.8	1	20978 450
81	19359	0.8	1	18905 454
82	17095	0.8	1	16673 422
83	15107	0.8	1	14727 380
84	13927	0.8	1	13616 311
85	12781	0.8	1	12477 304
86	12817	0.8	1	12529 288
87	11443	0.8	1	11173 270
88	10537	0.8	1	10292 245
89	9354	0.8	1	9097 257
90	8634	0.8	1	8416 218
91	7646	0.8	1	7476 170
92	7148	0.8	1	6988 160
93	6163	0.8	1	6001 162
94	5432	0.8	1	5308 124
95	4713	0.8	1	4563 150
96	4372	0.8	1	4252 120
97	4291	0.8	1	4158 133
98	4122	0.8	1	4006 116
99	3631	0.8	1	3517 114
100	3214	0.8	1	3136 78
101	2834	0.8	1	2745 89
102	2475	0.8	1	2396 79
103	2301	0.8	1	2221 80
104	1967	0.8	1	1887 80
105	1785	0.8	1	1713 72
106	1666	0.8	1	1606 60
107	1747	0.8	1	1686 61
108	1578	0.8	1	1506 72
109	1387	0.8	1	1321 66
110	1212	0.8	1	1156 56
111	1071	0.8	1	990 81
112	940	0.8	1	872 68
113	755	0.8	1	713 42
114	799	0.8	1	745 54
115	743	0.8	1	704 39
116	699	0.8	1	648 51
117	533	0.8	1	506 27
118	529	0.8	1	483 46
119	571	0.8	1	526 45
120	774	0.8	1	731 43
121	845	0.8	1	804 41
122	532	0.8	1	502 30
123	313	0.8	1	280 33
124	251	0.8	1	206 45
125	268	0.8	1	222 46
126	219	0.8	1	177 42
127	235	0.8	1	185 50
128	286	0.8	1	219 67
129	308	0.8	1	243 65
130	1221	0.8	1	1116 105
131	54644	0.8	1	53658 986
132	363	0.8	1	265 98
133	294	0.8	1	207 87
134	511	0.8	1	399 112
135	290	0.8	1	202 88
136	287	0.8	1	207 80
137	328	0.8	1	220 108
138	613	0.8	1	500 113
139	350	0.8	1	230 120
140	455	0.8	1	328 127
141	817	0.8	1	670 147
142	478	0.8	1	330 148
143	767	0.8	1	584 183
144	769	0.8	1	557 212
145	806	0.8	1	520 286
146	1122	0.8	1	823 299
147	1303	0.8	1	706 597
148	1306	0.8	1	555 751
149	11682	0.8	1	317 11365
150	804694	0.8	1	11011 793683

RUN STATISTICS FOR INPUT FILE: /vortexfs1/omics/tepolt/raw_reads/C_maenas/Cm_yrv_2023/15-161_R1_001.fastq.gz
=============================================
53205605 sequences processed in total

