
SUMMARISING RUN PARAMETERS
==========================
Input filename: /vortexfs1/omics/tepolt/raw_reads/C_maenas/Cm_yrv_2023/15-152_R2_001.fastq.gz
Trimming mode: paired-end
Trim Galore version: 0.6.6
Cutadapt version: 3.5
Python version: could not detect
Number of cores used for trimming: 8
Quality Phred score cutoff: 20
Quality encoding type selected: ASCII+33
Adapter sequence: 'AGATCGGAAGAGC' (Illumina TruSeq, Sanger iPCR; user defined)
Maximum trimming error rate: 0.1 (default)
Minimum required adapter overlap (stringency): 1 bp
Minimum required sequence length for both reads before a sequence pair gets removed: 20 bp
Running FastQC on the data once trimming has completed
Running FastQC with the following extra arguments: --outdir /vortexfs1/scratch/yaamini.venkataraman/wc-green-crab/output/06b-trimgalore     --threads 28
Output file will be GZIP compressed


This is cutadapt 3.5 with Python 3.9.5
Command line parameters: -j 8 -e 0.1 -q 20 -O 1 -a AGATCGGAAGAGC /vortexfs1/omics/tepolt/raw_reads/C_maenas/Cm_yrv_2023/15-152_R2_001.fastq.gz
Processing reads on 8 cores in single-end mode ...
Finished in 83.62 s (3 µs/read; 23.61 M reads/minute).

=== Summary ===

Total reads processed:              32,902,125
Reads with adapters:                17,373,748 (52.8%)
Reads written (passing filters):    32,902,125 (100.0%)

Total basepairs processed: 4,935,318,750 bp
Quality-trimmed:              28,620,756 bp (0.6%)
Total written (filtered):  4,660,752,727 bp (94.4%)

=== Adapter 1 ===

Sequence: AGATCGGAAGAGC; Type: regular 3'; Length: 13; Trimmed: 17373748 times

Minimum overlap: 1
No. of allowed errors:
1-9 bp: 0; 10-13 bp: 1

Bases preceding removed adapters:
  A: 23.3%
  C: 32.4%
  G: 26.5%
  T: 17.8%
  none/other: 0.1%

Overview of removed sequences
length	count	expect	max.err	error counts
1	6467555	8225531.2	0	6467555
2	1750930	2056382.8	0	1750930
3	673650	514095.7	0	673650
4	318490	128523.9	0	318490
5	232424	32131.0	0	232424
6	208633	8032.7	0	208633
7	206966	2008.2	0	206966
8	199925	502.0	0	199925
9	195196	125.5	0	194458 738
10	196976	31.4	1	192930 4046
11	192768	7.8	1	188575 4193
12	199758	2.0	1	194806 4952
13	197021	0.5	1	192541 4480
14	206330	0.5	1	200963 5367
15	222256	0.5	1	216283 5973
16	195426	0.5	1	190360 5066
17	199430	0.5	1	193354 6076
18	194782	0.5	1	188839 5943
19	206720	0.5	1	199953 6767
20	198151	0.5	1	192640 5511
21	168920	0.5	1	164266 4654
22	170563	0.5	1	165836 4727
23	179449	0.5	1	174421 5028
24	187390	0.5	1	181073 6317
25	168711	0.5	1	164028 4683
26	174532	0.5	1	169495 5037
27	191369	0.5	1	185670 5699
28	149822	0.5	1	145857 3965
29	158006	0.5	1	153770 4236
30	147137	0.5	1	143653 3484
31	146055	0.5	1	142609 3446
32	146349	0.5	1	142841 3508
33	172247	0.5	1	167607 4640
34	143313	0.5	1	139743 3570
35	136806	0.5	1	133476 3330
36	121819	0.5	1	119103 2716
37	133599	0.5	1	130478 3121
38	131746	0.5	1	128643 3103
39	125953	0.5	1	122854 3099
40	121598	0.5	1	118721 2877
41	103148	0.5	1	100982 2166
42	105131	0.5	1	102613 2518
43	104063	0.5	1	101390 2673
44	94263	0.5	1	92172 2091
45	106555	0.5	1	103729 2826
46	87176	0.5	1	85019 2157
47	82026	0.5	1	80114 1912
48	88902	0.5	1	86816 2086
49	73400	0.5	1	71660 1740
50	67096	0.5	1	65423 1673
51	65553	0.5	1	63870 1683
52	65227	0.5	1	63553 1674
53	53668	0.5	1	52476 1192
54	55104	0.5	1	53758 1346
55	53833	0.5	1	52458 1375
56	47896	0.5	1	46798 1098
57	48700	0.5	1	47569 1131
58	52199	0.5	1	50863 1336
59	38729	0.5	1	37722 1007
60	40352	0.5	1	39551 801
61	32777	0.5	1	32097 680
62	32825	0.5	1	32114 711
63	27554	0.5	1	27039 515
64	30184	0.5	1	29559 625
65	20751	0.5	1	20310 441
66	21964	0.5	1	21502 462
67	20914	0.5	1	20484 430
68	17924	0.5	1	17540 384
69	14662	0.5	1	14326 336
70	18735	0.5	1	18344 391
71	8430	0.5	1	8194 236
72	10680	0.5	1	10454 226
73	10583	0.5	1	10353 230
74	10811	0.5	1	10570 241
75	10351	0.5	1	10176 175
76	3006	0.5	1	2897 109
77	6507	0.5	1	6374 133
78	6285	0.5	1	6129 156
79	5776	0.5	1	5637 139
80	5008	0.5	1	4867 141
81	4524	0.5	1	4403 121
82	3974	0.5	1	3868 106
83	3604	0.5	1	3506 98
84	3183	0.5	1	3098 85
85	2984	0.5	1	2862 122
86	2908	0.5	1	2814 94
87	2572	0.5	1	2475 97
88	2503	0.5	1	2435 68
89	2195	0.5	1	2135 60
90	1992	0.5	1	1913 79
91	1760	0.5	1	1689 71
92	1685	0.5	1	1618 67
93	1457	0.5	1	1404 53
94	1266	0.5	1	1222 44
95	1148	0.5	1	1110 38
96	1064	0.5	1	1023 41
97	1027	0.5	1	987 40
98	1006	0.5	1	973 33
99	919	0.5	1	890 29
100	861	0.5	1	823 38
101	719	0.5	1	684 35
102	662	0.5	1	627 35
103	595	0.5	1	571 24
104	530	0.5	1	504 26
105	483	0.5	1	456 27
106	487	0.5	1	455 32
107	503	0.5	1	487 16
108	461	0.5	1	422 39
109	420	0.5	1	388 32
110	412	0.5	1	378 34
111	326	0.5	1	300 26
112	308	0.5	1	283 25
113	294	0.5	1	261 33
114	253	0.5	1	232 21
115	258	0.5	1	230 28
116	243	0.5	1	221 22
117	214	0.5	1	194 20
118	207	0.5	1	186 21
119	194	0.5	1	167 27
120	297	0.5	1	234 63
121	300	0.5	1	228 72
122	229	0.5	1	190 39
123	142	0.5	1	131 11
124	108	0.5	1	95 13
125	80	0.5	1	69 11
126	85	0.5	1	69 16
127	82	0.5	1	75 7
128	128	0.5	1	103 25
129	105	0.5	1	80 25
130	516	0.5	1	392 124
131	20995	0.5	1	19500 1495
132	116	0.5	1	108 8
133	87	0.5	1	77 10
134	199	0.5	1	195 4
135	111	0.5	1	102 9
136	80	0.5	1	70 10
137	113	0.5	1	107 6
138	225	0.5	1	214 11
139	98	0.5	1	94 4
140	130	0.5	1	129 1
141	272	0.5	1	268 4
142	133	0.5	1	130 3
143	201	0.5	1	199 2
144	247	0.5	1	236 11
145	177	0.5	1	168 9
146	270	0.5	1	255 15
147	250	0.5	1	234 16
148	221	0.5	1	211 10
149	267	0.5	1	182 85
150	9764	0.5	1	7670 2094

RUN STATISTICS FOR INPUT FILE: /vortexfs1/omics/tepolt/raw_reads/C_maenas/Cm_yrv_2023/15-152_R2_001.fastq.gz
=============================================
32902125 sequences processed in total

Total number of sequences analysed for the sequence pair length validation: 32902125

Number of sequence pairs removed because at least one read was shorter than the length cutoff (20 bp): 506669 (1.54%)
