
SUMMARISING RUN PARAMETERS
==========================
Input filename: /vortexfs1/omics/tepolt/raw_reads/C_maenas/Cm_yrv_2023/15-154_R1_001.fastq.gz
Trimming mode: paired-end
Trim Galore version: 0.6.6
Cutadapt version: 3.5
Python version: could not detect
Number of cores used for trimming: 8
Quality Phred score cutoff: 20
Quality encoding type selected: ASCII+33
Adapter sequence: 'AGATCGGAAGAGC' (Illumina TruSeq, Sanger iPCR; user defined)
Maximum trimming error rate: 0.1 (default)
Minimum required adapter overlap (stringency): 1 bp
Minimum required sequence length for both reads before a sequence pair gets removed: 20 bp
Running FastQC on the data once trimming has completed
Running FastQC with the following extra arguments: --outdir /vortexfs1/scratch/yaamini.venkataraman/wc-green-crab/output/06b-trimgalore     --threads 28
Output file will be GZIP compressed


This is cutadapt 3.5 with Python 3.9.5
Command line parameters: -j 8 -e 0.1 -q 20 -O 1 -a AGATCGGAAGAGC /vortexfs1/omics/tepolt/raw_reads/C_maenas/Cm_yrv_2023/15-154_R1_001.fastq.gz
Processing reads on 8 cores in single-end mode ...
Finished in 109.56 s (2 µs/read; 27.87 M reads/minute).

=== Summary ===

Total reads processed:              50,881,500
Reads with adapters:                26,978,319 (53.0%)
Reads written (passing filters):    50,881,500 (100.0%)

Total basepairs processed: 7,632,225,000 bp
Quality-trimmed:              17,630,753 bp (0.2%)
Total written (filtered):  7,136,475,441 bp (93.5%)

=== Adapter 1 ===

Sequence: AGATCGGAAGAGC; Type: regular 3'; Length: 13; Trimmed: 26978319 times

Minimum overlap: 1
No. of allowed errors:
1-9 bp: 0; 10-13 bp: 1

Bases preceding removed adapters:
  A: 21.1%
  C: 29.2%
  G: 22.0%
  T: 25.1%
  none/other: 2.7%

Overview of removed sequences
length	count	expect	max.err	error counts
1	9878978	12720375.0	0	9878978
2	2649028	3180093.8	0	2649028
3	1053684	795023.4	0	1053684
4	473113	198755.9	0	473113
5	336122	49689.0	0	336122
6	295644	12422.2	0	295644
7	294976	3105.6	0	294976
8	284821	776.4	0	284821
9	282552	194.1	0	280723 1829
10	283478	48.5	1	277862 5616
11	278595	12.1	1	272808 5787
12	278686	3.0	1	272622 6064
13	280000	0.8	1	273097 6903
14	276623	0.8	1	270277 6346
15	292913	0.8	1	285856 7057
16	286463	0.8	1	279646 6817
17	288802	0.8	1	281471 7331
18	280607	0.8	1	274435 6172
19	281017	0.8	1	274391 6626
20	274376	0.8	1	268063 6313
21	263424	0.8	1	256952 6472
22	258694	0.8	1	252924 5770
23	255100	0.8	1	249067 6033
24	260619	0.8	1	254529 6090
25	272872	0.8	1	266175 6697
26	260532	0.8	1	254173 6359
27	257362	0.8	1	251178 6184
28	241942	0.8	1	235918 6024
29	234812	0.8	1	229164 5648
30	224400	0.8	1	219332 5068
31	223548	0.8	1	218038 5510
32	222136	0.8	1	216631 5505
33	213980	0.8	1	208982 4998
34	210896	0.8	1	205842 5054
35	210733	0.8	1	205670 5063
36	207827	0.8	1	202355 5472
37	202676	0.8	1	197447 5229
38	200247	0.8	1	195274 4973
39	189415	0.8	1	184607 4808
40	182627	0.8	1	177831 4796
41	175274	0.8	1	170650 4624
42	166547	0.8	1	162192 4355
43	164113	0.8	1	159050 5063
44	217430	0.8	1	211101 6329
45	156260	0.8	1	151334 4926
46	217740	0.8	1	214294 3446
47	64142	0.8	1	56407 7735
48	662745	0.8	1	655277 7468
49	256347	0.8	1	252203 4144
50	56316	0.8	1	54543 1773
51	40643	0.8	1	39056 1587
52	101284	0.8	1	100227 1057
53	17509	0.8	1	16248 1261
54	85336	0.8	1	84659 677
55	10663	0.8	1	10029 634
56	25179	0.8	1	24770 409
57	13841	0.8	1	13227 614
58	34812	0.8	1	33496 1316
59	99991	0.8	1	99031 960
60	13066	0.8	1	12220 846
61	34415	0.8	1	33946 469
62	4682	0.8	1	4371 311
63	5132	0.8	1	4728 404
64	25893	0.8	1	25057 836
65	64271	0.8	1	63604 667
66	10335	0.8	1	9992 343
67	2828	0.8	1	2559 269
68	12462	0.8	1	12097 365
69	18454	0.8	1	18073 381
70	19224	0.8	1	18898 326
71	15295	0.8	1	15045 250
72	7451	0.8	1	7256 195
73	5084	0.8	1	4868 216
74	13036	0.8	1	12774 262
75	14115	0.8	1	13832 283
76	14045	0.8	1	13762 283
77	12962	0.8	1	12665 297
78	11972	0.8	1	11673 299
79	10738	0.8	1	10457 281
80	9899	0.8	1	9644 255
81	8979	0.8	1	8728 251
82	7755	0.8	1	7536 219
83	6871	0.8	1	6669 202
84	6185	0.8	1	6020 165
85	5913	0.8	1	5764 149
86	8171	0.8	1	7952 219
87	5528	0.8	1	5373 155
88	4972	0.8	1	4805 167
89	4403	0.8	1	4285 118
90	4112	0.8	1	3991 121
91	3716	0.8	1	3603 113
92	3525	0.8	1	3412 113
93	2954	0.8	1	2860 94
94	2742	0.8	1	2667 75
95	2433	0.8	1	2350 83
96	2360	0.8	1	2274 86
97	2222	0.8	1	2169 53
98	2077	0.8	1	2003 74
99	1926	0.8	1	1854 72
100	1705	0.8	1	1647 58
101	1587	0.8	1	1520 67
102	1296	0.8	1	1255 41
103	1310	0.8	1	1261 49
104	1103	0.8	1	1063 40
105	1035	0.8	1	992 43
106	1020	0.8	1	978 42
107	1009	0.8	1	963 46
108	929	0.8	1	879 50
109	838	0.8	1	771 67
110	799	0.8	1	751 48
111	707	0.8	1	653 54
112	616	0.8	1	563 53
113	514	0.8	1	463 51
114	517	0.8	1	479 38
115	439	0.8	1	390 49
116	406	0.8	1	365 41
117	380	0.8	1	341 39
118	445	0.8	1	400 45
119	357	0.8	1	319 38
120	345	0.8	1	305 40
121	347	0.8	1	310 37
122	320	0.8	1	277 43
123	234	0.8	1	197 37
124	187	0.8	1	151 36
125	174	0.8	1	126 48
126	162	0.8	1	121 41
127	215	0.8	1	152 63
128	162	0.8	1	108 54
129	233	0.8	1	177 56
130	314	0.8	1	233 81
131	5860	0.8	1	5666 194
132	292	0.8	1	186 106
133	248	0.8	1	163 85
134	480	0.8	1	368 112
135	340	0.8	1	231 109
136	305	0.8	1	194 111
137	380	0.8	1	260 120
138	601	0.8	1	482 119
139	389	0.8	1	264 125
140	492	0.8	1	344 148
141	1070	0.8	1	907 163
142	569	0.8	1	403 166
143	840	0.8	1	644 196
144	757	0.8	1	553 204
145	785	0.8	1	511 274
146	1173	0.8	1	858 315
147	1417	0.8	1	794 623
148	1436	0.8	1	605 831
149	12291	0.8	1	344 11947
150	706194	0.8	1	10691 695503

RUN STATISTICS FOR INPUT FILE: /vortexfs1/omics/tepolt/raw_reads/C_maenas/Cm_yrv_2023/15-154_R1_001.fastq.gz
=============================================
50881500 sequences processed in total

