
SUMMARISING RUN PARAMETERS
==========================
Input filename: /vortexfs1/omics/tepolt/raw_reads/C_maenas/Cm_yrv_2023/15-154_R2_001.fastq.gz
Trimming mode: paired-end
Trim Galore version: 0.6.6
Cutadapt version: 3.5
Python version: could not detect
Number of cores used for trimming: 8
Quality Phred score cutoff: 20
Quality encoding type selected: ASCII+33
Adapter sequence: 'AGATCGGAAGAGC' (Illumina TruSeq, Sanger iPCR; user defined)
Maximum trimming error rate: 0.1 (default)
Minimum required adapter overlap (stringency): 1 bp
Minimum required sequence length for both reads before a sequence pair gets removed: 20 bp
Running FastQC on the data once trimming has completed
Running FastQC with the following extra arguments: --outdir /vortexfs1/scratch/yaamini.venkataraman/wc-green-crab/output/06b-trimgalore     --threads 28
Output file will be GZIP compressed


This is cutadapt 3.5 with Python 3.9.5
Command line parameters: -j 8 -e 0.1 -q 20 -O 1 -a AGATCGGAAGAGC /vortexfs1/omics/tepolt/raw_reads/C_maenas/Cm_yrv_2023/15-154_R2_001.fastq.gz
Processing reads on 8 cores in single-end mode ...
Finished in 114.47 s (2 µs/read; 26.67 M reads/minute).

=== Summary ===

Total reads processed:              50,881,500
Reads with adapters:                26,849,630 (52.8%)
Reads written (passing filters):    50,881,500 (100.0%)

Total basepairs processed: 7,632,225,000 bp
Quality-trimmed:              24,094,390 bp (0.3%)
Total written (filtered):  7,231,768,469 bp (94.8%)

=== Adapter 1 ===

Sequence: AGATCGGAAGAGC; Type: regular 3'; Length: 13; Trimmed: 26849630 times

Minimum overlap: 1
No. of allowed errors:
1-9 bp: 0; 10-13 bp: 1

Bases preceding removed adapters:
  A: 23.7%
  C: 29.8%
  G: 26.5%
  T: 19.9%
  none/other: 0.1%

Overview of removed sequences
length	count	expect	max.err	error counts
1	10339211	12720375.0	0	10339211
2	2837568	3180093.8	0	2837568
3	1028183	795023.4	0	1028183
4	478058	198755.9	0	478058
5	335505	49689.0	0	335505
6	297241	12422.2	0	297241
7	296247	3105.6	0	296247
8	285644	776.4	0	285644
9	280436	194.1	0	279359 1077
10	285020	48.5	1	279768 5252
11	277292	12.1	1	272227 5065
12	286086	3.0	1	279639 6447
13	272794	0.8	1	267552 5242
14	278140	0.8	1	271242 6898
15	299035	0.8	1	291730 7305
16	276369	0.8	1	270158 6211
17	290104	0.8	1	281973 8131
18	281980	0.8	1	274035 7945
19	306679	0.8	1	297206 9473
20	278554	0.8	1	271356 7198
21	243239	0.8	1	237115 6124
22	250379	0.8	1	243797 6582
23	253958	0.8	1	247170 6788
24	278873	0.8	1	270297 8576
25	259779	0.8	1	253051 6728
26	260011	0.8	1	252861 7150
27	284194	0.8	1	276043 8151
28	225056	0.8	1	219083 5973
29	237104	0.8	1	231181 5923
30	226412	0.8	1	221023 5389
31	210832	0.8	1	206436 4396
32	218270	0.8	1	213179 5091
33	244979	0.8	1	239110 5869
34	195173	0.8	1	190627 4546
35	212353	0.8	1	207326 5027
36	352293	0.8	1	344608 7685
37	119823	0.8	1	116280 3543
38	265888	0.8	1	261054 4834
39	131714	0.8	1	128541 3173
40	198774	0.8	1	195404 3370
41	118465	0.8	1	115741 2724
42	149755	0.8	1	146811 2944
43	170427	0.8	1	166917 3510
44	131903	0.8	1	129120 2783
45	210080	0.8	1	205848 4232
46	112342	0.8	1	109591 2751
47	107866	0.8	1	105556 2310
48	160613	0.8	1	157603 3010
49	100569	0.8	1	98414 2155
50	102434	0.8	1	100292 2142
51	102876	0.8	1	100577 2299
52	114158	0.8	1	111836 2322
53	69139	0.8	1	67610 1529
54	93465	0.8	1	91493 1972
55	88981	0.8	1	87073 1908
56	72969	0.8	1	71402 1567
57	91407	0.8	1	89471 1936
58	99476	0.8	1	97728 1748
59	64454	0.8	1	63093 1361
60	57711	0.8	1	56734 977
61	44400	0.8	1	43485 915
62	61807	0.8	1	60794 1013
63	32805	0.8	1	32022 783
64	59725	0.8	1	58803 922
65	28692	0.8	1	28080 612
66	35131	0.8	1	34479 652
67	38978	0.8	1	38325 653
68	26264	0.8	1	25733 531
69	18613	0.8	1	18143 470
70	37139	0.8	1	36632 507
71	7516	0.8	1	7198 318
72	18225	0.8	1	17888 337
73	18891	0.8	1	18518 373
74	19406	0.8	1	19061 345
75	18967	0.8	1	18661 306
76	5884	0.8	1	5711 173
77	10413	0.8	1	10193 220
78	11652	0.8	1	11404 248
79	10675	0.8	1	10452 223
80	9830	0.8	1	9618 212
81	8992	0.8	1	8779 213
82	7708	0.8	1	7521 187
83	6833	0.8	1	6674 159
84	6138	0.8	1	5984 154
85	5725	0.8	1	5570 155
86	5811	0.8	1	5673 138
87	5424	0.8	1	5274 150
88	4844	0.8	1	4693 151
89	4404	0.8	1	4291 113
90	4085	0.8	1	3969 116
91	3684	0.8	1	3590 94
92	3476	0.8	1	3372 104
93	2869	0.8	1	2783 86
94	2659	0.8	1	2592 67
95	2350	0.8	1	2275 75
96	2276	0.8	1	2211 65
97	2177	0.8	1	2127 50
98	2024	0.8	1	1954 70
99	1918	0.8	1	1850 68
100	1663	0.8	1	1599 64
101	1567	0.8	1	1509 58
102	1279	0.8	1	1224 55
103	1261	0.8	1	1210 51
104	1076	0.8	1	1037 39
105	1031	0.8	1	983 48
106	1012	0.8	1	981 31
107	988	0.8	1	953 35
108	927	0.8	1	891 36
109	817	0.8	1	775 42
110	782	0.8	1	741 41
111	703	0.8	1	670 33
112	591	0.8	1	560 31
113	533	0.8	1	492 41
114	530	0.8	1	505 25
115	417	0.8	1	391 26
116	386	0.8	1	362 24
117	391	0.8	1	357 34
118	430	0.8	1	401 29
119	343	0.8	1	313 30
120	339	0.8	1	300 39
121	325	0.8	1	284 41
122	303	0.8	1	273 30
123	214	0.8	1	199 15
124	169	0.8	1	154 15
125	150	0.8	1	125 25
126	134	0.8	1	121 13
127	162	0.8	1	148 14
128	138	0.8	1	118 20
129	181	0.8	1	167 14
130	298	0.8	1	253 45
131	5584	0.8	1	5186 398
132	200	0.8	1	179 21
133	185	0.8	1	160 25
134	389	0.8	1	375 14
135	245	0.8	1	228 17
136	204	0.8	1	189 15
137	277	0.8	1	264 13
138	497	0.8	1	491 6
139	270	0.8	1	262 8
140	357	0.8	1	350 7
141	934	0.8	1	921 13
142	402	0.8	1	393 9
143	669	0.8	1	655 14
144	584	0.8	1	563 21
145	548	0.8	1	531 17
146	891	0.8	1	862 29
147	850	0.8	1	799 51
148	640	0.8	1	611 29
149	503	0.8	1	284 219
150	19511	0.8	1	10893 8618

RUN STATISTICS FOR INPUT FILE: /vortexfs1/omics/tepolt/raw_reads/C_maenas/Cm_yrv_2023/15-154_R2_001.fastq.gz
=============================================
50881500 sequences processed in total

Total number of sequences analysed for the sequence pair length validation: 50881500

Number of sequence pairs removed because at least one read was shorter than the length cutoff (20 bp): 753199 (1.48%)
