
SUMMARISING RUN PARAMETERS
==========================
Input filename: /vortexfs1/omics/tepolt/raw_reads/C_maenas/Cm_yrv_2023/15-161_R2_001.fastq.gz
Trimming mode: paired-end
Trim Galore version: 0.6.6
Cutadapt version: 3.5
Python version: could not detect
Number of cores used for trimming: 8
Quality Phred score cutoff: 20
Quality encoding type selected: ASCII+33
Adapter sequence: 'AGATCGGAAGAGC' (Illumina TruSeq, Sanger iPCR; user defined)
Maximum trimming error rate: 0.1 (default)
Minimum required adapter overlap (stringency): 1 bp
Minimum required sequence length for both reads before a sequence pair gets removed: 20 bp
Running FastQC on the data once trimming has completed
Running FastQC with the following extra arguments: --outdir /vortexfs1/scratch/yaamini.venkataraman/wc-green-crab/output/06b-trimgalore     --threads 28
Output file will be GZIP compressed


This is cutadapt 3.5 with Python 3.9.5
Command line parameters: -j 8 -e 0.1 -q 20 -O 1 -a AGATCGGAAGAGC /vortexfs1/omics/tepolt/raw_reads/C_maenas/Cm_yrv_2023/15-161_R2_001.fastq.gz
Processing reads on 8 cores in single-end mode ...
Finished in 122.88 s (2 µs/read; 25.98 M reads/minute).

=== Summary ===

Total reads processed:              53,205,605
Reads with adapters:                30,320,349 (57.0%)
Reads written (passing filters):    53,205,605 (100.0%)

Total basepairs processed: 7,980,840,750 bp
Quality-trimmed:              26,073,037 bp (0.3%)
Total written (filtered):  7,384,085,082 bp (92.5%)

=== Adapter 1 ===

Sequence: AGATCGGAAGAGC; Type: regular 3'; Length: 13; Trimmed: 30320349 times

Minimum overlap: 1
No. of allowed errors:
1-9 bp: 0; 10-13 bp: 1

Bases preceding removed adapters:
  A: 21.8%
  C: 31.5%
  G: 28.2%
  T: 18.5%
  none/other: 0.1%

Overview of removed sequences
length	count	expect	max.err	error counts
1	9638952	13301401.2	0	9638952
2	2599428	3325350.3	0	2599428
3	989661	831337.6	0	989661
4	464682	207834.4	0	464682
5	348717	51958.6	0	348717
6	311560	12989.6	0	311560
7	313243	3247.4	0	313243
8	299928	811.9	0	299928
9	294381	203.0	0	293312 1069
10	301587	50.7	1	295554 6033
11	299215	12.7	1	293263 5952
12	316909	3.2	1	309339 7570
13	305273	0.8	1	298824 6449
14	318428	0.8	1	309994 8434
15	353314	0.8	1	344129 9185
16	311619	0.8	1	303842 7777
17	328498	0.8	1	318591 9907
18	326015	0.8	1	316361 9654
19	359734	0.8	1	347634 12100
20	325520	0.8	1	316618 8902
21	293327	0.8	1	285592 7735
22	300738	0.8	1	292605 8133
23	325351	0.8	1	316301 9050
24	351508	0.8	1	340062 11446
25	313977	0.8	1	305059 8918
26	326480	0.8	1	317116 9364
27	353047	0.8	1	342624 10423
28	301957	0.8	1	293504 8453
29	305342	0.8	1	297316 8026
30	318976	0.8	1	310693 8283
31	265573	0.8	1	259778 5795
32	307989	0.8	1	300036 7953
33	319769	0.8	1	312499 7270
34	280185	0.8	1	273429 6756
35	296291	0.8	1	289259 7032
36	376054	0.8	1	366542 9512
37	296941	0.8	1	289744 7197
38	296594	0.8	1	291082 5512
39	218739	0.8	1	214293 4446
40	260037	0.8	1	254600 5437
41	263905	0.8	1	257901 6004
42	272086	0.8	1	265067 7019
43	270218	0.8	1	263914 6304
44	232088	0.8	1	226853 5235
45	323690	0.8	1	316017 7673
46	206768	0.8	1	201497 5271
47	202535	0.8	1	197796 4739
48	257521	0.8	1	252204 5317
49	191635	0.8	1	187325 4310
50	184245	0.8	1	180027 4218
51	186666	0.8	1	182063 4603
52	205485	0.8	1	200751 4734
53	142713	0.8	1	139579 3134
54	170555	0.8	1	166528 4027
55	166632	0.8	1	162822 3810
56	142805	0.8	1	139577 3228
57	168474	0.8	1	164341 4133
58	184525	0.8	1	180694 3831
59	110597	0.8	1	107950 2647
60	136938	0.8	1	134544 2394
61	92552	0.8	1	90676 1876
62	108490	0.8	1	106484 2006
63	79616	0.8	1	77986 1630
64	110127	0.8	1	108226 1901
65	66251	0.8	1	64907 1344
66	75656	0.8	1	74122 1534
67	81001	0.8	1	79512 1489
68	59528	0.8	1	58389 1139
69	46490	0.8	1	45463 1027
70	79123	0.8	1	77843 1280
71	21855	0.8	1	21122 733
72	40000	0.8	1	39226 774
73	41520	0.8	1	40725 795
74	42644	0.8	1	41787 857
75	42825	0.8	1	42143 682
76	13872	0.8	1	13466 406
77	24344	0.8	1	23861 483
78	25834	0.8	1	25296 538
79	23952	0.8	1	23429 523
80	21429	0.8	1	20937 492
81	19312	0.8	1	18874 438
82	16973	0.8	1	16567 406
83	15038	0.8	1	14666 372
84	13869	0.8	1	13562 307
85	12451	0.8	1	12158 293
86	12425	0.8	1	12081 344
87	11338	0.8	1	11063 275
88	10464	0.8	1	10239 225
89	9331	0.8	1	9117 214
90	8569	0.8	1	8369 200
91	7565	0.8	1	7383 182
92	7017	0.8	1	6845 172
93	6023	0.8	1	5883 140
94	5311	0.8	1	5178 133
95	4562	0.8	1	4449 113
96	4278	0.8	1	4147 131
97	4158	0.8	1	4045 113
98	4040	0.8	1	3947 93
99	3550	0.8	1	3451 99
100	3154	0.8	1	3064 90
101	2762	0.8	1	2664 98
102	2419	0.8	1	2328 91
103	2278	0.8	1	2204 74
104	1875	0.8	1	1812 63
105	1753	0.8	1	1690 63
106	1657	0.8	1	1608 49
107	1734	0.8	1	1661 73
108	1565	0.8	1	1470 95
109	1379	0.8	1	1316 63
110	1207	0.8	1	1156 51
111	1027	0.8	1	972 55
112	915	0.8	1	864 51
113	753	0.8	1	700 53
114	803	0.8	1	755 48
115	730	0.8	1	669 61
116	670	0.8	1	616 54
117	527	0.8	1	480 47
118	510	0.8	1	480 30
119	548	0.8	1	484 64
120	738	0.8	1	594 144
121	774	0.8	1	637 137
122	496	0.8	1	437 59
123	294	0.8	1	267 27
124	229	0.8	1	210 19
125	249	0.8	1	212 37
126	224	0.8	1	189 35
127	248	0.8	1	198 50
128	275	0.8	1	220 55
129	299	0.8	1	242 57
130	1420	0.8	1	1144 276
131	52740	0.8	1	48657 4083
132	288	0.8	1	262 26
133	231	0.8	1	201 30
134	414	0.8	1	393 21
135	220	0.8	1	203 17
136	208	0.8	1	202 6
137	235	0.8	1	226 9
138	520	0.8	1	510 10
139	242	0.8	1	225 17
140	332	0.8	1	323 9
141	687	0.8	1	677 10
142	338	0.8	1	332 6
143	612	0.8	1	593 19
144	582	0.8	1	565 17
145	546	0.8	1	516 30
146	849	0.8	1	830 19
147	773	0.8	1	721 52
148	585	0.8	1	548 37
149	414	0.8	1	282 132
150	17018	0.8	1	11193 5825

RUN STATISTICS FOR INPUT FILE: /vortexfs1/omics/tepolt/raw_reads/C_maenas/Cm_yrv_2023/15-161_R2_001.fastq.gz
=============================================
53205605 sequences processed in total

Total number of sequences analysed for the sequence pair length validation: 53205605

Number of sequence pairs removed because at least one read was shorter than the length cutoff (20 bp): 897624 (1.69%)
