
SUMMARISING RUN PARAMETERS
==========================
Input filename: /vortexfs1/omics/tepolt/raw_reads/C_maenas/Cm_yrv_2023/25-049_R2_001.fastq.gz
Trimming mode: paired-end
Trim Galore version: 0.6.6
Cutadapt version: 3.5
Python version: could not detect
Number of cores used for trimming: 8
Quality Phred score cutoff: 20
Quality encoding type selected: ASCII+33
Adapter sequence: 'AGATCGGAAGAGC' (Illumina TruSeq, Sanger iPCR; user defined)
Maximum trimming error rate: 0.1 (default)
Minimum required adapter overlap (stringency): 1 bp
Minimum required sequence length for both reads before a sequence pair gets removed: 20 bp
Running FastQC on the data once trimming has completed
Running FastQC with the following extra arguments: --outdir /vortexfs1/scratch/yaamini.venkataraman/wc-green-crab/output/06b-trimgalore     --threads 28
Output file will be GZIP compressed


This is cutadapt 3.5 with Python 3.9.5
Command line parameters: -j 8 -e 0.1 -q 20 -O 1 -a AGATCGGAAGAGC /vortexfs1/omics/tepolt/raw_reads/C_maenas/Cm_yrv_2023/25-049_R2_001.fastq.gz
Processing reads on 8 cores in single-end mode ...
Finished in 90.70 s (2 µs/read; 25.55 M reads/minute).

=== Summary ===

Total reads processed:              38,621,453
Reads with adapters:                19,013,323 (49.2%)
Reads written (passing filters):    38,621,453 (100.0%)

Total basepairs processed: 5,793,217,950 bp
Quality-trimmed:              32,051,649 bp (0.6%)
Total written (filtered):  5,543,552,880 bp (95.7%)

=== Adapter 1 ===

Sequence: AGATCGGAAGAGC; Type: regular 3'; Length: 13; Trimmed: 19013323 times

Minimum overlap: 1
No. of allowed errors:
1-9 bp: 0; 10-13 bp: 1

Bases preceding removed adapters:
  A: 26.1%
  C: 28.7%
  G: 25.5%
  T: 19.7%
  none/other: 0.1%

Overview of removed sequences
length	count	expect	max.err	error counts
1	8497031	9655363.2	0	8497031
2	2117475	2413840.8	0	2117475
3	779558	603460.2	0	779558
4	348299	150865.1	0	348299
5	236675	37716.3	0	236675
6	207990	9429.1	0	207990
7	204138	2357.3	0	204138
8	196169	589.3	0	196169
9	186289	147.3	0	185600 689
10	186448	36.8	1	182649 3799
11	179676	9.2	1	175550 4126
12	186201	2.3	1	181577 4624
13	183483	0.6	1	179386 4097
14	191127	0.6	1	185985 5142
15	207603	0.6	1	202267 5336
16	182383	0.6	1	177849 4534
17	183440	0.6	1	178221 5219
18	179988	0.6	1	174380 5608
19	179594	0.6	1	174277 5317
20	200669	0.6	1	194294 6375
21	143519	0.6	1	139574 3945
22	150016	0.6	1	145879 4137
23	162158	0.6	1	157639 4519
24	167834	0.6	1	162091 5743
25	150165	0.6	1	145971 4194
26	152894	0.6	1	148539 4355
27	165334	0.6	1	160540 4794
28	131518	0.6	1	127907 3611
29	132948	0.6	1	129535 3413
30	122955	0.6	1	119997 2958
31	129775	0.6	1	126322 3453
32	122754	0.6	1	119862 2892
33	133972	0.6	1	130299 3673
34	111391	0.6	1	108942 2449
35	116143	0.6	1	113367 2776
36	119859	0.6	1	116375 3484
37	121868	0.6	1	118527 3341
38	110264	0.6	1	107944 2320
39	98612	0.6	1	96399 2213
40	103563	0.6	1	101067 2496
41	91526	0.6	1	89336 2190
42	83100	0.6	1	81206 1894
43	85850	0.6	1	83603 2247
44	77524	0.6	1	75672 1852
45	86720	0.6	1	84306 2414
46	72507	0.6	1	70691 1816
47	67299	0.6	1	65705 1594
48	75166	0.6	1	73361 1805
49	61107	0.6	1	59680 1427
50	55459	0.6	1	54077 1382
51	53772	0.6	1	52350 1422
52	53792	0.6	1	52470 1322
53	44160	0.6	1	43181 979
54	44782	0.6	1	43731 1051
55	46584	0.6	1	45373 1211
56	37818	0.6	1	36896 922
57	39983	0.6	1	39022 961
58	44570	0.6	1	43502 1068
59	31466	0.6	1	30743 723
60	32343	0.6	1	31659 684
61	28089	0.6	1	27540 549
62	29044	0.6	1	28384 660
63	22449	0.6	1	21987 462
64	25623	0.6	1	25077 546
65	17636	0.6	1	17267 369
66	18602	0.6	1	18232 370
67	17683	0.6	1	17280 403
68	15735	0.6	1	15390 345
69	12354	0.6	1	12101 253
70	15434	0.6	1	15106 328
71	7187	0.6	1	6982 205
72	8875	0.6	1	8673 202
73	8996	0.6	1	8794 202
74	9045	0.6	1	8862 183
75	8769	0.6	1	8607 162
76	2458	0.6	1	2344 114
77	5412	0.6	1	5280 132
78	5507	0.6	1	5359 148
79	4984	0.6	1	4853 131
80	4493	0.6	1	4391 102
81	3895	0.6	1	3802 93
82	3502	0.6	1	3406 96
83	3120	0.6	1	3008 112
84	2744	0.6	1	2660 84
85	2555	0.6	1	2464 91
86	2464	0.6	1	2375 89
87	2431	0.6	1	2343 88
88	2187	0.6	1	2102 85
89	1995	0.6	1	1922 73
90	1868	0.6	1	1801 67
91	1648	0.6	1	1598 50
92	1613	0.6	1	1548 65
93	1433	0.6	1	1380 53
94	1243	0.6	1	1209 34
95	1079	0.6	1	1045 34
96	991	0.6	1	954 37
97	996	0.6	1	955 41
98	931	0.6	1	896 35
99	895	0.6	1	854 41
100	767	0.6	1	734 33
101	700	0.6	1	659 41
102	585	0.6	1	548 37
103	633	0.6	1	599 34
104	568	0.6	1	533 35
105	512	0.6	1	489 23
106	519	0.6	1	481 38
107	509	0.6	1	481 28
108	510	0.6	1	479 31
109	430	0.6	1	410 20
110	423	0.6	1	401 22
111	374	0.6	1	347 27
112	332	0.6	1	312 20
113	276	0.6	1	252 24
114	276	0.6	1	256 20
115	239	0.6	1	222 17
116	251	0.6	1	233 18
117	216	0.6	1	195 21
118	213	0.6	1	185 28
119	222	0.6	1	200 22
120	272	0.6	1	234 38
121	328	0.6	1	283 45
122	224	0.6	1	202 22
123	152	0.6	1	137 15
124	97	0.6	1	84 13
125	87	0.6	1	76 11
126	75	0.6	1	62 13
127	74	0.6	1	63 11
128	90	0.6	1	78 12
129	100	0.6	1	79 21
130	370	0.6	1	292 78
131	15828	0.6	1	14598 1230
132	105	0.6	1	93 12
133	105	0.6	1	79 26
134	175	0.6	1	171 4
135	93	0.6	1	84 9
136	71	0.6	1	65 6
137	90	0.6	1	84 6
138	212	0.6	1	203 9
139	94	0.6	1	89 5
140	127	0.6	1	121 6
141	309	0.6	1	303 6
142	144	0.6	1	141 3
143	215	0.6	1	205 10
144	234	0.6	1	218 16
145	177	0.6	1	164 13
146	250	0.6	1	247 3
147	272	0.6	1	237 35
148	275	0.6	1	254 21
149	260	0.6	1	189 71
150	10592	0.6	1	8786 1806

RUN STATISTICS FOR INPUT FILE: /vortexfs1/omics/tepolt/raw_reads/C_maenas/Cm_yrv_2023/25-049_R2_001.fastq.gz
=============================================
38621453 sequences processed in total

Total number of sequences analysed for the sequence pair length validation: 38621453

Number of sequence pairs removed because at least one read was shorter than the length cutoff (20 bp): 537430 (1.39%)
