
SUMMARISING RUN PARAMETERS
==========================
Input filename: /vortexfs1/omics/tepolt/raw_reads/C_maenas/Cm_yrv_2023/25-046_R1_001.fastq.gz
Trimming mode: paired-end
Trim Galore version: 0.6.6
Cutadapt version: 3.5
Python version: could not detect
Number of cores used for trimming: 8
Quality Phred score cutoff: 20
Quality encoding type selected: ASCII+33
Adapter sequence: 'AGATCGGAAGAGC' (Illumina TruSeq, Sanger iPCR; user defined)
Maximum trimming error rate: 0.1 (default)
Minimum required adapter overlap (stringency): 1 bp
Minimum required sequence length for both reads before a sequence pair gets removed: 20 bp
Running FastQC on the data once trimming has completed
Running FastQC with the following extra arguments: --outdir /vortexfs1/scratch/yaamini.venkataraman/wc-green-crab/output/06b-trimgalore     --threads 28
Output file will be GZIP compressed


This is cutadapt 3.5 with Python 3.9.5
Command line parameters: -j 8 -e 0.1 -q 20 -O 1 -a AGATCGGAAGAGC /vortexfs1/omics/tepolt/raw_reads/C_maenas/Cm_yrv_2023/25-046_R1_001.fastq.gz
Processing reads on 8 cores in single-end mode ...
Finished in 103.10 s (2 µs/read; 25.87 M reads/minute).

=== Summary ===

Total reads processed:              44,456,348
Reads with adapters:                21,497,308 (48.4%)
Reads written (passing filters):    44,456,348 (100.0%)

Total basepairs processed: 6,668,452,200 bp
Quality-trimmed:              11,049,392 bp (0.2%)
Total written (filtered):  6,332,627,729 bp (95.0%)

=== Adapter 1 ===

Sequence: AGATCGGAAGAGC; Type: regular 3'; Length: 13; Trimmed: 21497308 times

Minimum overlap: 1
No. of allowed errors:
1-9 bp: 0; 10-13 bp: 1

Bases preceding removed adapters:
  A: 22.5%
  C: 27.8%
  G: 23.0%
  T: 24.6%
  none/other: 2.1%

Overview of removed sequences
length	count	expect	max.err	error counts
1	8964531	11114087.0	0	8964531
2	2397300	2778521.8	0	2397300
3	970668	694630.4	0	970668
4	377488	173657.6	0	377488
5	272640	43414.4	0	272640
6	232767	10853.6	0	232767
7	229922	2713.4	0	229922
8	222155	678.4	0	222155
9	212005	169.6	0	210710 1295
10	211307	42.4	1	207026 4281
11	207483	10.6	1	203535 3948
12	207234	2.6	1	203232 4002
13	208117	0.7	1	203671 4446
14	206647	0.7	1	202573 4074
15	221622	0.7	1	216702 4920
16	206517	0.7	1	202143 4374
17	204123	0.7	1	199583 4540
18	200332	0.7	1	196415 3917
19	199429	0.7	1	195302 4127
20	193068	0.7	1	189167 3901
21	187308	0.7	1	183220 4088
22	181646	0.7	1	178048 3598
23	186629	0.7	1	182648 3981
24	177122	0.7	1	173556 3566
25	182877	0.7	1	178922 3955
26	173109	0.7	1	169572 3537
27	167117	0.7	1	163480 3637
28	163848	0.7	1	160159 3689
29	154423	0.7	1	151297 3126
30	145972	0.7	1	143150 2822
31	144393	0.7	1	141384 3009
32	143228	0.7	1	140020 3208
33	140040	0.7	1	136937 3103
34	142658	0.7	1	139350 3308
35	129959	0.7	1	126953 3006
36	134031	0.7	1	131148 2883
37	124883	0.7	1	122115 2768
38	128229	0.7	1	125273 2956
39	117399	0.7	1	114563 2836
40	113470	0.7	1	111040 2430
41	106720	0.7	1	104357 2363
42	102903	0.7	1	100305 2598
43	99557	0.7	1	96968 2589
44	128614	0.7	1	125142 3472
45	87846	0.7	1	85611 2235
46	125498	0.7	1	123752 1746
47	31846	0.7	1	29861 1985
48	161469	0.7	1	158172 3297
49	216281	0.7	1	214067 2214
50	47386	0.7	1	46103 1283
51	36473	0.7	1	35515 958
52	72704	0.7	1	71964 740
53	19029	0.7	1	18124 905
54	76012	0.7	1	75514 498
55	12138	0.7	1	11622 516
56	28989	0.7	1	28587 402
57	17873	0.7	1	17481 392
58	23385	0.7	1	22662 723
59	71310	0.7	1	70644 666
60	16274	0.7	1	15711 563
61	28971	0.7	1	28622 349
62	2656	0.7	1	2473 183
63	4588	0.7	1	4376 212
64	14498	0.7	1	14106 392
65	39139	0.7	1	38788 351
66	2549	0.7	1	2396 153
67	1542	0.7	1	1382 160
68	10388	0.7	1	10220 168
69	11654	0.7	1	11412 242
70	11676	0.7	1	11500 176
71	9105	0.7	1	8975 130
72	3701	0.7	1	3601 100
73	2610	0.7	1	2514 96
74	6504	0.7	1	6389 115
75	7236	0.7	1	7092 144
76	6956	0.7	1	6796 160
77	6334	0.7	1	6173 161
78	6146	0.7	1	5996 150
79	5463	0.7	1	5320 143
80	4819	0.7	1	4697 122
81	4495	0.7	1	4366 129
82	4125	0.7	1	4001 124
83	3546	0.7	1	3448 98
84	3234	0.7	1	3140 94
85	3604	0.7	1	3509 95
86	2914	0.7	1	2830 84
87	2649	0.7	1	2582 67
88	2486	0.7	1	2402 84
89	2338	0.7	1	2251 87
90	2034	0.7	1	1973 61
91	1856	0.7	1	1788 68
92	1773	0.7	1	1717 56
93	1603	0.7	1	1526 77
94	1386	0.7	1	1330 56
95	1228	0.7	1	1163 65
96	1133	0.7	1	1099 34
97	1153	0.7	1	1106 47
98	1132	0.7	1	1072 60
99	1024	0.7	1	985 39
100	941	0.7	1	899 42
101	876	0.7	1	827 49
102	1058	0.7	1	1018 40
103	776	0.7	1	745 31
104	684	0.7	1	645 39
105	615	0.7	1	586 29
106	625	0.7	1	592 33
107	708	0.7	1	670 38
108	1353	0.7	1	1305 48
109	584	0.7	1	544 40
110	711	0.7	1	667 44
111	535	0.7	1	458 77
112	590	0.7	1	545 45
113	528	0.7	1	474 54
114	612	0.7	1	564 48
115	833	0.7	1	786 47
116	529	0.7	1	499 30
117	506	0.7	1	480 26
118	500	0.7	1	473 27
119	604	0.7	1	567 37
120	1654	0.7	1	1592 62
121	1628	0.7	1	1586 42
122	945	0.7	1	899 46
123	379	0.7	1	338 41
124	246	0.7	1	228 18
125	493	0.7	1	457 36
126	227	0.7	1	190 37
127	279	0.7	1	245 34
128	245	0.7	1	219 26
129	357	0.7	1	311 46
130	2118	0.7	1	1995 123
131	123331	0.7	1	121573 1758
132	445	0.7	1	400 45
133	248	0.7	1	193 55
134	306	0.7	1	253 53
135	226	0.7	1	177 49
136	192	0.7	1	133 59
137	239	0.7	1	167 72
138	304	0.7	1	254 50
139	194	0.7	1	149 45
140	264	0.7	1	192 72
141	445	0.7	1	381 64
142	274	0.7	1	211 63
143	489	0.7	1	402 87
144	500	0.7	1	381 119
145	556	0.7	1	428 128
146	691	0.7	1	527 164
147	846	0.7	1	522 324
148	877	0.7	1	459 418
149	7609	0.7	1	225 7384
150	440282	0.7	1	7326 432956

RUN STATISTICS FOR INPUT FILE: /vortexfs1/omics/tepolt/raw_reads/C_maenas/Cm_yrv_2023/25-046_R1_001.fastq.gz
=============================================
44456348 sequences processed in total

