
SUMMARISING RUN PARAMETERS
==========================
Input filename: /vortexfs1/omics/tepolt/raw_reads/C_maenas/Cm_yrv_2023/25-055_R2_001.fastq.gz
Trimming mode: paired-end
Trim Galore version: 0.6.6
Cutadapt version: 3.5
Python version: could not detect
Number of cores used for trimming: 8
Quality Phred score cutoff: 20
Quality encoding type selected: ASCII+33
Adapter sequence: 'AGATCGGAAGAGC' (Illumina TruSeq, Sanger iPCR; user defined)
Maximum trimming error rate: 0.1 (default)
Minimum required adapter overlap (stringency): 1 bp
Minimum required sequence length for both reads before a sequence pair gets removed: 20 bp
Running FastQC on the data once trimming has completed
Running FastQC with the following extra arguments: --outdir /vortexfs1/scratch/yaamini.venkataraman/wc-green-crab/output/06b-trimgalore     --threads 28
Output file will be GZIP compressed


This is cutadapt 3.5 with Python 3.9.5
Command line parameters: -j 8 -e 0.1 -q 20 -O 1 -a AGATCGGAAGAGC /vortexfs1/omics/tepolt/raw_reads/C_maenas/Cm_yrv_2023/25-055_R2_001.fastq.gz
Processing reads on 8 cores in single-end mode ...
Finished in 77.43 s (2 µs/read; 25.52 M reads/minute).

=== Summary ===

Total reads processed:              32,933,107
Reads with adapters:                14,040,407 (42.6%)
Reads written (passing filters):    32,933,107 (100.0%)

Total basepairs processed: 4,939,966,050 bp
Quality-trimmed:              14,214,372 bp (0.3%)
Total written (filtered):  4,813,833,665 bp (97.4%)

=== Adapter 1 ===

Sequence: AGATCGGAAGAGC; Type: regular 3'; Length: 13; Trimmed: 14040407 times

Minimum overlap: 1
No. of allowed errors:
1-9 bp: 0; 10-13 bp: 1

Bases preceding removed adapters:
  A: 27.6%
  C: 28.7%
  G: 23.7%
  T: 19.8%
  none/other: 0.2%

Overview of removed sequences
length	count	expect	max.err	error counts
1	7537747	8233276.8	0	7537747
2	2012564	2058319.2	0	2012564
3	687569	514579.8	0	687569
4	244785	128644.9	0	244785
5	140518	32161.2	0	140518
6	112815	8040.3	0	112815
7	108667	2010.1	0	108667
8	101773	502.5	0	101773
9	99514	125.6	0	98939 575
10	100289	31.4	1	98104 2185
11	97810	7.9	1	95661 2149
12	99452	2.0	1	97114 2338
13	93229	0.5	1	91395 1834
14	94590	0.5	1	92382 2208
15	99669	0.5	1	97182 2487
16	89140	0.5	1	87092 2048
17	90871	0.5	1	88521 2350
18	88399	0.5	1	86007 2392
19	95046	0.5	1	92157 2889
20	88374	0.5	1	86186 2188
21	74446	0.5	1	72580 1866
22	75603	0.5	1	73630 1973
23	77518	0.5	1	75566 1952
24	79271	0.5	1	76961 2310
25	74694	0.5	1	72747 1947
26	73404	0.5	1	71471 1933
27	78681	0.5	1	76553 2128
28	64047	0.5	1	62399 1648
29	62489	0.5	1	61000 1489
30	61171	0.5	1	59687 1484
31	59013	0.5	1	57705 1308
32	59147	0.5	1	57731 1416
33	60245	0.5	1	58761 1484
34	59639	0.5	1	58283 1356
35	48989	0.5	1	48032 957
36	54582	0.5	1	53464 1118
37	48990	0.5	1	47957 1033
38	51461	0.5	1	50342 1119
39	55629	0.5	1	54394 1235
40	35677	0.5	1	34834 843
41	40202	0.5	1	39352 850
42	37842	0.5	1	37045 797
43	39658	0.5	1	38692 966
44	34592	0.5	1	33866 726
45	40916	0.5	1	39927 989
46	30190	0.5	1	29456 734
47	29689	0.5	1	29024 665
48	31753	0.5	1	31041 712
49	27242	0.5	1	26659 583
50	24565	0.5	1	24014 551
51	23669	0.5	1	23019 650
52	24010	0.5	1	23353 657
53	19453	0.5	1	18990 463
54	20268	0.5	1	19791 477
55	19211	0.5	1	18683 528
56	16988	0.5	1	16617 371
57	17301	0.5	1	16871 430
58	18841	0.5	1	18391 450
59	12679	0.5	1	12369 310
60	13276	0.5	1	12996 280
61	11089	0.5	1	10844 245
62	11357	0.5	1	11116 241
63	9095	0.5	1	8887 208
64	10765	0.5	1	10524 241
65	7922	0.5	1	7751 171
66	8019	0.5	1	7833 186
67	7971	0.5	1	7809 162
68	6324	0.5	1	6180 144
69	5269	0.5	1	5159 110
70	6882	0.5	1	6725 157
71	3457	0.5	1	3348 109
72	4396	0.5	1	4301 95
73	4384	0.5	1	4255 129
74	4340	0.5	1	4226 114
75	4506	0.5	1	4425 81
76	1344	0.5	1	1298 46
77	2679	0.5	1	2621 58
78	2719	0.5	1	2644 75
79	2470	0.5	1	2379 91
80	2326	0.5	1	2257 69
81	2167	0.5	1	2077 90
82	1876	0.5	1	1791 85
83	1770	0.5	1	1714 56
84	1581	0.5	1	1519 62
85	1398	0.5	1	1339 59
86	1461	0.5	1	1394 67
87	1360	0.5	1	1299 61
88	1306	0.5	1	1255 51
89	1259	0.5	1	1222 37
90	1182	0.5	1	1138 44
91	1073	0.5	1	1026 47
92	1013	0.5	1	948 65
93	924	0.5	1	871 53
94	845	0.5	1	798 47
95	740	0.5	1	702 38
96	728	0.5	1	677 51
97	662	0.5	1	628 34
98	662	0.5	1	621 41
99	641	0.5	1	607 34
100	595	0.5	1	565 30
101	554	0.5	1	529 25
102	511	0.5	1	481 30
103	504	0.5	1	477 27
104	435	0.5	1	418 17
105	402	0.5	1	376 26
106	400	0.5	1	373 27
107	392	0.5	1	363 29
108	374	0.5	1	349 25
109	356	0.5	1	322 34
110	338	0.5	1	312 26
111	326	0.5	1	299 27
112	334	0.5	1	313 21
113	305	0.5	1	278 27
114	284	0.5	1	264 20
115	239	0.5	1	214 25
116	241	0.5	1	222 19
117	232	0.5	1	217 15
118	238	0.5	1	221 17
119	226	0.5	1	202 24
120	193	0.5	1	177 16
121	194	0.5	1	170 24
122	145	0.5	1	132 13
123	186	0.5	1	167 19
124	124	0.5	1	104 20
125	113	0.5	1	100 13
126	111	0.5	1	102 9
127	85	0.5	1	75 10
128	115	0.5	1	101 14
129	104	0.5	1	92 12
130	306	0.5	1	284 22
131	1237	0.5	1	1120 117
132	169	0.5	1	145 24
133	159	0.5	1	134 25
134	492	0.5	1	474 18
135	176	0.5	1	162 14
136	152	0.5	1	146 6
137	208	0.5	1	197 11
138	359	0.5	1	351 8
139	170	0.5	1	169 1
140	232	0.5	1	226 6
141	547	0.5	1	530 17
142	281	0.5	1	265 16
143	357	0.5	1	354 3
144	462	0.5	1	449 13
145	403	0.5	1	388 15
146	512	0.5	1	502 10
147	471	0.5	1	449 22
148	469	0.5	1	452 17
149	429	0.5	1	349 80
150	24336	0.5	1	21737 2599

RUN STATISTICS FOR INPUT FILE: /vortexfs1/omics/tepolt/raw_reads/C_maenas/Cm_yrv_2023/25-055_R2_001.fastq.gz
=============================================
32933107 sequences processed in total

Total number of sequences analysed for the sequence pair length validation: 32933107

Number of sequence pairs removed because at least one read was shorter than the length cutoff (20 bp): 863476 (2.62%)
