
SUMMARISING RUN PARAMETERS
==========================
Input filename: /vortexfs1/omics/tepolt/raw_reads/C_maenas/Cm_yrv_2023/25-051_R1_001.fastq.gz
Trimming mode: paired-end
Trim Galore version: 0.6.6
Cutadapt version: 3.5
Python version: could not detect
Number of cores used for trimming: 8
Quality Phred score cutoff: 20
Quality encoding type selected: ASCII+33
Adapter sequence: 'AGATCGGAAGAGC' (Illumina TruSeq, Sanger iPCR; user defined)
Maximum trimming error rate: 0.1 (default)
Minimum required adapter overlap (stringency): 1 bp
Minimum required sequence length for both reads before a sequence pair gets removed: 20 bp
Running FastQC on the data once trimming has completed
Running FastQC with the following extra arguments: --outdir /vortexfs1/scratch/yaamini.venkataraman/wc-green-crab/output/06b-trimgalore     --threads 28
Output file will be GZIP compressed


This is cutadapt 3.5 with Python 3.9.5
Command line parameters: -j 8 -e 0.1 -q 20 -O 1 -a AGATCGGAAGAGC /vortexfs1/omics/tepolt/raw_reads/C_maenas/Cm_yrv_2023/25-051_R1_001.fastq.gz
Processing reads on 8 cores in single-end mode ...
Finished in 121.48 s (2 µs/read; 26.68 M reads/minute).

=== Summary ===

Total reads processed:              54,025,751
Reads with adapters:                31,100,436 (57.6%)
Reads written (passing filters):    54,025,751 (100.0%)

Total basepairs processed: 8,103,862,650 bp
Quality-trimmed:              37,405,648 bp (0.5%)
Total written (filtered):  7,193,409,637 bp (88.8%)

=== Adapter 1 ===

Sequence: AGATCGGAAGAGC; Type: regular 3'; Length: 13; Trimmed: 31100436 times

Minimum overlap: 1
No. of allowed errors:
1-9 bp: 0; 10-13 bp: 1

Bases preceding removed adapters:
  A: 17.5%
  C: 31.5%
  G: 23.7%
  T: 22.7%
  none/other: 4.7%

Overview of removed sequences
length	count	expect	max.err	error counts
1	8752615	13506437.8	0	8752615
2	2435457	3376609.4	0	2435457
3	906602	844152.4	0	906602
4	411095	211038.1	0	411095
5	321360	52759.5	0	321360
6	295739	13189.9	0	295739
7	294115	3297.5	0	294115
8	290534	824.4	0	290534
9	291960	206.1	0	289969 1991
10	295919	51.5	1	290162 5757
11	297270	12.9	1	291390 5880
12	300259	3.2	1	294182 6077
13	302095	0.8	1	295333 6762
14	304548	0.8	1	297965 6583
15	309183	0.8	1	302175 7008
16	303790	0.8	1	297015 6775
17	298828	0.8	1	291474 7354
18	292657	0.8	1	286286 6371
19	300256	0.8	1	293551 6705
20	288573	0.8	1	282289 6284
21	293162	0.8	1	286561 6601
22	290267	0.8	1	284154 6113
23	287709	0.8	1	281291 6418
24	283165	0.8	1	277070 6095
25	287237	0.8	1	280423 6814
26	281190	0.8	1	275049 6141
27	278639	0.8	1	272109 6530
28	274592	0.8	1	267722 6870
29	266969	0.8	1	261039 5930
30	263374	0.8	1	257917 5457
31	264110	0.8	1	258308 5802
32	267098	0.8	1	260877 6221
33	261677	0.8	1	255726 5951
34	258228	0.8	1	252130 6098
35	256551	0.8	1	250197 6354
36	252820	0.8	1	246738 6082
37	251414	0.8	1	245499 5915
38	242629	0.8	1	236942 5687
39	240434	0.8	1	234426 6008
40	235399	0.8	1	229627 5772
41	235875	0.8	1	229767 6108
42	244066	0.8	1	237121 6945
43	235580	0.8	1	228321 7259
44	354559	0.8	1	344916 9643
45	213162	0.8	1	206580 6582
46	294720	0.8	1	288860 5860
47	185929	0.8	1	170035 15894
48	1719784	0.8	1	1705966 13818
49	331980	0.8	1	321853 10127
50	269904	0.8	1	266267 3637
51	83012	0.8	1	79612 3400
52	248094	0.8	1	245923 2171
53	32139	0.8	1	30467 1672
54	76276	0.8	1	75490 786
55	18363	0.8	1	17641 722
56	28356	0.8	1	27778 578
57	11736	0.8	1	10822 914
58	64583	0.8	1	62513 2070
59	190021	0.8	1	188256 1765
60	26057	0.8	1	24345 1712
61	93587	0.8	1	92459 1128
62	16248	0.8	1	15573 675
63	9568	0.8	1	8695 873
64	71059	0.8	1	69150 1909
65	176052	0.8	1	174284 1768
66	47246	0.8	1	46226 1020
67	10188	0.8	1	9671 517
68	16324	0.8	1	15659 665
69	42474	0.8	1	41632 842
70	51989	0.8	1	51090 899
71	43154	0.8	1	42450 704
72	23036	0.8	1	22451 585
73	23350	0.8	1	22522 828
74	64183	0.8	1	63113 1070
75	76615	0.8	1	75231 1384
76	76889	0.8	1	75614 1275
77	75774	0.8	1	74336 1438
78	71756	0.8	1	70414 1342
79	69681	0.8	1	68370 1311
80	66329	0.8	1	64924 1405
81	61528	0.8	1	60178 1350
82	58906	0.8	1	57677 1229
83	53570	0.8	1	52502 1068
84	47938	0.8	1	46975 963
85	46624	0.8	1	45665 959
86	44079	0.8	1	43246 833
87	42919	0.8	1	42047 872
88	40399	0.8	1	39554 845
89	38251	0.8	1	37490 761
90	34631	0.8	1	34024 607
91	31118	0.8	1	30480 638
92	28073	0.8	1	27537 536
93	24216	0.8	1	23746 470
94	21460	0.8	1	21041 419
95	19562	0.8	1	19204 358
96	17679	0.8	1	17350 329
97	16846	0.8	1	16515 331
98	15719	0.8	1	15367 352
99	14574	0.8	1	14258 316
100	12543	0.8	1	12260 283
101	11020	0.8	1	10770 250
102	10080	0.8	1	9843 237
103	8196	0.8	1	7991 205
104	6851	0.8	1	6675 176
105	5735	0.8	1	5590 145
106	5282	0.8	1	5128 154
107	5297	0.8	1	5147 150
108	4961	0.8	1	4831 130
109	4013	0.8	1	3895 118
110	3825	0.8	1	3692 133
111	3206	0.8	1	3094 112
112	2804	0.8	1	2704 100
113	2238	0.8	1	2145 93
114	2126	0.8	1	2036 90
115	1996	0.8	1	1922 74
116	1887	0.8	1	1803 84
117	1618	0.8	1	1536 82
118	1475	0.8	1	1398 77
119	1492	0.8	1	1411 81
120	2172	0.8	1	2089 83
121	3502	0.8	1	3318 184
122	2089	0.8	1	2005 84
123	930	0.8	1	860 70
124	616	0.8	1	536 80
125	516	0.8	1	441 75
126	531	0.8	1	430 101
127	614	0.8	1	510 104
128	803	0.8	1	687 116
129	942	0.8	1	762 180
130	5278	0.8	1	4876 402
131	220979	0.8	1	216899 4080
132	1311	0.8	1	1157 154
133	625	0.8	1	479 146
134	1397	0.8	1	1216 181
135	746	0.8	1	561 185
136	473	0.8	1	306 167
137	608	0.8	1	438 170
138	1305	0.8	1	1106 199
139	639	0.8	1	410 229
140	604	0.8	1	384 220
141	1258	0.8	1	1021 237
142	705	0.8	1	435 270
143	922	0.8	1	614 308
144	955	0.8	1	569 386
145	987	0.8	1	518 469
146	1132	0.8	1	621 511
147	1638	0.8	1	564 1074
148	2185	0.8	1	793 1392
149	25368	0.8	1	863 24505
150	1444652	0.8	1	27565 1417087

RUN STATISTICS FOR INPUT FILE: /vortexfs1/omics/tepolt/raw_reads/C_maenas/Cm_yrv_2023/25-051_R1_001.fastq.gz
=============================================
54025751 sequences processed in total

