
SUMMARISING RUN PARAMETERS
==========================
Input filename: /vortexfs1/omics/tepolt/raw_reads/C_maenas/Cm_yrv_2023/25-054_R1_001.fastq.gz
Trimming mode: paired-end
Trim Galore version: 0.6.6
Cutadapt version: 3.5
Python version: could not detect
Number of cores used for trimming: 8
Quality Phred score cutoff: 20
Quality encoding type selected: ASCII+33
Adapter sequence: 'AGATCGGAAGAGC' (Illumina TruSeq, Sanger iPCR; user defined)
Maximum trimming error rate: 0.1 (default)
Minimum required adapter overlap (stringency): 1 bp
Minimum required sequence length for both reads before a sequence pair gets removed: 20 bp
Running FastQC on the data once trimming has completed
Running FastQC with the following extra arguments: --outdir /vortexfs1/scratch/yaamini.venkataraman/wc-green-crab/output/06b-trimgalore     --threads 28
Output file will be GZIP compressed


This is cutadapt 3.5 with Python 3.9.5
Command line parameters: -j 8 -e 0.1 -q 20 -O 1 -a AGATCGGAAGAGC /vortexfs1/omics/tepolt/raw_reads/C_maenas/Cm_yrv_2023/25-054_R1_001.fastq.gz
Processing reads on 8 cores in single-end mode ...
Finished in 115.77 s (2 µs/read; 26.28 M reads/minute).

=== Summary ===

Total reads processed:              50,701,073
Reads with adapters:                25,220,313 (49.7%)
Reads written (passing filters):    50,701,073 (100.0%)

Total basepairs processed: 7,605,160,950 bp
Quality-trimmed:              14,581,955 bp (0.2%)
Total written (filtered):  7,182,814,512 bp (94.4%)

=== Adapter 1 ===

Sequence: AGATCGGAAGAGC; Type: regular 3'; Length: 13; Trimmed: 25220313 times

Minimum overlap: 1
No. of allowed errors:
1-9 bp: 0; 10-13 bp: 1

Bases preceding removed adapters:
  A: 21.1%
  C: 30.0%
  G: 24.5%
  T: 22.4%
  none/other: 2.0%

Overview of removed sequences
length	count	expect	max.err	error counts
1	9599393	12675268.2	0	9599393
2	2727146	3168817.1	0	2727146
3	1030566	792204.3	0	1030566
4	435251	198051.1	0	435251
5	324142	49512.8	0	324142
6	280726	12378.2	0	280726
7	277791	3094.5	0	277791
8	270686	773.6	0	270686
9	264596	193.4	0	263015 1581
10	266828	48.4	1	261197 5631
11	262695	12.1	1	257904 4791
12	263229	3.0	1	258320 4909
13	262280	0.8	1	256699 5581
14	261554	0.8	1	256154 5400
15	270231	0.8	1	264307 5924
16	262014	0.8	1	256451 5563
17	257522	0.8	1	251427 6095
18	251814	0.8	1	246807 5007
19	251708	0.8	1	246392 5316
20	240479	0.8	1	235434 5045
21	237929	0.8	1	232921 5008
22	233610	0.8	1	229008 4602
23	234169	0.8	1	229145 5024
24	227340	0.8	1	222758 4582
25	229685	0.8	1	224458 5227
26	222612	0.8	1	218043 4569
27	217772	0.8	1	213023 4749
28	213519	0.8	1	208551 4968
29	204087	0.8	1	199815 4272
30	194949	0.8	1	191171 3778
31	192994	0.8	1	188992 4002
32	192991	0.8	1	188662 4329
33	186892	0.8	1	182825 4067
34	192125	0.8	1	187709 4416
35	175692	0.8	1	171536 4156
36	178582	0.8	1	174592 3990
37	168639	0.8	1	164846 3793
38	172820	0.8	1	168669 4151
39	161272	0.8	1	157217 4055
40	155844	0.8	1	152477 3367
41	149461	0.8	1	146218 3243
42	146228	0.8	1	142416 3812
43	141382	0.8	1	137656 3726
44	185949	0.8	1	180846 5103
45	127435	0.8	1	123850 3585
46	183402	0.8	1	180944 2458
47	45483	0.8	1	42555 2928
48	247168	0.8	1	242096 5072
49	313427	0.8	1	310177 3250
50	70597	0.8	1	68642 1955
51	55240	0.8	1	53871 1369
52	108120	0.8	1	106956 1164
53	29563	0.8	1	28144 1419
54	132631	0.8	1	131730 901
55	17948	0.8	1	17000 948
56	50079	0.8	1	49391 688
57	30952	0.8	1	30222 730
58	37712	0.8	1	36473 1239
59	119334	0.8	1	118216 1118
60	27360	0.8	1	26370 990
61	48993	0.8	1	48475 518
62	4253	0.8	1	3955 298
63	7848	0.8	1	7521 327
64	24245	0.8	1	23502 743
65	66701	0.8	1	66148 553
66	4231	0.8	1	3909 322
67	2507	0.8	1	2272 235
68	18080	0.8	1	17747 333
69	20262	0.8	1	19888 374
70	20958	0.8	1	20637 321
71	16150	0.8	1	15948 202
72	6813	0.8	1	6664 149
73	4863	0.8	1	4673 190
74	12051	0.8	1	11813 238
75	13268	0.8	1	13033 235
76	12639	0.8	1	12387 252
77	12107	0.8	1	11845 262
78	11149	0.8	1	10906 243
79	10132	0.8	1	9900 232
80	9210	0.8	1	8987 223
81	8010	0.8	1	7784 226
82	7261	0.8	1	7069 192
83	6481	0.8	1	6302 179
84	5628	0.8	1	5478 150
85	5746	0.8	1	5582 164
86	5104	0.8	1	4945 159
87	4751	0.8	1	4618 133
88	4326	0.8	1	4173 153
89	3897	0.8	1	3750 147
90	3584	0.8	1	3469 115
91	3183	0.8	1	3062 121
92	2888	0.8	1	2811 77
93	2585	0.8	1	2484 101
94	2278	0.8	1	2200 78
95	2043	0.8	1	1970 73
96	1910	0.8	1	1848 62
97	1751	0.8	1	1698 53
98	1790	0.8	1	1714 76
99	1571	0.8	1	1515 56
100	1416	0.8	1	1356 60
101	1255	0.8	1	1206 49
102	1121	0.8	1	1060 61
103	1026	0.8	1	975 51
104	878	0.8	1	829 49
105	869	0.8	1	814 55
106	800	0.8	1	760 40
107	783	0.8	1	742 41
108	765	0.8	1	704 61
109	748	0.8	1	711 37
110	652	0.8	1	624 28
111	651	0.8	1	550 101
112	520	0.8	1	469 51
113	457	0.8	1	396 61
114	456	0.8	1	407 49
115	413	0.8	1	357 56
116	368	0.8	1	333 35
117	329	0.8	1	296 33
118	312	0.8	1	281 31
119	327	0.8	1	296 31
120	393	0.8	1	356 37
121	531	0.8	1	491 40
122	334	0.8	1	304 30
123	212	0.8	1	187 25
124	150	0.8	1	127 23
125	146	0.8	1	115 31
126	136	0.8	1	102 34
127	147	0.8	1	117 30
128	149	0.8	1	116 33
129	175	0.8	1	124 51
130	644	0.8	1	555 89
131	26648	0.8	1	26191 457
132	174	0.8	1	122 52
133	166	0.8	1	117 49
134	249	0.8	1	186 63
135	179	0.8	1	120 59
136	160	0.8	1	93 67
137	177	0.8	1	101 76
138	265	0.8	1	208 57
139	176	0.8	1	106 70
140	198	0.8	1	138 60
141	383	0.8	1	297 86
142	249	0.8	1	148 101
143	380	0.8	1	288 92
144	400	0.8	1	297 103
145	425	0.8	1	253 172
146	508	0.8	1	337 171
147	663	0.8	1	337 326
148	781	0.8	1	376 405
149	8012	0.8	1	210 7802
150	488065	0.8	1	7686 480379

RUN STATISTICS FOR INPUT FILE: /vortexfs1/omics/tepolt/raw_reads/C_maenas/Cm_yrv_2023/25-054_R1_001.fastq.gz
=============================================
50701073 sequences processed in total

