
SUMMARISING RUN PARAMETERS
==========================
Input filename: /vortexfs1/omics/tepolt/raw_reads/C_maenas/Cm_yrv_2023/25-052_R1_001.fastq.gz
Trimming mode: paired-end
Trim Galore version: 0.6.6
Cutadapt version: 3.5
Python version: could not detect
Number of cores used for trimming: 8
Quality Phred score cutoff: 20
Quality encoding type selected: ASCII+33
Adapter sequence: 'AGATCGGAAGAGC' (Illumina TruSeq, Sanger iPCR; user defined)
Maximum trimming error rate: 0.1 (default)
Minimum required adapter overlap (stringency): 1 bp
Minimum required sequence length for both reads before a sequence pair gets removed: 20 bp
Running FastQC on the data once trimming has completed
Running FastQC with the following extra arguments: --outdir /vortexfs1/scratch/yaamini.venkataraman/wc-green-crab/output/06b-trimgalore     --threads 28
Output file will be GZIP compressed


This is cutadapt 3.5 with Python 3.9.5
Command line parameters: -j 8 -e 0.1 -q 20 -O 1 -a AGATCGGAAGAGC /vortexfs1/omics/tepolt/raw_reads/C_maenas/Cm_yrv_2023/25-052_R1_001.fastq.gz
Processing reads on 8 cores in single-end mode ...
Finished in 68.54 s (2 µs/read; 26.64 M reads/minute).

=== Summary ===

Total reads processed:              30,427,334
Reads with adapters:                14,325,318 (47.1%)
Reads written (passing filters):    30,427,334 (100.0%)

Total basepairs processed: 4,564,100,100 bp
Quality-trimmed:               9,074,357 bp (0.2%)
Total written (filtered):  4,352,176,793 bp (95.4%)

=== Adapter 1 ===

Sequence: AGATCGGAAGAGC; Type: regular 3'; Length: 13; Trimmed: 14325318 times

Minimum overlap: 1
No. of allowed errors:
1-9 bp: 0; 10-13 bp: 1

Bases preceding removed adapters:
  A: 23.4%
  C: 27.6%
  G: 21.5%
  T: 25.0%
  none/other: 2.5%

Overview of removed sequences
length	count	expect	max.err	error counts
1	6495420	7606833.5	0	6495420
2	1675635	1901708.4	0	1675635
3	665448	475427.1	0	665448
4	231469	118856.8	0	231469
5	151677	29714.2	0	151677
6	127611	7428.5	0	127611
7	126335	1857.1	0	126335
8	120168	464.3	0	120168
9	118725	116.1	0	117960 765
10	119352	29.0	1	116823 2529
11	117717	7.3	1	115364 2353
12	118542	1.8	1	116115 2427
13	118436	0.5	1	115758 2678
14	118125	0.5	1	115589 2536
15	124403	0.5	1	121570 2833
16	117136	0.5	1	114528 2608
17	118481	0.5	1	115540 2941
18	114347	0.5	1	112048 2299
19	116564	0.5	1	113998 2566
20	113953	0.5	1	111492 2461
21	109460	0.5	1	106926 2534
22	105578	0.5	1	103435 2143
23	108860	0.5	1	106280 2580
24	106204	0.5	1	103799 2405
25	104719	0.5	1	102368 2351
26	101657	0.5	1	99449 2208
27	98866	0.5	1	96582 2284
28	95330	0.5	1	93109 2221
29	91714	0.5	1	89695 2019
30	87947	0.5	1	86102 1845
31	88424	0.5	1	86515 1909
32	88435	0.5	1	86358 2077
33	86083	0.5	1	84233 1850
34	84603	0.5	1	82548 2055
35	81612	0.5	1	79778 1834
36	80086	0.5	1	78218 1868
37	78465	0.5	1	76579 1886
38	79193	0.5	1	77218 1975
39	72455	0.5	1	70688 1767
40	70993	0.5	1	69293 1700
41	68095	0.5	1	66327 1768
42	65971	0.5	1	64279 1692
43	62325	0.5	1	60526 1799
44	79784	0.5	1	77366 2418
45	59706	0.5	1	57951 1755
46	82858	0.5	1	81525 1333
47	27740	0.5	1	25459 2281
48	221967	0.5	1	219211 2756
49	107648	0.5	1	105940 1708
50	19595	0.5	1	18824 771
51	19092	0.5	1	18564 528
52	35973	0.5	1	35564 409
53	6829	0.5	1	6379 450
54	36779	0.5	1	36495 284
55	4929	0.5	1	4671 258
56	12643	0.5	1	12439 204
57	5289	0.5	1	5022 267
58	14069	0.5	1	13582 487
59	43059	0.5	1	42627 432
60	5164	0.5	1	4810 354
61	16636	0.5	1	16430 206
62	1716	0.5	1	1578 138
63	1601	0.5	1	1452 149
64	9945	0.5	1	9620 325
65	24885	0.5	1	24612 273
66	3106	0.5	1	2994 112
67	969	0.5	1	865 104
68	4050	0.5	1	3934 116
69	6518	0.5	1	6382 136
70	6755	0.5	1	6642 113
71	5187	0.5	1	5091 96
72	2374	0.5	1	2300 74
73	1917	0.5	1	1850 67
74	4894	0.5	1	4796 98
75	5514	0.5	1	5407 107
76	5112	0.5	1	5011 101
77	4802	0.5	1	4698 104
78	4440	0.5	1	4334 106
79	4119	0.5	1	4009 110
80	3605	0.5	1	3432 173
81	3303	0.5	1	3174 129
82	3017	0.5	1	2920 97
83	2473	0.5	1	2377 96
84	2245	0.5	1	2172 73
85	2159	0.5	1	2078 81
86	2150	0.5	1	2073 77
87	1975	0.5	1	1907 68
88	1842	0.5	1	1772 70
89	1621	0.5	1	1564 57
90	1536	0.5	1	1485 51
91	1369	0.5	1	1316 53
92	1224	0.5	1	1164 60
93	1092	0.5	1	1047 45
94	964	0.5	1	916 48
95	924	0.5	1	883 41
96	755	0.5	1	726 29
97	711	0.5	1	679 32
98	682	0.5	1	652 30
99	638	0.5	1	607 31
100	602	0.5	1	577 25
101	538	0.5	1	514 24
102	447	0.5	1	425 22
103	477	0.5	1	442 35
104	422	0.5	1	395 27
105	354	0.5	1	333 21
106	311	0.5	1	297 14
107	404	0.5	1	375 29
108	307	0.5	1	289 18
109	288	0.5	1	257 31
110	263	0.5	1	228 35
111	285	0.5	1	223 62
112	221	0.5	1	194 27
113	235	0.5	1	197 38
114	207	0.5	1	179 28
115	195	0.5	1	159 36
116	155	0.5	1	130 25
117	155	0.5	1	131 24
118	158	0.5	1	136 22
119	136	0.5	1	120 16
120	130	0.5	1	114 16
121	127	0.5	1	104 23
122	100	0.5	1	83 17
123	102	0.5	1	78 24
124	87	0.5	1	68 19
125	85	0.5	1	71 14
126	76	0.5	1	49 27
127	77	0.5	1	57 20
128	87	0.5	1	65 22
129	87	0.5	1	59 28
130	134	0.5	1	86 48
131	1689	0.5	1	1628 61
132	119	0.5	1	61 58
133	103	0.5	1	62 41
134	197	0.5	1	159 38
135	109	0.5	1	71 38
136	108	0.5	1	64 44
137	149	0.5	1	82 67
138	200	0.5	1	154 46
139	136	0.5	1	83 53
140	169	0.5	1	117 52
141	264	0.5	1	188 76
142	173	0.5	1	100 73
143	245	0.5	1	175 70
144	295	0.5	1	192 103
145	294	0.5	1	173 121
146	388	0.5	1	269 119
147	503	0.5	1	267 236
148	539	0.5	1	199 340
149	7532	0.5	1	199 7333
150	346286	0.5	1	9706 336580

RUN STATISTICS FOR INPUT FILE: /vortexfs1/omics/tepolt/raw_reads/C_maenas/Cm_yrv_2023/25-052_R1_001.fastq.gz
=============================================
30427334 sequences processed in total

