
SUMMARISING RUN PARAMETERS
==========================
Input filename: /vortexfs1/omics/tepolt/raw_reads/C_maenas/Cm_yrv_2023/25-058_R1_001.fastq.gz
Trimming mode: paired-end
Trim Galore version: 0.6.6
Cutadapt version: 3.5
Python version: could not detect
Number of cores used for trimming: 8
Quality Phred score cutoff: 20
Quality encoding type selected: ASCII+33
Adapter sequence: 'AGATCGGAAGAGC' (Illumina TruSeq, Sanger iPCR; user defined)
Maximum trimming error rate: 0.1 (default)
Minimum required adapter overlap (stringency): 1 bp
Minimum required sequence length for both reads before a sequence pair gets removed: 20 bp
Running FastQC on the data once trimming has completed
Running FastQC with the following extra arguments: --outdir /vortexfs1/scratch/yaamini.venkataraman/wc-green-crab/output/06b-trimgalore     --threads 28
Output file will be GZIP compressed


This is cutadapt 3.5 with Python 3.9.5
Command line parameters: -j 8 -e 0.1 -q 20 -O 1 -a AGATCGGAAGAGC /vortexfs1/omics/tepolt/raw_reads/C_maenas/Cm_yrv_2023/25-058_R1_001.fastq.gz
Processing reads on 8 cores in single-end mode ...
Finished in 79.33 s (2 µs/read; 30.47 M reads/minute).

=== Summary ===

Total reads processed:              40,283,042
Reads with adapters:                23,412,474 (58.1%)
Reads written (passing filters):    40,283,042 (100.0%)

Total basepairs processed: 6,042,456,300 bp
Quality-trimmed:              14,802,844 bp (0.2%)
Total written (filtered):  5,420,714,391 bp (89.7%)

=== Adapter 1 ===

Sequence: AGATCGGAAGAGC; Type: regular 3'; Length: 13; Trimmed: 23412474 times

Minimum overlap: 1
No. of allowed errors:
1-9 bp: 0; 10-13 bp: 1

Bases preceding removed adapters:
  A: 19.3%
  C: 27.3%
  G: 21.6%
  T: 25.9%
  none/other: 5.9%

Overview of removed sequences
length	count	expect	max.err	error counts
1	6976739	10070760.5	0	6976739
2	1766234	2517690.1	0	1766234
3	823037	629422.5	0	823037
4	343380	157355.6	0	343380
5	273685	39338.9	0	273685
6	247510	9834.7	0	247510
7	245548	2458.7	0	245548
8	235667	614.7	0	235667
9	229869	153.7	0	228391 1478
10	232305	38.4	1	227446 4859
11	229996	9.6	1	225131 4865
12	234844	2.4	1	229811 5033
13	240294	0.6	1	234334 5960
14	243903	0.6	1	238094 5809
15	264204	0.6	1	257529 6675
16	250296	0.6	1	244002 6294
17	251591	0.6	1	244825 6766
18	250597	0.6	1	244881 5716
19	249512	0.6	1	243593 5919
20	249912	0.6	1	243692 6220
21	239485	0.6	1	233230 6255
22	234989	0.6	1	229564 5425
23	243842	0.6	1	237774 6068
24	241137	0.6	1	235256 5881
25	250030	0.6	1	243754 6276
26	242334	0.6	1	236546 5788
27	238383	0.6	1	232269 6114
28	233835	0.6	1	227568 6267
29	223255	0.6	1	217822 5433
30	215983	0.6	1	211097 4886
31	216484	0.6	1	211057 5427
32	218074	0.6	1	212561 5513
33	215477	0.6	1	210088 5389
34	218107	0.6	1	212463 5644
35	217094	0.6	1	211219 5875
36	220053	0.6	1	214164 5889
37	210202	0.6	1	204779 5423
38	215400	0.6	1	209619 5781
39	199388	0.6	1	193842 5546
40	197023	0.6	1	191866 5157
41	185902	0.6	1	180807 5095
42	183088	0.6	1	177951 5137
43	181663	0.6	1	175462 6201
44	247642	0.6	1	240461 7181
45	162392	0.6	1	157452 4940
46	217006	0.6	1	212955 4051
47	108626	0.6	1	101658 6968
48	513063	0.6	1	506113 6950
49	163743	0.6	1	160369 3374
50	43488	0.6	1	41233 2255
51	123805	0.6	1	121455 2350
52	122548	0.6	1	120755 1793
53	51693	0.6	1	49372 2321
54	163086	0.6	1	161692 1394
55	33327	0.6	1	31720 1607
56	86264	0.6	1	85092 1172
57	51831	0.6	1	50492 1339
58	68352	0.6	1	65880 2472
59	176146	0.6	1	174317 1829
60	44684	0.6	1	42810 1874
61	102021	0.6	1	101046 975
62	8950	0.6	1	8260 690
63	16108	0.6	1	15427 681
64	44332	0.6	1	42780 1552
65	112722	0.6	1	111786 936
66	6349	0.6	1	5856 493
67	4495	0.6	1	4044 451
68	30008	0.6	1	29424 584
69	31645	0.6	1	30967 678
70	32450	0.6	1	31861 589
71	24258	0.6	1	23872 386
72	9486	0.6	1	9237 249
73	7651	0.6	1	7361 290
74	18935	0.6	1	18520 415
75	20744	0.6	1	20274 470
76	19832	0.6	1	19399 433
77	18677	0.6	1	18228 449
78	17450	0.6	1	17017 433
79	16221	0.6	1	15773 448
80	14355	0.6	1	14003 352
81	13046	0.6	1	12696 350
82	11654	0.6	1	11360 294
83	10430	0.6	1	10161 269
84	9098	0.6	1	8880 218
85	10565	0.6	1	10213 352
86	32153	0.6	1	31302 851
87	9696	0.6	1	9391 305
88	8759	0.6	1	8475 284
89	7011	0.6	1	6800 211
90	6491	0.6	1	6334 157
91	5924	0.6	1	5753 171
92	5573	0.6	1	5423 150
93	4736	0.6	1	4589 147
94	4344	0.6	1	4212 132
95	3908	0.6	1	3783 125
96	3630	0.6	1	3524 106
97	3537	0.6	1	3418 119
98	3319	0.6	1	3214 105
99	3197	0.6	1	3098 99
100	2741	0.6	1	2630 111
101	2430	0.6	1	2352 78
102	2187	0.6	1	2115 72
103	2227	0.6	1	2165 62
104	1875	0.6	1	1813 62
105	1726	0.6	1	1650 76
106	1668	0.6	1	1609 59
107	1660	0.6	1	1612 48
108	1432	0.6	1	1380 52
109	1343	0.6	1	1275 68
110	1293	0.6	1	1231 62
111	1085	0.6	1	1029 56
112	941	0.6	1	889 52
113	794	0.6	1	738 56
114	772	0.6	1	725 47
115	700	0.6	1	645 55
116	677	0.6	1	627 50
117	627	0.6	1	582 45
118	646	0.6	1	603 43
119	547	0.6	1	490 57
120	646	0.6	1	589 57
121	712	0.6	1	658 54
122	469	0.6	1	420 49
123	394	0.6	1	340 54
124	237	0.6	1	190 47
125	273	0.6	1	201 72
126	239	0.6	1	171 68
127	285	0.6	1	211 74
128	295	0.6	1	207 88
129	312	0.6	1	212 100
130	878	0.6	1	746 132
131	24055	0.6	1	23550 505
132	355	0.6	1	242 113
133	270	0.6	1	174 96
134	852	0.6	1	700 152
135	374	0.6	1	257 117
136	293	0.6	1	172 121
137	388	0.6	1	253 135
138	1045	0.6	1	903 142
139	377	0.6	1	242 135
140	433	0.6	1	251 182
141	996	0.6	1	797 199
142	463	0.6	1	268 195
143	678	0.6	1	422 256
144	708	0.6	1	404 304
145	701	0.6	1	351 350
146	897	0.6	1	500 397
147	1220	0.6	1	421 799
148	1635	0.6	1	518 1117
149	19448	0.6	1	530 18918
150	1353368	0.6	1	22736 1330632

RUN STATISTICS FOR INPUT FILE: /vortexfs1/omics/tepolt/raw_reads/C_maenas/Cm_yrv_2023/25-058_R1_001.fastq.gz
=============================================
40283042 sequences processed in total

