
SUMMARISING RUN PARAMETERS
==========================
Input filename: /vortexfs1/omics/tepolt/raw_reads/C_maenas/Cm_yrv_2023/25-049_R1_001.fastq.gz
Trimming mode: paired-end
Trim Galore version: 0.6.6
Cutadapt version: 3.5
Python version: could not detect
Number of cores used for trimming: 8
Quality Phred score cutoff: 20
Quality encoding type selected: ASCII+33
Adapter sequence: 'AGATCGGAAGAGC' (Illumina TruSeq, Sanger iPCR; user defined)
Maximum trimming error rate: 0.1 (default)
Minimum required adapter overlap (stringency): 1 bp
Minimum required sequence length for both reads before a sequence pair gets removed: 20 bp
Running FastQC on the data once trimming has completed
Running FastQC with the following extra arguments: --outdir /vortexfs1/scratch/yaamini.venkataraman/wc-green-crab/output/06b-trimgalore     --threads 28
Output file will be GZIP compressed


This is cutadapt 3.5 with Python 3.9.5
Command line parameters: -j 8 -e 0.1 -q 20 -O 1 -a AGATCGGAAGAGC /vortexfs1/omics/tepolt/raw_reads/C_maenas/Cm_yrv_2023/25-049_R1_001.fastq.gz
Processing reads on 8 cores in single-end mode ...
Finished in 83.72 s (2 µs/read; 27.68 M reads/minute).

=== Summary ===

Total reads processed:              38,621,453
Reads with adapters:                19,139,616 (49.6%)
Reads written (passing filters):    38,621,453 (100.0%)

Total basepairs processed: 5,793,217,950 bp
Quality-trimmed:               7,488,713 bp (0.1%)
Total written (filtered):  5,494,685,922 bp (94.8%)

=== Adapter 1 ===

Sequence: AGATCGGAAGAGC; Type: regular 3'; Length: 13; Trimmed: 19139616 times

Minimum overlap: 1
No. of allowed errors:
1-9 bp: 0; 10-13 bp: 1

Bases preceding removed adapters:
  A: 22.5%
  C: 26.0%
  G: 22.5%
  T: 26.6%
  none/other: 2.5%

Overview of removed sequences
length	count	expect	max.err	error counts
1	7826486	9655363.2	0	7826486
2	2027127	2413840.8	0	2027127
3	1101210	603460.2	0	1101210
4	344001	150865.1	0	344001
5	237773	37716.3	0	237773
6	206320	9429.1	0	206320
7	203168	2357.3	0	203168
8	196144	589.3	0	196144
9	190091	147.3	0	186696 3395
10	187898	36.8	1	181845 6053
11	182414	9.2	1	176671 5743
12	184437	2.3	1	178432 6005
13	189795	0.6	1	183450 6345
14	192237	0.6	1	186086 6151
15	207325	0.6	1	200374 6951
16	189674	0.6	1	183530 6144
17	186639	0.6	1	180169 6470
18	180852	0.6	1	175156 5696
19	180458	0.6	1	174614 5844
20	177311	0.6	1	171542 5769
21	166043	0.6	1	160444 5599
22	158128	0.6	1	152986 5142
23	165084	0.6	1	159576 5508
24	158464	0.6	1	152999 5465
25	160568	0.6	1	155072 5496
26	154698	0.6	1	149733 4965
27	152961	0.6	1	147741 5220
28	144285	0.6	1	139361 4924
29	136065	0.6	1	131736 4329
30	129686	0.6	1	125528 4158
31	129072	0.6	1	124771 4301
32	128760	0.6	1	124331 4429
33	125622	0.6	1	121577 4045
34	121199	0.6	1	117067 4132
35	119185	0.6	1	115140 4045
36	116199	0.6	1	112201 3998
37	115487	0.6	1	111612 3875
38	115157	0.6	1	110954 4203
39	105458	0.6	1	101931 3527
40	103013	0.6	1	99297 3716
41	97209	0.6	1	93820 3389
42	88695	0.6	1	85458 3237
43	87759	0.6	1	83771 3988
44	115690	0.6	1	111729 3961
45	76158	0.6	1	72799 3359
46	102784	0.6	1	101006 1778
47	24009	0.6	1	21645 2364
48	91752	0.6	1	88793 2959
49	76535	0.6	1	74582 1953
50	48689	0.6	1	46976 1713
51	53382	0.6	1	51483 1899
52	61504	0.6	1	60104 1400
53	37385	0.6	1	35840 1545
54	55517	0.6	1	54339 1178
55	31769	0.6	1	30631 1138
56	41478	0.6	1	40372 1106
57	35804	0.6	1	34826 978
58	33766	0.6	1	32464 1302
59	44953	0.6	1	43769 1184
60	31914	0.6	1	30789 1125
61	40452	0.6	1	39663 789
62	18845	0.6	1	18259 586
63	18133	0.6	1	17547 586
64	20401	0.6	1	19431 970
65	38061	0.6	1	37462 599
66	12465	0.6	1	12153 312
67	7628	0.6	1	7233 395
68	15822	0.6	1	15401 421
69	13759	0.6	1	13336 423
70	13694	0.6	1	13384 310
71	9724	0.6	1	9553 171
72	3663	0.6	1	3499 164
73	4417	0.6	1	4243 174
74	6895	0.6	1	6680 215
75	6654	0.6	1	6460 194
76	6414	0.6	1	6216 198
77	5858	0.6	1	5671 187
78	5590	0.6	1	5383 207
79	5073	0.6	1	4909 164
80	4586	0.6	1	4402 184
81	3994	0.6	1	3850 144
82	3560	0.6	1	3420 140
83	3193	0.6	1	3052 141
84	2785	0.6	1	2665 120
85	2735	0.6	1	2614 121
86	2526	0.6	1	2427 99
87	2489	0.6	1	2399 90
88	2229	0.6	1	2136 93
89	2013	0.6	1	1910 103
90	1954	0.6	1	1869 85
91	1704	0.6	1	1625 79
92	1685	0.6	1	1603 82
93	1478	0.6	1	1417 61
94	1307	0.6	1	1247 60
95	1129	0.6	1	1067 62
96	1037	0.6	1	990 47
97	1014	0.6	1	964 50
98	990	0.6	1	941 49
99	903	0.6	1	867 36
100	800	0.6	1	746 54
101	741	0.6	1	695 46
102	606	0.6	1	566 40
103	646	0.6	1	612 34
104	578	0.6	1	537 41
105	540	0.6	1	495 45
106	535	0.6	1	494 41
107	510	0.6	1	479 31
108	501	0.6	1	475 26
109	444	0.6	1	411 33
110	436	0.6	1	407 29
111	410	0.6	1	346 64
112	352	0.6	1	297 55
113	315	0.6	1	256 59
114	297	0.6	1	256 41
115	269	0.6	1	218 51
116	276	0.6	1	242 34
117	222	0.6	1	197 25
118	221	0.6	1	192 29
119	236	0.6	1	212 24
120	287	0.6	1	248 39
121	328	0.6	1	309 19
122	249	0.6	1	223 26
123	160	0.6	1	140 20
124	105	0.6	1	90 15
125	111	0.6	1	83 28
126	82	0.6	1	60 22
127	91	0.6	1	67 24
128	103	0.6	1	76 27
129	139	0.6	1	103 36
130	360	0.6	1	305 55
131	16611	0.6	1	16328 283
132	168	0.6	1	97 71
133	135	0.6	1	83 52
134	197	0.6	1	171 26
135	135	0.6	1	84 51
136	127	0.6	1	71 56
137	125	0.6	1	87 38
138	270	0.6	1	207 63
139	139	0.6	1	94 45
140	179	0.6	1	119 60
141	376	0.6	1	301 75
142	215	0.6	1	142 73
143	294	0.6	1	209 85
144	342	0.6	1	223 119
145	313	0.6	1	164 149
146	374	0.6	1	243 131
147	554	0.6	1	248 306
148	692	0.6	1	268 424
149	8395	0.6	1	227 8168
150	468920	0.6	1	8676 460244

RUN STATISTICS FOR INPUT FILE: /vortexfs1/omics/tepolt/raw_reads/C_maenas/Cm_yrv_2023/25-049_R1_001.fastq.gz
=============================================
38621453 sequences processed in total

