
SUMMARISING RUN PARAMETERS
==========================
Input filename: /vortexfs1/omics/tepolt/raw_reads/C_maenas/Cm_yrv_2023/25-050_R1_001.fastq.gz
Trimming mode: paired-end
Trim Galore version: 0.6.6
Cutadapt version: 3.5
Python version: could not detect
Number of cores used for trimming: 8
Quality Phred score cutoff: 20
Quality encoding type selected: ASCII+33
Adapter sequence: 'AGATCGGAAGAGC' (Illumina TruSeq, Sanger iPCR; user defined)
Maximum trimming error rate: 0.1 (default)
Minimum required adapter overlap (stringency): 1 bp
Minimum required sequence length for both reads before a sequence pair gets removed: 20 bp
Running FastQC on the data once trimming has completed
Running FastQC with the following extra arguments: --outdir /vortexfs1/scratch/yaamini.venkataraman/wc-green-crab/output/06b-trimgalore     --threads 28
Output file will be GZIP compressed


This is cutadapt 3.5 with Python 3.9.5
Command line parameters: -j 8 -e 0.1 -q 20 -O 1 -a AGATCGGAAGAGC /vortexfs1/omics/tepolt/raw_reads/C_maenas/Cm_yrv_2023/25-050_R1_001.fastq.gz
Processing reads on 8 cores in single-end mode ...
Finished in 122.38 s (2 µs/read; 26.03 M reads/minute).

=== Summary ===

Total reads processed:              53,096,503
Reads with adapters:                25,745,215 (48.5%)
Reads written (passing filters):    53,096,503 (100.0%)

Total basepairs processed: 7,964,475,450 bp
Quality-trimmed:              13,163,905 bp (0.2%)
Total written (filtered):  7,575,808,692 bp (95.1%)

=== Adapter 1 ===

Sequence: AGATCGGAAGAGC; Type: regular 3'; Length: 13; Trimmed: 25745215 times

Minimum overlap: 1
No. of allowed errors:
1-9 bp: 0; 10-13 bp: 1

Bases preceding removed adapters:
  A: 22.7%
  C: 28.0%
  G: 23.3%
  T: 24.2%
  none/other: 1.8%

Overview of removed sequences
length	count	expect	max.err	error counts
1	10833557	13274125.8	0	10833557
2	2904835	3318531.4	0	2904835
3	1150410	829632.9	0	1150410
4	440939	207408.2	0	440939
5	314067	51852.1	0	314067
6	266424	12963.0	0	266424
7	263670	3240.8	0	263670
8	253724	810.2	0	253724
9	244034	202.5	0	242619 1415
10	243962	50.6	1	239017 4945
11	239870	12.7	1	235291 4579
12	240132	3.2	1	235643 4489
13	240997	0.8	1	235655 5342
14	238868	0.8	1	233886 4982
15	255217	0.8	1	249696 5521
16	238845	0.8	1	233853 4992
17	237672	0.8	1	232427 5245
18	234076	0.8	1	229589 4487
19	232512	0.8	1	227735 4777
20	222587	0.8	1	218061 4526
21	215617	0.8	1	211066 4551
22	211063	0.8	1	207064 3999
23	217973	0.8	1	213441 4532
24	206322	0.8	1	202168 4154
25	213756	0.8	1	209068 4688
26	202521	0.8	1	198357 4164
27	198071	0.8	1	193837 4234
28	194734	0.8	1	190283 4451
29	183617	0.8	1	179879 3738
30	174311	0.8	1	171016 3295
31	172196	0.8	1	168728 3468
32	172322	0.8	1	168641 3681
33	169074	0.8	1	165405 3669
34	173524	0.8	1	169587 3937
35	157623	0.8	1	154007 3616
36	161528	0.8	1	158063 3465
37	153887	0.8	1	150560 3327
38	157280	0.8	1	153587 3693
39	146515	0.8	1	143008 3507
40	140938	0.8	1	137881 3057
41	133500	0.8	1	130625 2875
42	129313	0.8	1	126141 3172
43	125156	0.8	1	122006 3150
44	154980	0.8	1	150812 4168
45	116613	0.8	1	113592 3021
46	163051	0.8	1	160783 2268
47	45244	0.8	1	42623 2621
48	208402	0.8	1	204038 4364
49	283939	0.8	1	280943 2996
50	66213	0.8	1	64377 1836
51	59144	0.8	1	57804 1340
52	94355	0.8	1	93347 1008
53	26388	0.8	1	25177 1211
54	104469	0.8	1	103763 706
55	17805	0.8	1	17100 705
56	41120	0.8	1	40594 526
57	25910	0.8	1	25325 585
58	33126	0.8	1	32072 1054
59	102789	0.8	1	101873 916
60	23817	0.8	1	23018 799
61	42924	0.8	1	42485 439
62	3887	0.8	1	3609 278
63	6776	0.8	1	6495 281
64	20553	0.8	1	19984 569
65	56752	0.8	1	56270 482
66	3664	0.8	1	3404 260
67	2228	0.8	1	2035 193
68	15323	0.8	1	15062 261
69	16986	0.8	1	16676 310
70	17105	0.8	1	16830 275
71	13039	0.8	1	12868 171
72	5313	0.8	1	5186 127
73	4060	0.8	1	3928 132
74	9900	0.8	1	9710 190
75	10688	0.8	1	10476 212
76	10258	0.8	1	10070 188
77	9749	0.8	1	9539 210
78	9081	0.8	1	8899 182
79	8343	0.8	1	8141 202
80	7315	0.8	1	7142 173
81	6576	0.8	1	6422 154
82	5886	0.8	1	5728 158
83	5089	0.8	1	4915 174
84	4353	0.8	1	4243 110
85	4637	0.8	1	4516 121
86	4019	0.8	1	3892 127
87	3606	0.8	1	3504 102
88	3410	0.8	1	3316 94
89	3142	0.8	1	3048 94
90	2788	0.8	1	2694 94
91	2518	0.8	1	2449 69
92	2398	0.8	1	2312 86
93	2016	0.8	1	1938 78
94	1750	0.8	1	1688 62
95	1557	0.8	1	1504 53
96	1499	0.8	1	1433 66
97	1444	0.8	1	1396 48
98	1375	0.8	1	1336 39
99	1240	0.8	1	1201 39
100	1121	0.8	1	1080 41
101	1013	0.8	1	971 42
102	909	0.8	1	864 45
103	839	0.8	1	795 44
104	775	0.8	1	731 44
105	646	0.8	1	608 38
106	627	0.8	1	596 31
107	750	0.8	1	717 33
108	674	0.8	1	630 44
109	536	0.8	1	511 25
110	574	0.8	1	541 33
111	510	0.8	1	420 90
112	459	0.8	1	396 63
113	432	0.8	1	371 61
114	413	0.8	1	374 39
115	383	0.8	1	341 42
116	381	0.8	1	350 31
117	291	0.8	1	268 23
118	365	0.8	1	332 33
119	325	0.8	1	294 31
120	478	0.8	1	424 54
121	634	0.8	1	597 37
122	323	0.8	1	301 22
123	228	0.8	1	199 29
124	155	0.8	1	134 21
125	143	0.8	1	122 21
126	154	0.8	1	118 36
127	143	0.8	1	103 40
128	180	0.8	1	133 47
129	198	0.8	1	154 44
130	779	0.8	1	684 95
131	40836	0.8	1	40191 645
132	241	0.8	1	180 61
133	192	0.8	1	130 62
134	285	0.8	1	229 56
135	197	0.8	1	136 61
136	165	0.8	1	105 60
137	224	0.8	1	146 78
138	282	0.8	1	212 70
139	214	0.8	1	146 68
140	261	0.8	1	185 76
141	471	0.8	1	382 89
142	278	0.8	1	186 92
143	457	0.8	1	347 110
144	431	0.8	1	314 117
145	492	0.8	1	319 173
146	701	0.8	1	535 166
147	853	0.8	1	485 368
148	872	0.8	1	396 476
149	8237	0.8	1	211 8026
150	466237	0.8	1	7752 458485

RUN STATISTICS FOR INPUT FILE: /vortexfs1/omics/tepolt/raw_reads/C_maenas/Cm_yrv_2023/25-050_R1_001.fastq.gz
=============================================
53096503 sequences processed in total

