
SUMMARISING RUN PARAMETERS
==========================
Input filename: /vortexfs1/omics/tepolt/raw_reads/C_maenas/Cm_yrv_2023/25-058_R2_001.fastq.gz
Trimming mode: paired-end
Trim Galore version: 0.6.6
Cutadapt version: 3.5
Python version: could not detect
Number of cores used for trimming: 8
Quality Phred score cutoff: 20
Quality encoding type selected: ASCII+33
Adapter sequence: 'AGATCGGAAGAGC' (Illumina TruSeq, Sanger iPCR; user defined)
Maximum trimming error rate: 0.1 (default)
Minimum required adapter overlap (stringency): 1 bp
Minimum required sequence length for both reads before a sequence pair gets removed: 20 bp
Running FastQC on the data once trimming has completed
Running FastQC with the following extra arguments: --outdir /vortexfs1/scratch/yaamini.venkataraman/wc-green-crab/output/06b-trimgalore     --threads 28
Output file will be GZIP compressed


This is cutadapt 3.5 with Python 3.9.5
Command line parameters: -j 8 -e 0.1 -q 20 -O 1 -a AGATCGGAAGAGC /vortexfs1/omics/tepolt/raw_reads/C_maenas/Cm_yrv_2023/25-058_R2_001.fastq.gz
Processing reads on 8 cores in single-end mode ...
Finished in 87.97 s (2 µs/read; 27.47 M reads/minute).

=== Summary ===

Total reads processed:              40,283,042
Reads with adapters:                22,618,993 (56.2%)
Reads written (passing filters):    40,283,042 (100.0%)

Total basepairs processed: 6,042,456,300 bp
Quality-trimmed:              23,473,067 bp (0.4%)
Total written (filtered):  5,607,381,742 bp (92.8%)

=== Adapter 1 ===

Sequence: AGATCGGAAGAGC; Type: regular 3'; Length: 13; Trimmed: 22618993 times

Minimum overlap: 1
No. of allowed errors:
1-9 bp: 0; 10-13 bp: 1

Bases preceding removed adapters:
  A: 23.0%
  C: 30.0%
  G: 27.1%
  T: 19.6%
  none/other: 0.4%

Overview of removed sequences
length	count	expect	max.err	error counts
1	7436492	10070760.5	0	7436492
2	1945357	2517690.1	0	1945357
3	749419	629422.5	0	749419
4	365621	157355.6	0	365621
5	274324	39338.9	0	274324
6	248378	9834.7	0	248378
7	246237	2458.7	0	246237
8	235983	614.7	0	235983
9	228318	153.7	0	227576 742
10	233466	38.4	1	228936 4530
11	228816	9.6	1	224238 4578
12	241935	2.4	1	236182 5753
13	233881	0.6	1	228911 4970
14	245085	0.6	1	238712 6373
15	269632	0.6	1	262758 6874
16	241904	0.6	1	236216 5688
17	251760	0.6	1	244277 7483
18	252345	0.6	1	245052 7293
19	273522	0.6	1	264517 9005
20	253076	0.6	1	246256 6820
21	222015	0.6	1	216204 5811
22	227748	0.6	1	221740 6008
23	242749	0.6	1	236196 6553
24	258382	0.6	1	250289 8093
25	237855	0.6	1	231679 6176
26	242587	0.6	1	235579 7008
27	267248	0.6	1	259081 8167
28	214557	0.6	1	208604 5953
29	226567	0.6	1	220686 5881
30	219192	0.6	1	213593 5599
31	205644	0.6	1	200966 4678
32	215802	0.6	1	210469 5333
33	246333	0.6	1	240055 6278
34	199328	0.6	1	194318 5010
35	217593	0.6	1	212445 5148
36	362726	0.6	1	354239 8487
37	134858	0.6	1	130859 3999
38	286518	0.6	1	281098 5420
39	136455	0.6	1	132958 3497
40	219831	0.6	1	215870 3961
41	125336	0.6	1	122428 2908
42	161478	0.6	1	158090 3388
43	188173	0.6	1	184213 3960
44	149496	0.6	1	146188 3308
45	243985	0.6	1	238866 5119
46	132223	0.6	1	128790 3433
47	124938	0.6	1	122012 2926
48	189724	0.6	1	186019 3705
49	116362	0.6	1	113791 2571
50	121008	0.6	1	118400 2608
51	123151	0.6	1	120193 2958
52	140811	0.6	1	137710 3101
53	83961	0.6	1	82016 1945
54	115310	0.6	1	112803 2507
55	109930	0.6	1	107465 2465
56	89902	0.6	1	87991 1911
57	115464	0.6	1	112892 2572
58	135101	0.6	1	132747 2354
59	69260	0.6	1	67605 1655
60	76627	0.6	1	75315 1312
61	57921	0.6	1	56726 1195
62	81825	0.6	1	80382 1443
63	41447	0.6	1	40438 1009
64	75586	0.6	1	74434 1152
65	35298	0.6	1	34480 818
66	46189	0.6	1	45301 888
67	52463	0.6	1	51515 948
68	35501	0.6	1	34738 763
69	24883	0.6	1	24238 645
70	50887	0.6	1	50152 735
71	9735	0.6	1	9286 449
72	24011	0.6	1	23567 444
73	26203	0.6	1	25691 512
74	27338	0.6	1	26781 557
75	26898	0.6	1	26465 433
76	8039	0.6	1	7778 261
77	14738	0.6	1	14424 314
78	16894	0.6	1	16548 346
79	16001	0.6	1	15610 391
80	14181	0.6	1	13853 328
81	12911	0.6	1	12611 300
82	11436	0.6	1	11153 283
83	10207	0.6	1	9944 263
84	8914	0.6	1	8692 222
85	8622	0.6	1	8364 258
86	8467	0.6	1	8269 198
87	8219	0.6	1	7989 230
88	7914	0.6	1	7602 312
89	6820	0.6	1	6665 155
90	6286	0.6	1	6134 152
91	5801	0.6	1	5662 139
92	5213	0.6	1	5051 162
93	4445	0.6	1	4327 118
94	3988	0.6	1	3871 117
95	3654	0.6	1	3528 126
96	3292	0.6	1	3192 100
97	3401	0.6	1	3303 98
98	3091	0.6	1	2982 109
99	3000	0.6	1	2911 89
100	2596	0.6	1	2519 77
101	2302	0.6	1	2239 63
102	2091	0.6	1	2008 83
103	2053	0.6	1	2001 52
104	1766	0.6	1	1695 71
105	1635	0.6	1	1562 73
106	1558	0.6	1	1494 64
107	1620	0.6	1	1558 62
108	1389	0.6	1	1319 70
109	1301	0.6	1	1247 54
110	1256	0.6	1	1188 68
111	1048	0.6	1	989 59
112	897	0.6	1	864 33
113	778	0.6	1	725 53
114	764	0.6	1	716 48
115	646	0.6	1	581 65
116	654	0.6	1	602 52
117	589	0.6	1	542 47
118	627	0.6	1	578 49
119	512	0.6	1	460 52
120	611	0.6	1	511 100
121	633	0.6	1	538 95
122	431	0.6	1	396 35
123	373	0.6	1	344 29
124	202	0.6	1	182 20
125	219	0.6	1	199 20
126	181	0.6	1	150 31
127	218	0.6	1	192 26
128	214	0.6	1	183 31
129	236	0.6	1	201 35
130	948	0.6	1	796 152
131	23170	0.6	1	21440 1730
132	261	0.6	1	231 30
133	186	0.6	1	156 30
134	722	0.6	1	695 27
135	272	0.6	1	249 23
136	188	0.6	1	172 16
137	258	0.6	1	249 9
138	917	0.6	1	902 15
139	256	0.6	1	246 10
140	259	0.6	1	253 6
141	825	0.6	1	814 11
142	275	0.6	1	260 15
143	447	0.6	1	427 20
144	425	0.6	1	403 22
145	387	0.6	1	341 46
146	538	0.6	1	499 39
147	533	0.6	1	419 114
148	611	0.6	1	504 107
149	1423	0.6	1	432 991
150	93194	0.6	1	23130 70064

RUN STATISTICS FOR INPUT FILE: /vortexfs1/omics/tepolt/raw_reads/C_maenas/Cm_yrv_2023/25-058_R2_001.fastq.gz
=============================================
40283042 sequences processed in total

Total number of sequences analysed for the sequence pair length validation: 40283042

Number of sequence pairs removed because at least one read was shorter than the length cutoff (20 bp): 1451371 (3.60%)
