
SUMMARISING RUN PARAMETERS
==========================
Input filename: /vortexfs1/omics/tepolt/raw_reads/C_maenas/Cm_yrv_2023/25-053_R2_001.fastq.gz
Trimming mode: paired-end
Trim Galore version: 0.6.6
Cutadapt version: 3.5
Python version: could not detect
Number of cores used for trimming: 8
Quality Phred score cutoff: 20
Quality encoding type selected: ASCII+33
Adapter sequence: 'AGATCGGAAGAGC' (Illumina TruSeq, Sanger iPCR; user defined)
Maximum trimming error rate: 0.1 (default)
Minimum required adapter overlap (stringency): 1 bp
Minimum required sequence length for both reads before a sequence pair gets removed: 20 bp
Running FastQC on the data once trimming has completed
Running FastQC with the following extra arguments: --outdir /vortexfs1/scratch/yaamini.venkataraman/wc-green-crab/output/06b-trimgalore     --threads 28
Output file will be GZIP compressed


This is cutadapt 3.5 with Python 3.9.5
Command line parameters: -j 8 -e 0.1 -q 20 -O 1 -a AGATCGGAAGAGC /vortexfs1/omics/tepolt/raw_reads/C_maenas/Cm_yrv_2023/25-053_R2_001.fastq.gz
Processing reads on 8 cores in single-end mode ...
Finished in 116.49 s (2 µs/read; 26.65 M reads/minute).

=== Summary ===

Total reads processed:              51,745,762
Reads with adapters:                26,782,553 (51.8%)
Reads written (passing filters):    51,745,762 (100.0%)

Total basepairs processed: 7,761,864,300 bp
Quality-trimmed:              22,501,634 bp (0.3%)
Total written (filtered):  7,273,762,070 bp (93.7%)

=== Adapter 1 ===

Sequence: AGATCGGAAGAGC; Type: regular 3'; Length: 13; Trimmed: 26782553 times

Minimum overlap: 1
No. of allowed errors:
1-9 bp: 0; 10-13 bp: 1

Bases preceding removed adapters:
  A: 22.8%
  C: 31.3%
  G: 27.5%
  T: 18.4%
  none/other: 0.1%

Overview of removed sequences
length	count	expect	max.err	error counts
1	10144658	12936440.5	0	10144658
2	2741633	3234110.1	0	2741633
3	1004507	808527.5	0	1004507
4	435437	202131.9	0	435437
5	305803	50533.0	0	305803
6	267659	12633.2	0	267659
7	265811	3158.3	0	265811
8	253417	789.6	0	253417
9	247974	197.4	0	247039 935
10	253945	49.3	1	249321 4624
11	250340	12.3	1	245548 4792
12	258728	3.1	1	252922 5806
13	248423	0.8	1	243686 4737
14	254960	0.8	1	248862 6098
15	271354	0.8	1	264784 6570
16	239848	0.8	1	234472 5376
17	249813	0.8	1	242929 6884
18	245472	0.8	1	238741 6731
19	269542	0.8	1	261225 8317
20	243628	0.8	1	237454 6174
21	218166	0.8	1	212773 5393
22	220607	0.8	1	214897 5710
23	232769	0.8	1	226732 6037
24	247743	0.8	1	240358 7385
25	217999	0.8	1	212473 5526
26	224690	0.8	1	218666 6024
27	241819	0.8	1	235186 6633
28	200757	0.8	1	195700 5057
29	201541	0.8	1	196631 4910
30	208113	0.8	1	203281 4832
31	179150	0.8	1	175679 3471
32	200925	0.8	1	196315 4610
33	190446	0.8	1	186559 3887
34	241738	0.8	1	236274 5464
35	148615	0.8	1	145310 3305
36	195256	0.8	1	191088 4168
37	182061	0.8	1	178183 3878
38	176889	0.8	1	173388 3501
39	157862	0.8	1	154933 2929
40	206494	0.8	1	201992 4502
41	129723	0.8	1	126938 2785
42	150795	0.8	1	147763 3032
43	159204	0.8	1	155553 3651
44	145558	0.8	1	142636 2922
45	171024	0.8	1	166900 4124
46	138453	0.8	1	135361 3092
47	131142	0.8	1	128400 2742
48	151132	0.8	1	147953 3179
49	125713	0.8	1	123094 2619
50	119525	0.8	1	117001 2524
51	118654	0.8	1	115899 2755
52	125213	0.8	1	122420 2793
53	102294	0.8	1	100232 2062
54	108290	0.8	1	105943 2347
55	111467	0.8	1	108920 2547
56	100151	0.8	1	98126 2025
57	111591	0.8	1	108930 2661
58	125477	0.8	1	122949 2528
59	84582	0.8	1	82765 1817
60	94637	0.8	1	92935 1702
61	82742	0.8	1	81245 1497
62	83406	0.8	1	81891 1515
63	68356	0.8	1	67137 1219
64	87101	0.8	1	85541 1560
65	63242	0.8	1	62131 1111
66	68349	0.8	1	67084 1265
67	71135	0.8	1	69806 1329
68	60292	0.8	1	59231 1061
69	50702	0.8	1	49789 913
70	73321	0.8	1	72093 1228
71	30925	0.8	1	30222 703
72	44221	0.8	1	43443 778
73	47010	0.8	1	46161 849
74	48542	0.8	1	47699 843
75	51653	0.8	1	50940 713
76	15438	0.8	1	14983 455
77	33145	0.8	1	32640 505
78	33511	0.8	1	32900 611
79	30811	0.8	1	30184 627
80	29874	0.8	1	29239 635
81	27733	0.8	1	27108 625
82	25378	0.8	1	24573 805
83	23527	0.8	1	22727 800
84	20533	0.8	1	20071 462
85	19220	0.8	1	18777 443
86	18749	0.8	1	18312 437
87	18375	0.8	1	18016 359
88	16902	0.8	1	16588 314
89	16003	0.8	1	15664 339
90	14495	0.8	1	14177 318
91	13097	0.8	1	12837 260
92	11601	0.8	1	11376 225
93	9917	0.8	1	9690 227
94	8714	0.8	1	8520 194
95	7869	0.8	1	7674 195
96	7409	0.8	1	7239 170
97	6750	0.8	1	6594 156
98	6621	0.8	1	6490 131
99	6092	0.8	1	5950 142
100	5351	0.8	1	5232 119
101	4596	0.8	1	4486 110
102	4337	0.8	1	4170 167
103	3818	0.8	1	3695 123
104	3165	0.8	1	3063 102
105	2799	0.8	1	2705 94
106	2698	0.8	1	2582 116
107	3037	0.8	1	2906 131
108	3334	0.8	1	2976 358
109	2218	0.8	1	2120 98
110	2190	0.8	1	2062 128
111	1735	0.8	1	1648 87
112	1713	0.8	1	1592 121
113	1433	0.8	1	1323 110
114	1414	0.8	1	1314 100
115	1497	0.8	1	1316 181
116	1334	0.8	1	1186 148
117	1150	0.8	1	1017 133
118	1176	0.8	1	1033 143
119	1178	0.8	1	1035 143
120	2357	0.8	1	1907 450
121	2304	0.8	1	1778 526
122	1550	0.8	1	1356 194
123	668	0.8	1	595 73
124	491	0.8	1	438 53
125	440	0.8	1	391 49
126	492	0.8	1	416 76
127	514	0.8	1	430 84
128	677	0.8	1	507 170
129	778	0.8	1	570 208
130	5524	0.8	1	4306 1218
131	276114	0.8	1	255395 20719
132	1840	0.8	1	1734 106
133	668	0.8	1	629 39
134	756	0.8	1	730 26
135	577	0.8	1	558 19
136	347	0.8	1	331 16
137	472	0.8	1	453 19
138	778	0.8	1	764 14
139	488	0.8	1	472 16
140	505	0.8	1	493 12
141	978	0.8	1	966 12
142	528	0.8	1	517 11
143	692	0.8	1	680 12
144	886	0.8	1	863 23
145	800	0.8	1	783 17
146	1119	0.8	1	1084 35
147	986	0.8	1	939 47
148	1062	0.8	1	1026 36
149	773	0.8	1	615 158
150	22238	0.8	1	18338 3900

RUN STATISTICS FOR INPUT FILE: /vortexfs1/omics/tepolt/raw_reads/C_maenas/Cm_yrv_2023/25-053_R2_001.fastq.gz
=============================================
51745762 sequences processed in total

Total number of sequences analysed for the sequence pair length validation: 51745762

Number of sequence pairs removed because at least one read was shorter than the length cutoff (20 bp): 1142374 (2.21%)
