
SUMMARISING RUN PARAMETERS
==========================
Input filename: /vortexfs1/omics/tepolt/raw_reads/C_maenas/Cm_yrv_2023/25-052_R2_001.fastq.gz
Trimming mode: paired-end
Trim Galore version: 0.6.6
Cutadapt version: 3.5
Python version: could not detect
Number of cores used for trimming: 8
Quality Phred score cutoff: 20
Quality encoding type selected: ASCII+33
Adapter sequence: 'AGATCGGAAGAGC' (Illumina TruSeq, Sanger iPCR; user defined)
Maximum trimming error rate: 0.1 (default)
Minimum required adapter overlap (stringency): 1 bp
Minimum required sequence length for both reads before a sequence pair gets removed: 20 bp
Running FastQC on the data once trimming has completed
Running FastQC with the following extra arguments: --outdir /vortexfs1/scratch/yaamini.venkataraman/wc-green-crab/output/06b-trimgalore     --threads 28
Output file will be GZIP compressed


This is cutadapt 3.5 with Python 3.9.5
Command line parameters: -j 8 -e 0.1 -q 20 -O 1 -a AGATCGGAAGAGC /vortexfs1/omics/tepolt/raw_reads/C_maenas/Cm_yrv_2023/25-052_R2_001.fastq.gz
Processing reads on 8 cores in single-end mode ...
Finished in 74.07 s (2 µs/read; 24.65 M reads/minute).

=== Summary ===

Total reads processed:              30,427,334
Reads with adapters:                14,301,457 (47.0%)
Reads written (passing filters):    30,427,334 (100.0%)

Total basepairs processed: 4,564,100,100 bp
Quality-trimmed:              14,176,060 bp (0.3%)
Total written (filtered):  4,396,639,219 bp (96.3%)

=== Adapter 1 ===

Sequence: AGATCGGAAGAGC; Type: regular 3'; Length: 13; Trimmed: 14301457 times

Minimum overlap: 1
No. of allowed errors:
1-9 bp: 0; 10-13 bp: 1

Bases preceding removed adapters:
  A: 25.9%
  C: 28.8%
  G: 25.3%
  T: 19.9%
  none/other: 0.1%

Overview of removed sequences
length	count	expect	max.err	error counts
1	6765001	7606833.5	0	6765001
2	1773900	1901708.4	0	1773900
3	625225	475427.1	0	625225
4	242729	118856.8	0	242729
5	153293	29714.2	0	153293
6	128928	7428.5	0	128928
7	126687	1857.1	0	126687
8	120188	464.3	0	120188
9	117961	116.1	0	117361 600
10	119743	29.0	1	117326 2417
11	117435	7.3	1	114841 2594
12	121580	1.8	1	118758 2822
13	115287	0.5	1	113084 2203
14	118736	0.5	1	115758 2978
15	126723	0.5	1	123659 3064
16	113600	0.5	1	110911 2689
17	118019	0.5	1	114640 3379
18	114895	0.5	1	111628 3267
19	125631	0.5	1	121662 3969
20	117201	0.5	1	114236 2965
21	100577	0.5	1	97969 2608
22	101024	0.5	1	98487 2537
23	108160	0.5	1	105292 2868
24	108025	0.5	1	104799 3226
25	103445	0.5	1	100816 2629
26	101750	0.5	1	98890 2860
27	110129	0.5	1	106913 3216
28	90049	0.5	1	87752 2297
29	89360	0.5	1	87159 2201
30	87778	0.5	1	85690 2088
31	85455	0.5	1	83585 1870
32	87241	0.5	1	85193 2048
33	90003	0.5	1	87770 2233
34	89474	0.5	1	87407 2067
35	73093	0.5	1	71579 1514
36	82855	0.5	1	81026 1829
37	74915	0.5	1	73225 1690
38	80383	0.5	1	78495 1888
39	87363	0.5	1	85360 2003
40	56149	0.5	1	54801 1348
41	64480	0.5	1	63158 1322
42	60818	0.5	1	59660 1158
43	63953	0.5	1	62466 1487
44	56168	0.5	1	54985 1183
45	66015	0.5	1	64289 1726
46	50866	0.5	1	49627 1239
47	49174	0.5	1	48146 1028
48	53533	0.5	1	52363 1170
49	45100	0.5	1	44114 986
50	40924	0.5	1	40023 901
51	40647	0.5	1	39621 1026
52	40788	0.5	1	39810 978
53	33493	0.5	1	32822 671
54	34412	0.5	1	33615 797
55	34496	0.5	1	33651 845
56	29655	0.5	1	28962 693
57	30255	0.5	1	29502 753
58	33277	0.5	1	32555 722
59	22782	0.5	1	22275 507
60	23778	0.5	1	23327 451
61	19739	0.5	1	19356 383
62	20215	0.5	1	19810 405
63	16408	0.5	1	16108 300
64	19163	0.5	1	18809 354
65	13469	0.5	1	13236 233
66	14201	0.5	1	13925 276
67	13514	0.5	1	13217 297
68	11237	0.5	1	11030 207
69	9567	0.5	1	9378 189
70	12305	0.5	1	12055 250
71	5682	0.5	1	5546 136
72	7402	0.5	1	7241 161
73	7222	0.5	1	7064 158
74	7084	0.5	1	6938 146
75	7341	0.5	1	7235 106
76	2093	0.5	1	2017 76
77	4539	0.5	1	4413 126
78	4475	0.5	1	4392 83
79	4104	0.5	1	4004 100
80	3500	0.5	1	3408 92
81	3234	0.5	1	3146 88
82	2987	0.5	1	2915 72
83	2467	0.5	1	2393 74
84	2290	0.5	1	2220 70
85	2121	0.5	1	2052 69
86	2021	0.5	1	1950 71
87	1968	0.5	1	1906 62
88	1829	0.5	1	1774 55
89	1642	0.5	1	1582 60
90	1530	0.5	1	1502 28
91	1368	0.5	1	1315 53
92	1198	0.5	1	1151 47
93	1070	0.5	1	1035 35
94	935	0.5	1	896 39
95	899	0.5	1	866 33
96	739	0.5	1	705 34
97	694	0.5	1	661 33
98	657	0.5	1	625 32
99	627	0.5	1	592 35
100	611	0.5	1	566 45
101	539	0.5	1	510 29
102	449	0.5	1	431 18
103	461	0.5	1	431 30
104	413	0.5	1	381 32
105	361	0.5	1	341 20
106	321	0.5	1	300 21
107	413	0.5	1	389 24
108	316	0.5	1	299 17
109	279	0.5	1	252 27
110	256	0.5	1	243 13
111	247	0.5	1	229 18
112	230	0.5	1	215 15
113	228	0.5	1	211 17
114	223	0.5	1	203 20
115	180	0.5	1	164 16
116	157	0.5	1	143 14
117	161	0.5	1	145 16
118	162	0.5	1	144 18
119	131	0.5	1	115 16
120	130	0.5	1	118 12
121	131	0.5	1	119 12
122	94	0.5	1	82 12
123	95	0.5	1	75 20
124	94	0.5	1	76 18
125	86	0.5	1	76 10
126	57	0.5	1	48 9
127	68	0.5	1	59 9
128	74	0.5	1	66 8
129	59	0.5	1	50 9
130	116	0.5	1	103 13
131	1580	0.5	1	1422 158
132	86	0.5	1	61 25
133	78	0.5	1	58 20
134	163	0.5	1	157 6
135	76	0.5	1	68 8
136	72	0.5	1	59 13
137	87	0.5	1	80 7
138	166	0.5	1	159 7
139	89	0.5	1	83 6
140	116	0.5	1	111 5
141	192	0.5	1	185 7
142	113	0.5	1	105 8
143	178	0.5	1	173 5
144	198	0.5	1	190 8
145	176	0.5	1	170 6
146	281	0.5	1	265 16
147	282	0.5	1	267 15
148	202	0.5	1	188 14
149	228	0.5	1	143 85
150	11812	0.5	1	9873 1939

RUN STATISTICS FOR INPUT FILE: /vortexfs1/omics/tepolt/raw_reads/C_maenas/Cm_yrv_2023/25-052_R2_001.fastq.gz
=============================================
30427334 sequences processed in total

Total number of sequences analysed for the sequence pair length validation: 30427334

Number of sequence pairs removed because at least one read was shorter than the length cutoff (20 bp): 367405 (1.21%)
