
SUMMARISING RUN PARAMETERS
==========================
Input filename: /vortexfs1/omics/tepolt/raw_reads/C_maenas/Cm_yrv_2023/25-059_R1_001.fastq.gz
Trimming mode: paired-end
Trim Galore version: 0.6.6
Cutadapt version: 3.5
Python version: could not detect
Number of cores used for trimming: 8
Quality Phred score cutoff: 20
Quality encoding type selected: ASCII+33
Adapter sequence: 'AGATCGGAAGAGC' (Illumina TruSeq, Sanger iPCR; user defined)
Maximum trimming error rate: 0.1 (default)
Minimum required adapter overlap (stringency): 1 bp
Minimum required sequence length for both reads before a sequence pair gets removed: 20 bp
Running FastQC on the data once trimming has completed
Running FastQC with the following extra arguments: --outdir /vortexfs1/scratch/yaamini.venkataraman/wc-green-crab/output/06b-trimgalore     --threads 28
Output file will be GZIP compressed


This is cutadapt 3.5 with Python 3.9.5
Command line parameters: -j 8 -e 0.1 -q 20 -O 1 -a AGATCGGAAGAGC /vortexfs1/omics/tepolt/raw_reads/C_maenas/Cm_yrv_2023/25-059_R1_001.fastq.gz
Processing reads on 8 cores in single-end mode ...
Finished in 140.96 s (2 µs/read; 28.06 M reads/minute).

=== Summary ===

Total reads processed:              65,914,867
Reads with adapters:                38,029,697 (57.7%)
Reads written (passing filters):    65,914,867 (100.0%)

Total basepairs processed: 9,887,230,050 bp
Quality-trimmed:              37,735,067 bp (0.4%)
Total written (filtered):  8,623,347,579 bp (87.2%)

=== Adapter 1 ===

Sequence: AGATCGGAAGAGC; Type: regular 3'; Length: 13; Trimmed: 38029697 times

Minimum overlap: 1
No. of allowed errors:
1-9 bp: 0; 10-13 bp: 1

Bases preceding removed adapters:
  A: 17.4%
  C: 29.3%
  G: 21.8%
  T: 24.0%
  none/other: 7.4%

Overview of removed sequences
length	count	expect	max.err	error counts
1	10863297	16478716.8	0	10863297
2	3103022	4119679.2	0	3103022
3	1185500	1029919.8	0	1185500
4	538488	257479.9	0	538488
5	387957	64370.0	0	387957
6	348049	16092.5	0	348049
7	351237	4023.1	0	351237
8	338355	1005.8	0	338355
9	337879	251.4	0	335747 2132
10	342261	62.9	1	335662 6599
11	341923	15.7	1	335404 6519
12	341010	3.9	1	334342 6668
13	342960	1.0	1	335526 7434
14	343160	1.0	1	335945 7215
15	359363	1.0	1	351308 8055
16	350398	1.0	1	342606 7792
17	347490	1.0	1	339219 8271
18	343523	1.0	1	336471 7052
19	351414	1.0	1	343926 7488
20	333932	1.0	1	326745 7187
21	329605	1.0	1	322192 7413
22	325449	1.0	1	318855 6594
23	324121	1.0	1	317034 7087
24	325374	1.0	1	318483 6891
25	336147	1.0	1	328443 7704
26	321820	1.0	1	314843 6977
27	314985	1.0	1	307880 7105
28	314733	1.0	1	307021 7712
29	300552	1.0	1	294083 6469
30	293992	1.0	1	287900 6092
31	295047	1.0	1	288610 6437
32	298804	1.0	1	291805 6999
33	293953	1.0	1	287433 6520
34	290820	1.0	1	284047 6773
35	287758	1.0	1	280669 7089
36	282763	1.0	1	275959 6804
37	281826	1.0	1	275315 6511
38	279991	1.0	1	273550 6441
39	271063	1.0	1	264284 6779
40	263920	1.0	1	257356 6564
41	256560	1.0	1	249842 6718
42	256482	1.0	1	249237 7245
43	249177	1.0	1	241254 7923
44	370535	1.0	1	360054 10481
45	225532	1.0	1	218184 7348
46	317771	1.0	1	311479 6292
47	193773	1.0	1	176900 16873
48	1774113	1.0	1	1759340 14773
49	330679	1.0	1	320256 10423
50	271336	1.0	1	267533 3803
51	85162	1.0	1	81457 3705
52	246018	1.0	1	243796 2222
53	33392	1.0	1	31764 1628
54	64603	1.0	1	63822 781
55	20445	1.0	1	19781 664
56	25481	1.0	1	24904 577
57	11588	1.0	1	10730 858
58	66977	1.0	1	64867 2110
59	190744	1.0	1	188816 1928
60	26388	1.0	1	24578 1810
61	91985	1.0	1	90856 1129
62	16086	1.0	1	15384 702
63	9546	1.0	1	8729 817
64	70962	1.0	1	69025 1937
65	170972	1.0	1	169225 1747
66	43948	1.0	1	42984 964
67	10455	1.0	1	9954 501
68	15489	1.0	1	14873 616
69	38276	1.0	1	37465 811
70	46286	1.0	1	45447 839
71	37514	1.0	1	36867 647
72	19812	1.0	1	19290 522
73	20536	1.0	1	19792 744
74	55370	1.0	1	54337 1033
75	64191	1.0	1	63069 1122
76	65146	1.0	1	64009 1137
77	63237	1.0	1	61985 1252
78	60710	1.0	1	59519 1191
79	57432	1.0	1	56249 1183
80	55566	1.0	1	54310 1256
81	53899	1.0	1	52582 1317
82	56229	1.0	1	54744 1485
83	53739	1.0	1	52237 1502
84	41943	1.0	1	40959 984
85	45021	1.0	1	44144 877
86	39048	1.0	1	38254 794
87	36313	1.0	1	35577 736
88	34966	1.0	1	34168 798
89	32390	1.0	1	31640 750
90	29997	1.0	1	29372 625
91	27178	1.0	1	26557 621
92	25399	1.0	1	24928 471
93	22027	1.0	1	21483 544
94	19584	1.0	1	19190 394
95	17867	1.0	1	17458 409
96	16252	1.0	1	15902 350
97	15444	1.0	1	15089 355
98	16146	1.0	1	15682 464
99	14141	1.0	1	13757 384
100	13268	1.0	1	12902 366
101	12043	1.0	1	11723 320
102	14844	1.0	1	14358 486
103	10230	1.0	1	9943 287
104	8798	1.0	1	8578 220
105	8090	1.0	1	7824 266
106	8049	1.0	1	7769 280
107	12116	1.0	1	11737 379
108	13003	1.0	1	12540 463
109	6328	1.0	1	6112 216
110	6263	1.0	1	6025 238
111	5490	1.0	1	5233 257
112	5090	1.0	1	4857 233
113	4397	1.0	1	4157 240
114	5223	1.0	1	4909 314
115	6508	1.0	1	6224 284
116	5385	1.0	1	5155 230
117	5046	1.0	1	4863 183
118	6662	1.0	1	6442 220
119	6517	1.0	1	6283 234
120	9485	1.0	1	9200 285
121	12209	1.0	1	11852 357
122	9064	1.0	1	8781 283
123	2900	1.0	1	2744 156
124	1558	1.0	1	1394 164
125	1450	1.0	1	1282 168
126	1446	1.0	1	1251 195
127	1624	1.0	1	1403 221
128	2288	1.0	1	1977 311
129	2694	1.0	1	2302 392
130	18988	1.0	1	17590 1398
131	1028993	1.0	1	1013138 15855
132	5942	1.0	1	5590 352
133	2206	1.0	1	1891 315
134	3052	1.0	1	2723 329
135	2134	1.0	1	1796 338
136	1101	1.0	1	760 341
137	1363	1.0	1	1018 345
138	2765	1.0	1	2411 354
139	1294	1.0	1	893 401
140	1320	1.0	1	928 392
141	2914	1.0	1	2404 510
142	1485	1.0	1	988 497
143	1873	1.0	1	1346 527
144	2035	1.0	1	1342 693
145	2117	1.0	1	1191 926
146	2525	1.0	1	1522 1003
147	3300	1.0	1	1308 1992
148	4274	1.0	1	1488 2786
149	47816	1.0	1	1668 46148
150	2772333	1.0	1	49599 2722734

RUN STATISTICS FOR INPUT FILE: /vortexfs1/omics/tepolt/raw_reads/C_maenas/Cm_yrv_2023/25-059_R1_001.fastq.gz
=============================================
65914867 sequences processed in total

