
SUMMARISING RUN PARAMETERS
==========================
Input filename: /vortexfs1/omics/tepolt/raw_reads/C_maenas/Cm_yrv_2023/25-050_R2_001.fastq.gz
Trimming mode: paired-end
Trim Galore version: 0.6.6
Cutadapt version: 3.5
Python version: could not detect
Number of cores used for trimming: 8
Quality Phred score cutoff: 20
Quality encoding type selected: ASCII+33
Adapter sequence: 'AGATCGGAAGAGC' (Illumina TruSeq, Sanger iPCR; user defined)
Maximum trimming error rate: 0.1 (default)
Minimum required adapter overlap (stringency): 1 bp
Minimum required sequence length for both reads before a sequence pair gets removed: 20 bp
Running FastQC on the data once trimming has completed
Running FastQC with the following extra arguments: --outdir /vortexfs1/scratch/yaamini.venkataraman/wc-green-crab/output/06b-trimgalore     --threads 28
Output file will be GZIP compressed


This is cutadapt 3.5 with Python 3.9.5
Command line parameters: -j 8 -e 0.1 -q 20 -O 1 -a AGATCGGAAGAGC /vortexfs1/omics/tepolt/raw_reads/C_maenas/Cm_yrv_2023/25-050_R2_001.fastq.gz
Processing reads on 8 cores in single-end mode ...
Finished in 124.28 s (2 µs/read; 25.63 M reads/minute).

=== Summary ===

Total reads processed:              53,096,503
Reads with adapters:                25,875,420 (48.7%)
Reads written (passing filters):    53,096,503 (100.0%)

Total basepairs processed: 7,964,475,450 bp
Quality-trimmed:              21,683,613 bp (0.3%)
Total written (filtered):  7,635,235,659 bp (95.9%)

=== Adapter 1 ===

Sequence: AGATCGGAAGAGC; Type: regular 3'; Length: 13; Trimmed: 25875420 times

Minimum overlap: 1
No. of allowed errors:
1-9 bp: 0; 10-13 bp: 1

Bases preceding removed adapters:
  A: 24.6%
  C: 28.9%
  G: 27.9%
  T: 18.5%
  none/other: 0.0%

Overview of removed sequences
length	count	expect	max.err	error counts
1	11312219	13274125.8	0	11312219
2	3073686	3318531.4	0	3073686
3	1119509	829632.9	0	1119509
4	465224	207408.2	0	465224
5	314305	51852.1	0	314305
6	268011	12963.0	0	268011
7	263949	3240.8	0	263949
8	253244	810.2	0	253244
9	242246	202.5	0	241194 1052
10	244087	50.6	1	239465 4622
11	239016	12.7	1	234114 4902
12	244502	3.2	1	239033 5469
13	236379	0.8	1	231808 4571
14	239280	0.8	1	233631 5649
15	259618	0.8	1	253579 6039
16	230502	0.8	1	225177 5325
17	238307	0.8	1	231956 6351
18	235188	0.8	1	228823 6365
19	245941	0.8	1	238613 7328
20	233562	0.8	1	227731 5831
21	198717	0.8	1	193755 4962
22	203298	0.8	1	198294 5004
23	216969	0.8	1	211652 5317
24	222667	0.8	1	216201 6466
25	201024	0.8	1	196054 4970
26	202673	0.8	1	197475 5198
27	218090	0.8	1	212451 5639
28	182096	0.8	1	177569 4527
29	179868	0.8	1	175677 4191
30	173001	0.8	1	169211 3790
31	166351	0.8	1	163066 3285
32	168003	0.8	1	164562 3441
33	168686	0.8	1	165184 3502
34	182332	0.8	1	177887 4445
35	184166	0.8	1	180365 3801
36	142054	0.8	1	138945 3109
37	145164	0.8	1	142245 2919
38	155605	0.8	1	152549 3056
39	141630	0.8	1	138746 2884
40	141002	0.8	1	138185 2817
41	139443	0.8	1	136492 2951
42	114962	0.8	1	112820 2142
43	124047	0.8	1	121389 2658
44	114354	0.8	1	112169 2185
45	129252	0.8	1	126310 2942
46	106435	0.8	1	104049 2386
47	101523	0.8	1	99446 2077
48	109646	0.8	1	107380 2266
49	93420	0.8	1	91583 1837
50	84715	0.8	1	82923 1792
51	81873	0.8	1	80013 1860
52	82002	0.8	1	80185 1817
53	69016	0.8	1	67685 1331
54	69364	0.8	1	67887 1477
55	69934	0.8	1	68349 1585
56	60097	0.8	1	58881 1216
57	63105	0.8	1	61770 1335
58	66731	0.8	1	65391 1340
59	48123	0.8	1	47114 1009
60	48406	0.8	1	47536 870
61	44027	0.8	1	43183 844
62	41569	0.8	1	40767 802
63	32747	0.8	1	32148 599
64	38211	0.8	1	37505 706
65	28379	0.8	1	27856 523
66	28915	0.8	1	28391 524
67	28663	0.8	1	28130 533
68	24226	0.8	1	23772 454
69	19921	0.8	1	19543 378
70	25405	0.8	1	24921 484
71	11762	0.8	1	11485 277
72	14740	0.8	1	14481 259
73	14770	0.8	1	14434 336
74	14761	0.8	1	14477 284
75	14524	0.8	1	14319 205
76	4202	0.8	1	4079 123
77	9114	0.8	1	8923 191
78	8993	0.8	1	8822 171
79	8367	0.8	1	8164 203
80	7328	0.8	1	7144 184
81	6611	0.8	1	6461 150
82	5822	0.8	1	5671 151
83	5007	0.8	1	4852 155
84	4354	0.8	1	4229 125
85	4183	0.8	1	4015 168
86	3965	0.8	1	3851 114
87	3616	0.8	1	3508 108
88	3365	0.8	1	3284 81
89	3118	0.8	1	3022 96
90	2750	0.8	1	2667 83
91	2497	0.8	1	2420 77
92	2340	0.8	1	2267 73
93	1954	0.8	1	1877 77
94	1719	0.8	1	1656 63
95	1523	0.8	1	1453 70
96	1435	0.8	1	1381 54
97	1403	0.8	1	1341 62
98	1367	0.8	1	1313 54
99	1227	0.8	1	1173 54
100	1077	0.8	1	1039 38
101	1003	0.8	1	958 45
102	887	0.8	1	846 41
103	808	0.8	1	764 44
104	764	0.8	1	725 39
105	624	0.8	1	593 31
106	616	0.8	1	580 36
107	753	0.8	1	709 44
108	645	0.8	1	591 54
109	519	0.8	1	489 30
110	563	0.8	1	524 39
111	433	0.8	1	409 24
112	430	0.8	1	392 38
113	377	0.8	1	343 34
114	370	0.8	1	342 28
115	346	0.8	1	299 47
116	358	0.8	1	319 39
117	286	0.8	1	249 37
118	339	0.8	1	299 40
119	304	0.8	1	275 29
120	436	0.8	1	361 75
121	597	0.8	1	489 108
122	320	0.8	1	259 61
123	211	0.8	1	185 26
124	150	0.8	1	121 29
125	135	0.8	1	118 17
126	143	0.8	1	108 35
127	115	0.8	1	99 16
128	167	0.8	1	130 37
129	216	0.8	1	167 49
130	924	0.8	1	728 196
131	38805	0.8	1	35884 2921
132	199	0.8	1	162 37
133	149	0.8	1	127 22
134	237	0.8	1	226 11
135	137	0.8	1	133 4
136	118	0.8	1	110 8
137	152	0.8	1	144 8
138	221	0.8	1	211 10
139	163	0.8	1	148 15
140	187	0.8	1	179 8
141	396	0.8	1	381 15
142	191	0.8	1	180 11
143	350	0.8	1	344 6
144	329	0.8	1	321 8
145	326	0.8	1	319 7
146	539	0.8	1	517 22
147	535	0.8	1	494 41
148	400	0.8	1	392 8
149	239	0.8	1	175 64
150	9332	0.8	1	7889 1443

RUN STATISTICS FOR INPUT FILE: /vortexfs1/omics/tepolt/raw_reads/C_maenas/Cm_yrv_2023/25-050_R2_001.fastq.gz
=============================================
53096503 sequences processed in total

Total number of sequences analysed for the sequence pair length validation: 53096503

Number of sequence pairs removed because at least one read was shorter than the length cutoff (20 bp): 534173 (1.01%)
