
SUMMARISING RUN PARAMETERS
==========================
Input filename: /vortexfs1/omics/tepolt/raw_reads/C_maenas/Cm_yrv_2023/25-047_R2_001.fastq.gz
Trimming mode: paired-end
Trim Galore version: 0.6.6
Cutadapt version: 3.5
Python version: could not detect
Number of cores used for trimming: 8
Quality Phred score cutoff: 20
Quality encoding type selected: ASCII+33
Adapter sequence: 'AGATCGGAAGAGC' (Illumina TruSeq, Sanger iPCR; user defined)
Maximum trimming error rate: 0.1 (default)
Minimum required adapter overlap (stringency): 1 bp
Minimum required sequence length for both reads before a sequence pair gets removed: 20 bp
Running FastQC on the data once trimming has completed
Running FastQC with the following extra arguments: --outdir /vortexfs1/scratch/yaamini.venkataraman/wc-green-crab/output/06b-trimgalore     --threads 28
Output file will be GZIP compressed


This is cutadapt 3.5 with Python 3.9.5
Command line parameters: -j 8 -e 0.1 -q 20 -O 1 -a AGATCGGAAGAGC /vortexfs1/omics/tepolt/raw_reads/C_maenas/Cm_yrv_2023/25-047_R2_001.fastq.gz
Processing reads on 8 cores in single-end mode ...
Finished in 75.07 s (2 µs/read; 30.82 M reads/minute).

=== Summary ===

Total reads processed:              38,555,317
Reads with adapters:                17,871,666 (46.4%)
Reads written (passing filters):    38,555,317 (100.0%)

Total basepairs processed: 5,783,297,550 bp
Quality-trimmed:              26,735,927 bp (0.5%)
Total written (filtered):  5,072,492,994 bp (87.7%)

=== Adapter 1 ===

Sequence: AGATCGGAAGAGC; Type: regular 3'; Length: 13; Trimmed: 17871666 times

Minimum overlap: 1
No. of allowed errors:
1-9 bp: 0; 10-13 bp: 1

Bases preceding removed adapters:
  A: 18.0%
  C: 33.6%
  G: 29.9%
  T: 16.9%
  none/other: 1.7%

Overview of removed sequences
length	count	expect	max.err	error counts
1	3608894	9638829.2	0	3608894
2	988050	2409707.3	0	988050
3	388523	602426.8	0	388523
4	181465	150606.7	0	181465
5	138831	37651.7	0	138831
6	124322	9412.9	0	124322
7	123740	2353.2	0	123740
8	117961	588.3	0	117961
9	117067	147.1	0	116655 412
10	119516	36.8	1	117156 2360
11	119940	9.2	1	117405 2535
12	126124	2.3	1	122877 3247
13	126153	0.6	1	123409 2744
14	131645	0.6	1	128187 3458
15	144408	0.6	1	140821 3587
16	128639	0.6	1	125457 3182
17	135004	0.6	1	130972 4032
18	133721	0.6	1	129707 4014
19	148170	0.6	1	143151 5019
20	142841	0.6	1	138897 3944
21	122349	0.6	1	119170 3179
22	128424	0.6	1	124890 3534
23	137943	0.6	1	134134 3809
24	150170	0.6	1	145295 4875
25	134479	0.6	1	130736 3743
26	140793	0.6	1	136794 3999
27	154515	0.6	1	149877 4638
28	131802	0.6	1	128106 3696
29	132953	0.6	1	129501 3452
30	134454	0.6	1	131286 3168
31	134095	0.6	1	131121 2974
32	137863	0.6	1	134774 3089
33	141815	0.6	1	138598 3217
34	163702	0.6	1	159099 4603
35	165305	0.6	1	161443 3862
36	131951	0.6	1	128739 3212
37	137592	0.6	1	134624 2968
38	148506	0.6	1	145177 3329
39	143197	0.6	1	139968 3229
40	147639	0.6	1	144350 3289
41	153531	0.6	1	149923 3608
42	130533	0.6	1	127826 2707
43	148161	0.6	1	144768 3393
44	142924	0.6	1	139954 2970
45	171795	0.6	1	167438 4357
46	142952	0.6	1	139547 3405
47	142979	0.6	1	139757 3222
48	166018	0.6	1	162468 3550
49	144523	0.6	1	141430 3093
50	136194	0.6	1	133207 2987
51	140315	0.6	1	136867 3448
52	152603	0.6	1	148780 3823
53	131485	0.6	1	128700 2785
54	143316	0.6	1	140142 3174
55	153285	0.6	1	149572 3713
56	140026	0.6	1	137051 2975
57	162098	0.6	1	158345 3753
58	180688	0.6	1	176759 3929
59	140536	0.6	1	137437 3099
60	154577	0.6	1	151579 2998
61	141817	0.6	1	139294 2523
62	142156	0.6	1	139254 2902
63	125547	0.6	1	123268 2279
64	160600	0.6	1	157545 3055
65	128223	0.6	1	125898 2325
66	141543	0.6	1	138954 2589
67	148687	0.6	1	145865 2822
68	135199	0.6	1	132711 2488
69	116282	0.6	1	114222 2060
70	164851	0.6	1	162076 2775
71	83448	0.6	1	81479 1969
72	113667	0.6	1	111650 2017
73	126443	0.6	1	124134 2309
74	136010	0.6	1	133622 2388
75	149898	0.6	1	147909 1989
76	45938	0.6	1	44506 1432
77	106076	0.6	1	104276 1800
78	111650	0.6	1	109571 2079
79	109775	0.6	1	107716 2059
80	106460	0.6	1	104415 2045
81	103395	0.6	1	101351 2044
82	100273	0.6	1	98395 1878
83	95339	0.6	1	93508 1831
84	91415	0.6	1	89672 1743
85	91772	0.6	1	90059 1713
86	94804	0.6	1	93051 1753
87	95975	0.6	1	94112 1863
88	91849	0.6	1	90226 1623
89	88937	0.6	1	87337 1600
90	83479	0.6	1	82020 1459
91	80789	0.6	1	79258 1531
92	77280	0.6	1	75824 1456
93	67903	0.6	1	66715 1188
94	63806	0.6	1	62581 1225
95	59532	0.6	1	58465 1067
96	57060	0.6	1	56080 980
97	55943	0.6	1	54959 984
98	55498	0.6	1	54544 954
99	51686	0.6	1	50770 916
100	46940	0.6	1	46164 776
101	41392	0.6	1	40648 744
102	35488	0.6	1	34846 642
103	32093	0.6	1	31473 620
104	28150	0.6	1	27584 566
105	24943	0.6	1	24434 509
106	23400	0.6	1	22959 441
107	22742	0.6	1	22289 453
108	20662	0.6	1	20231 431
109	19050	0.6	1	18690 360
110	17524	0.6	1	17173 351
111	14544	0.6	1	14162 382
112	12594	0.6	1	12210 384
113	10198	0.6	1	9914 284
114	9165	0.6	1	8903 262
115	8144	0.6	1	7894 250
116	8066	0.6	1	7700 366
117	6576	0.6	1	6234 342
118	6402	0.6	1	6137 265
119	5679	0.6	1	5434 245
120	5611	0.6	1	5284 327
121	6683	0.6	1	6157 526
122	4821	0.6	1	4478 343
123	3809	0.6	1	3642 167
124	2220	0.6	1	2133 87
125	1655	0.6	1	1594 61
126	1269	0.6	1	1222 47
127	1535	0.6	1	1491 44
128	1396	0.6	1	1353 43
129	1998	0.6	1	1915 83
130	3064	0.6	1	2905 159
131	22897	0.6	1	18029 4868
132	1735	0.6	1	1596 139
133	1359	0.6	1	1305 54
134	12136	0.6	1	11974 162
135	2602	0.6	1	2549 53
136	1480	0.6	1	1448 32
137	2922	0.6	1	2870 52
138	7682	0.6	1	7558 124
139	2454	0.6	1	2415 39
140	2443	0.6	1	2399 44
141	7109	0.6	1	6992 117
142	3735	0.6	1	3674 61
143	3979	0.6	1	3923 56
144	3816	0.6	1	3754 62
145	3167	0.6	1	3076 91
146	4637	0.6	1	4519 118
147	3614	0.6	1	3479 135
148	4156	0.6	1	3955 201
149	6415	0.6	1	5355 1060
150	301410	0.6	1	262421 38989

RUN STATISTICS FOR INPUT FILE: /vortexfs1/omics/tepolt/raw_reads/C_maenas/Cm_yrv_2023/25-047_R2_001.fastq.gz
=============================================
38555317 sequences processed in total

Total number of sequences analysed for the sequence pair length validation: 38555317

Number of sequence pairs removed because at least one read was shorter than the length cutoff (20 bp): 12512598 (32.45%)
