
SUMMARISING RUN PARAMETERS
==========================
Input filename: /vortexfs1/omics/tepolt/raw_reads/C_maenas/Cm_yrv_2023/25-055_R1_001.fastq.gz
Trimming mode: paired-end
Trim Galore version: 0.6.6
Cutadapt version: 3.5
Python version: could not detect
Number of cores used for trimming: 8
Quality Phred score cutoff: 20
Quality encoding type selected: ASCII+33
Adapter sequence: 'AGATCGGAAGAGC' (Illumina TruSeq, Sanger iPCR; user defined)
Maximum trimming error rate: 0.1 (default)
Minimum required adapter overlap (stringency): 1 bp
Minimum required sequence length for both reads before a sequence pair gets removed: 20 bp
Running FastQC on the data once trimming has completed
Running FastQC with the following extra arguments: --outdir /vortexfs1/scratch/yaamini.venkataraman/wc-green-crab/output/06b-trimgalore     --threads 28
Output file will be GZIP compressed


This is cutadapt 3.5 with Python 3.9.5
Command line parameters: -j 8 -e 0.1 -q 20 -O 1 -a AGATCGGAAGAGC /vortexfs1/omics/tepolt/raw_reads/C_maenas/Cm_yrv_2023/25-055_R1_001.fastq.gz
Processing reads on 8 cores in single-end mode ...
Finished in 74.24 s (2 µs/read; 26.62 M reads/minute).

=== Summary ===

Total reads processed:              32,933,107
Reads with adapters:                14,364,123 (43.6%)
Reads written (passing filters):    32,933,107 (100.0%)

Total basepairs processed: 4,939,966,050 bp
Quality-trimmed:               8,607,849 bp (0.2%)
Total written (filtered):  4,697,079,472 bp (95.1%)

=== Adapter 1 ===

Sequence: AGATCGGAAGAGC; Type: regular 3'; Length: 13; Trimmed: 14364123 times

Minimum overlap: 1
No. of allowed errors:
1-9 bp: 0; 10-13 bp: 1

Bases preceding removed adapters:
  A: 24.1%
  C: 27.0%
  G: 20.2%
  T: 22.8%
  none/other: 5.9%

Overview of removed sequences
length	count	expect	max.err	error counts
1	7133605	8233276.8	0	7133605
2	1908482	2058319.2	0	1908482
3	707590	514579.8	0	707590
4	223007	128644.9	0	223007
5	137461	32161.2	0	137461
6	110638	8040.3	0	110638
7	107738	2010.1	0	107738
8	101724	502.5	0	101724
9	100198	125.6	0	99357 841
10	100205	31.4	1	97643 2562
11	97981	7.9	1	95958 2023
12	96610	2.0	1	94588 2022
13	95757	0.5	1	93451 2306
14	94172	0.5	1	92091 2081
15	98056	0.5	1	95608 2448
16	91952	0.5	1	89833 2119
17	90955	0.5	1	88671 2284
18	87959	0.5	1	86006 1953
19	88190	0.5	1	86118 2072
20	85684	0.5	1	83693 1991
21	81451	0.5	1	79475 1976
22	78910	0.5	1	77163 1747
23	77919	0.5	1	76090 1829
24	76870	0.5	1	75089 1781
25	76689	0.5	1	74775 1914
26	73085	0.5	1	71458 1627
27	70752	0.5	1	68986 1766
28	68558	0.5	1	66719 1839
29	64154	0.5	1	62696 1458
30	61514	0.5	1	60138 1376
31	60862	0.5	1	59412 1450
32	63660	0.5	1	61564 2096
33	103682	0.5	1	102119 1563
34	7932	0.5	1	7067 865
35	54235	0.5	1	53048 1187
36	52531	0.5	1	51176 1355
37	52178	0.5	1	50888 1290
38	48961	0.5	1	47790 1171
39	46252	0.5	1	45108 1144
40	45512	0.5	1	44311 1201
41	42914	0.5	1	41741 1173
42	40133	0.5	1	38944 1189
43	39971	0.5	1	38543 1428
44	52643	0.5	1	50873 1770
45	35270	0.5	1	34125 1145
46	47646	0.5	1	46771 875
47	15597	0.5	1	14351 1246
48	92230	0.5	1	90555 1675
49	65752	0.5	1	64808 944
50	16977	0.5	1	16430 547
51	14128	0.5	1	13662 466
52	28540	0.5	1	28211 329
53	6725	0.5	1	6386 339
54	24969	0.5	1	24764 205
55	4025	0.5	1	3848 177
56	9160	0.5	1	9006 154
57	5793	0.5	1	5639 154
58	8352	0.5	1	8039 313
59	23205	0.5	1	22912 293
60	5505	0.5	1	5252 253
61	9490	0.5	1	9328 162
62	1005	0.5	1	925 80
63	1741	0.5	1	1650 91
64	5550	0.5	1	5356 194
65	14645	0.5	1	14502 143
66	1084	0.5	1	1002 82
67	671	0.5	1	601 70
68	3669	0.5	1	3576 93
69	4373	0.5	1	4248 125
70	4535	0.5	1	4435 100
71	3483	0.5	1	3423 60
72	1630	0.5	1	1579 51
73	1245	0.5	1	1194 51
74	2947	0.5	1	2874 73
75	3226	0.5	1	3141 85
76	3127	0.5	1	3052 75
77	2844	0.5	1	2744 100
78	2739	0.5	1	2673 66
79	2481	0.5	1	2397 84
80	2346	0.5	1	2243 103
81	2167	0.5	1	2076 91
82	1888	0.5	1	1808 80
83	1752	0.5	1	1679 73
84	1552	0.5	1	1495 57
85	1458	0.5	1	1392 66
86	1519	0.5	1	1449 70
87	1380	0.5	1	1320 60
88	1332	0.5	1	1263 69
89	1242	0.5	1	1189 53
90	1176	0.5	1	1128 48
91	1070	0.5	1	1018 52
92	1021	0.5	1	979 42
93	947	0.5	1	878 69
94	888	0.5	1	846 42
95	768	0.5	1	722 46
96	736	0.5	1	710 26
97	686	0.5	1	642 44
98	679	0.5	1	647 32
99	656	0.5	1	624 32
100	634	0.5	1	595 39
101	554	0.5	1	521 33
102	524	0.5	1	492 32
103	545	0.5	1	514 31
104	461	0.5	1	434 27
105	409	0.5	1	382 27
106	411	0.5	1	373 38
107	382	0.5	1	358 24
108	372	0.5	1	338 34
109	358	0.5	1	320 38
110	334	0.5	1	305 29
111	341	0.5	1	305 36
112	346	0.5	1	302 44
113	312	0.5	1	274 38
114	298	0.5	1	245 53
115	274	0.5	1	217 57
116	234	0.5	1	199 35
117	245	0.5	1	219 26
118	243	0.5	1	219 24
119	233	0.5	1	205 28
120	189	0.5	1	164 25
121	205	0.5	1	171 34
122	162	0.5	1	130 32
123	214	0.5	1	175 39
124	134	0.5	1	100 34
125	145	0.5	1	106 39
126	162	0.5	1	105 57
127	114	0.5	1	70 44
128	161	0.5	1	106 55
129	158	0.5	1	98 60
130	372	0.5	1	284 88
131	1394	0.5	1	1278 116
132	268	0.5	1	161 107
133	247	0.5	1	161 86
134	559	0.5	1	477 82
135	275	0.5	1	178 97
136	264	0.5	1	146 118
137	321	0.5	1	212 109
138	462	0.5	1	343 119
139	281	0.5	1	173 108
140	381	0.5	1	231 150
141	687	0.5	1	538 149
142	424	0.5	1	264 160
143	547	0.5	1	354 193
144	671	0.5	1	446 225
145	667	0.5	1	398 269
146	800	0.5	1	493 307
147	1085	0.5	1	453 632
148	1332	0.5	1	453 879
149	16330	0.5	1	447 15883
150	828648	0.5	1	21287 807361

RUN STATISTICS FOR INPUT FILE: /vortexfs1/omics/tepolt/raw_reads/C_maenas/Cm_yrv_2023/25-055_R1_001.fastq.gz
=============================================
32933107 sequences processed in total

