
SUMMARISING RUN PARAMETERS
==========================
Input filename: /vortexfs1/omics/tepolt/raw_reads/C_maenas/Cm_yrv_2023/25-048_R2_001.fastq.gz
Trimming mode: paired-end
Trim Galore version: 0.6.6
Cutadapt version: 3.5
Python version: could not detect
Number of cores used for trimming: 8
Quality Phred score cutoff: 20
Quality encoding type selected: ASCII+33
Adapter sequence: 'AGATCGGAAGAGC' (Illumina TruSeq, Sanger iPCR; user defined)
Maximum trimming error rate: 0.1 (default)
Minimum required adapter overlap (stringency): 1 bp
Minimum required sequence length for both reads before a sequence pair gets removed: 20 bp
Running FastQC on the data once trimming has completed
Running FastQC with the following extra arguments: --outdir /vortexfs1/scratch/yaamini.venkataraman/wc-green-crab/output/06b-trimgalore     --threads 28
Output file will be GZIP compressed


This is cutadapt 3.5 with Python 3.9.5
Command line parameters: -j 8 -e 0.1 -q 20 -O 1 -a AGATCGGAAGAGC /vortexfs1/omics/tepolt/raw_reads/C_maenas/Cm_yrv_2023/25-048_R2_001.fastq.gz
Processing reads on 8 cores in single-end mode ...
Finished in 71.53 s (3 µs/read; 23.55 M reads/minute).

=== Summary ===

Total reads processed:              28,073,566
Reads with adapters:                12,897,237 (45.9%)
Reads written (passing filters):    28,073,566 (100.0%)

Total basepairs processed: 4,211,034,900 bp
Quality-trimmed:              15,058,741 bp (0.4%)
Total written (filtered):  4,042,357,307 bp (96.0%)

=== Adapter 1 ===

Sequence: AGATCGGAAGAGC; Type: regular 3'; Length: 13; Trimmed: 12897237 times

Minimum overlap: 1
No. of allowed errors:
1-9 bp: 0; 10-13 bp: 1

Bases preceding removed adapters:
  A: 24.7%
  C: 29.2%
  G: 27.5%
  T: 18.6%
  none/other: 0.1%

Overview of removed sequences
length	count	expect	max.err	error counts
1	5994450	7018391.5	0	5994450
2	1664429	1754597.9	0	1664429
3	596851	438649.5	0	596851
4	242046	109662.4	0	242046
5	159149	27415.6	0	159149
6	131702	6853.9	0	131702
7	128160	1713.5	0	128160
8	121779	428.4	0	121779
9	118070	107.1	0	117530 540
10	119066	26.8	1	116353 2713
11	115784	6.7	1	113061 2723
12	118913	1.7	1	115812 3101
13	112008	0.4	1	109498 2510
14	114095	0.4	1	110961 3134
15	121193	0.4	1	117869 3324
16	107375	0.4	1	104559 2816
17	109449	0.4	1	106073 3376
18	105638	0.4	1	102385 3253
19	113261	0.4	1	109377 3884
20	104529	0.4	1	101536 2993
21	90103	0.4	1	87526 2577
22	90758	0.4	1	88187 2571
23	94280	0.4	1	91556 2724
24	95292	0.4	1	92125 3167
25	90376	0.4	1	87703 2673
26	89098	0.4	1	86395 2703
27	95103	0.4	1	92080 3023
28	77212	0.4	1	74956 2256
29	74780	0.4	1	72691 2089
30	73583	0.4	1	71643 1940
31	69463	0.4	1	67772 1691
32	70822	0.4	1	68892 1930
33	71784	0.4	1	69843 1941
34	71980	0.4	1	70016 1964
35	57480	0.4	1	56151 1329
36	64908	0.4	1	63232 1676
37	58039	0.4	1	56520 1519
38	60331	0.4	1	58687 1644
39	65761	0.4	1	64061 1700
40	41071	0.4	1	40019 1052
41	46209	0.4	1	45029 1180
42	43843	0.4	1	42834 1009
43	45488	0.4	1	44262 1226
44	39934	0.4	1	38964 970
45	45935	0.4	1	44611 1324
46	35574	0.4	1	34587 987
47	33914	0.4	1	33080 834
48	35628	0.4	1	34767 861
49	29714	0.4	1	28971 743
50	26433	0.4	1	25730 703
51	26284	0.4	1	25522 762
52	25802	0.4	1	25074 728
53	21033	0.4	1	20550 483
54	21635	0.4	1	20994 641
55	20882	0.4	1	20294 588
56	17809	0.4	1	17331 478
57	18154	0.4	1	17654 500
58	19707	0.4	1	19201 506
59	13629	0.4	1	13278 351
60	13357	0.4	1	13087 270
61	11270	0.4	1	10997 273
62	11479	0.4	1	11197 282
63	9266	0.4	1	9059 207
64	10950	0.4	1	10726 224
65	7629	0.4	1	7481 148
66	8056	0.4	1	7853 203
67	7730	0.4	1	7517 213
68	6285	0.4	1	6129 156
69	5378	0.4	1	5261 117
70	7047	0.4	1	6885 162
71	3212	0.4	1	3095 117
72	4088	0.4	1	3970 118
73	4313	0.4	1	4171 142
74	4103	0.4	1	3985 118
75	4164	0.4	1	4082 82
76	1272	0.4	1	1220 52
77	2698	0.4	1	2628 70
78	2717	0.4	1	2648 69
79	2449	0.4	1	2365 84
80	2165	0.4	1	2098 67
81	2070	0.4	1	1999 71
82	1885	0.4	1	1806 79
83	1660	0.4	1	1576 84
84	1552	0.4	1	1495 57
85	1386	0.4	1	1327 59
86	1393	0.4	1	1328 65
87	1321	0.4	1	1269 52
88	1350	0.4	1	1291 59
89	1216	0.4	1	1162 54
90	1120	0.4	1	1065 55
91	1016	0.4	1	962 54
92	975	0.4	1	920 55
93	784	0.4	1	733 51
94	749	0.4	1	707 42
95	676	0.4	1	646 30
96	679	0.4	1	640 39
97	593	0.4	1	557 36
98	641	0.4	1	609 32
99	656	0.4	1	615 41
100	589	0.4	1	543 46
101	533	0.4	1	498 35
102	540	0.4	1	498 42
103	466	0.4	1	434 32
104	472	0.4	1	437 35
105	419	0.4	1	383 36
106	443	0.4	1	395 48
107	478	0.4	1	440 38
108	680	0.4	1	582 98
109	414	0.4	1	377 37
110	455	0.4	1	412 43
111	430	0.4	1	383 47
112	424	0.4	1	370 54
113	417	0.4	1	366 51
114	447	0.4	1	389 58
115	553	0.4	1	461 92
116	568	0.4	1	462 106
117	487	0.4	1	405 82
118	507	0.4	1	408 99
119	581	0.4	1	460 121
120	1492	0.4	1	1207 285
121	2302	0.4	1	1789 513
122	1128	0.4	1	968 160
123	382	0.4	1	323 59
124	217	0.4	1	167 50
125	218	0.4	1	157 61
126	217	0.4	1	161 56
127	222	0.4	1	160 62
128	435	0.4	1	276 159
129	517	0.4	1	313 204
130	3899	0.4	1	2865 1034
131	243417	0.4	1	225503 17914
132	536	0.4	1	487 49
133	200	0.4	1	181 19
134	222	0.4	1	204 18
135	126	0.4	1	119 7
136	101	0.4	1	95 6
137	131	0.4	1	123 8
138	214	0.4	1	210 4
139	119	0.4	1	114 5
140	173	0.4	1	169 4
141	309	0.4	1	298 11
142	183	0.4	1	178 5
143	239	0.4	1	234 5
144	285	0.4	1	277 8
145	299	0.4	1	292 7
146	369	0.4	1	355 14
147	406	0.4	1	388 18
148	400	0.4	1	379 21
149	230	0.4	1	181 49
150	9218	0.4	1	7808 1410

RUN STATISTICS FOR INPUT FILE: /vortexfs1/omics/tepolt/raw_reads/C_maenas/Cm_yrv_2023/25-048_R2_001.fastq.gz
=============================================
28073566 sequences processed in total

Total number of sequences analysed for the sequence pair length validation: 28073566

Number of sequence pairs removed because at least one read was shorter than the length cutoff (20 bp): 731107 (2.60%)
