
SUMMARISING RUN PARAMETERS
==========================
Input filename: /vortexfs1/omics/tepolt/raw_reads/C_maenas/Cm_yrv_2023/25-059_R2_001.fastq.gz
Trimming mode: paired-end
Trim Galore version: 0.6.6
Cutadapt version: 3.5
Python version: could not detect
Number of cores used for trimming: 8
Quality Phred score cutoff: 20
Quality encoding type selected: ASCII+33
Adapter sequence: 'AGATCGGAAGAGC' (Illumina TruSeq, Sanger iPCR; user defined)
Maximum trimming error rate: 0.1 (default)
Minimum required adapter overlap (stringency): 1 bp
Minimum required sequence length for both reads before a sequence pair gets removed: 20 bp
Running FastQC on the data once trimming has completed
Running FastQC with the following extra arguments: --outdir /vortexfs1/scratch/yaamini.venkataraman/wc-green-crab/output/06b-trimgalore     --threads 28
Output file will be GZIP compressed


This is cutadapt 3.5 with Python 3.9.5
Command line parameters: -j 8 -e 0.1 -q 20 -O 1 -a AGATCGGAAGAGC /vortexfs1/omics/tepolt/raw_reads/C_maenas/Cm_yrv_2023/25-059_R2_001.fastq.gz
Processing reads on 8 cores in single-end mode ...
Finished in 150.58 s (2 µs/read; 26.26 M reads/minute).

=== Summary ===

Total reads processed:              65,914,867
Reads with adapters:                35,771,444 (54.3%)
Reads written (passing filters):    65,914,867 (100.0%)

Total basepairs processed: 9,887,230,050 bp
Quality-trimmed:              34,484,675 bp (0.3%)
Total written (filtered):  9,029,760,425 bp (91.3%)

=== Adapter 1 ===

Sequence: AGATCGGAAGAGC; Type: regular 3'; Length: 13; Trimmed: 35771444 times

Minimum overlap: 1
No. of allowed errors:
1-9 bp: 0; 10-13 bp: 1

Bases preceding removed adapters:
  A: 20.7%
  C: 32.6%
  G: 28.8%
  T: 17.6%
  none/other: 0.2%

Overview of removed sequences
length	count	expect	max.err	error counts
1	11407811	16478716.8	0	11407811
2	3225760	4119679.2	0	3225760
3	1187490	1029919.8	0	1187490
4	542750	257479.9	0	542750
5	396288	64370.0	0	396288
6	351892	16092.5	0	351892
7	352023	4023.1	0	352023
8	339152	1005.8	0	339152
9	334750	251.4	0	333534 1216
10	343619	62.9	1	337306 6313
11	340232	15.7	1	333437 6795
12	348150	3.9	1	340132 8018
13	335419	1.0	1	328619 6800
14	343543	1.0	1	335107 8436
15	366582	1.0	1	357395 9187
16	337142	1.0	1	329100 8042
17	349656	1.0	1	339645 10011
18	345084	1.0	1	334974 10110
19	377217	1.0	1	364965 12252
20	346599	1.0	1	337242 9357
21	306927	1.0	1	299012 7915
22	321652	1.0	1	313454 8198
23	322662	1.0	1	314114 8548
24	354931	1.0	1	343905 11026
25	315839	1.0	1	307523 8316
26	320316	1.0	1	311508 8808
27	350055	1.0	1	340270 9785
28	297865	1.0	1	290004 7861
29	290420	1.0	1	283205 7215
30	296623	1.0	1	289680 6943
31	278591	1.0	1	272781 5810
32	293355	1.0	1	286716 6639
33	314120	1.0	1	306664 7456
34	278842	1.0	1	272565 6277
35	295059	1.0	1	287631 7428
36	307488	1.0	1	300471 7017
37	260436	1.0	1	254374 6062
38	268965	1.0	1	263093 5872
39	308092	1.0	1	301491 6601
40	237892	1.0	1	232788 5104
41	259812	1.0	1	254449 5363
42	224606	1.0	1	219970 4636
43	241965	1.0	1	236384 5581
44	222441	1.0	1	217597 4844
45	262090	1.0	1	255474 6616
46	222061	1.0	1	216900 5161
47	204826	1.0	1	200135 4691
48	235495	1.0	1	230355 5140
49	198702	1.0	1	194367 4335
50	189408	1.0	1	185063 4345
51	186535	1.0	1	182008 4527
52	191096	1.0	1	186372 4724
53	166419	1.0	1	163042 3377
54	183166	1.0	1	178985 4181
55	184549	1.0	1	180184 4365
56	166802	1.0	1	163181 3621
57	191956	1.0	1	187471 4485
58	210585	1.0	1	206225 4360
59	137845	1.0	1	134688 3157
60	161397	1.0	1	158438 2959
61	139214	1.0	1	136676 2538
62	137893	1.0	1	135049 2844
63	122614	1.0	1	120229 2385
64	147413	1.0	1	144461 2952
65	109428	1.0	1	107341 2087
66	116768	1.0	1	114565 2203
67	118006	1.0	1	115716 2290
68	104478	1.0	1	102502 1976
69	89057	1.0	1	87426 1631
70	123724	1.0	1	121534 2190
71	58670	1.0	1	57312 1358
72	78643	1.0	1	77174 1469
73	83044	1.0	1	81445 1599
74	85015	1.0	1	83391 1624
75	88433	1.0	1	87140 1293
76	26174	1.0	1	25316 858
77	59709	1.0	1	58670 1039
78	60662	1.0	1	59481 1181
79	57230	1.0	1	56041 1189
80	55175	1.0	1	53823 1352
81	52504	1.0	1	50773 1731
82	50648	1.0	1	47800 2848
83	48206	1.0	1	45013 3193
84	40777	1.0	1	39363 1414
85	38461	1.0	1	36929 1532
86	37588	1.0	1	36507 1081
87	36207	1.0	1	35317 890
88	34582	1.0	1	33894 688
89	32057	1.0	1	31290 767
90	29230	1.0	1	28656 574
91	26789	1.0	1	26151 638
92	24366	1.0	1	23848 518
93	21233	1.0	1	20733 500
94	18608	1.0	1	18166 442
95	17078	1.0	1	16702 376
96	15532	1.0	1	15174 358
97	14782	1.0	1	14391 391
98	14648	1.0	1	14105 543
99	13822	1.0	1	13323 499
100	12568	1.0	1	12127 441
101	11425	1.0	1	10938 487
102	13695	1.0	1	12814 881
103	9607	1.0	1	9220 387
104	8509	1.0	1	8161 348
105	7751	1.0	1	7373 378
106	7625	1.0	1	7163 462
107	11780	1.0	1	11076 704
108	11899	1.0	1	10179 1720
109	6157	1.0	1	5823 334
110	5995	1.0	1	5507 488
111	5230	1.0	1	4861 369
112	4856	1.0	1	4401 455
113	4185	1.0	1	3865 320
114	5097	1.0	1	4669 428
115	5988	1.0	1	5057 931
116	5026	1.0	1	4287 739
117	4694	1.0	1	4019 675
118	6108	1.0	1	5086 1022
119	5917	1.0	1	4765 1152
120	8604	1.0	1	6797 1807
121	11174	1.0	1	8621 2553
122	8468	1.0	1	7207 1261
123	2679	1.0	1	2373 306
124	1495	1.0	1	1321 174
125	1300	1.0	1	1107 193
126	1291	1.0	1	1062 229
127	1518	1.0	1	1222 296
128	2353	1.0	1	1692 661
129	2703	1.0	1	1888 815
130	21673	1.0	1	16698 4975
131	989148	1.0	1	911884 77264
132	5557	1.0	1	5280 277
133	1907	1.0	1	1797 110
134	2790	1.0	1	2721 69
135	1817	1.0	1	1770 47
136	819	1.0	1	793 26
137	1028	1.0	1	1004 24
138	2490	1.0	1	2442 48
139	909	1.0	1	882 27
140	943	1.0	1	914 29
141	2490	1.0	1	2445 45
142	1013	1.0	1	987 26
143	1392	1.0	1	1363 29
144	1359	1.0	1	1325 34
145	1230	1.0	1	1187 43
146	1575	1.0	1	1530 45
147	1397	1.0	1	1274 123
148	1538	1.0	1	1456 82
149	2142	1.0	1	1465 677
150	71017	1.0	1	50298 20719

RUN STATISTICS FOR INPUT FILE: /vortexfs1/omics/tepolt/raw_reads/C_maenas/Cm_yrv_2023/25-059_R2_001.fastq.gz
=============================================
65914867 sequences processed in total

Total number of sequences analysed for the sequence pair length validation: 65914867

Number of sequence pairs removed because at least one read was shorter than the length cutoff (20 bp): 3953837 (6.00%)
