
SUMMARISING RUN PARAMETERS
==========================
Input filename: /vortexfs1/omics/tepolt/raw_reads/C_maenas/Cm_yrv_2023/25-047_R1_001.fastq.gz
Trimming mode: paired-end
Trim Galore version: 0.6.6
Cutadapt version: 3.5
Python version: could not detect
Number of cores used for trimming: 8
Quality Phred score cutoff: 20
Quality encoding type selected: ASCII+33
Adapter sequence: 'AGATCGGAAGAGC' (Illumina TruSeq, Sanger iPCR; user defined)
Maximum trimming error rate: 0.1 (default)
Minimum required adapter overlap (stringency): 1 bp
Minimum required sequence length for both reads before a sequence pair gets removed: 20 bp
Running FastQC on the data once trimming has completed
Running FastQC with the following extra arguments: --outdir /vortexfs1/scratch/yaamini.venkataraman/wc-green-crab/output/06b-trimgalore     --threads 28
Output file will be GZIP compressed


This is cutadapt 3.5 with Python 3.9.5
Command line parameters: -j 8 -e 0.1 -q 20 -O 1 -a AGATCGGAAGAGC /vortexfs1/omics/tepolt/raw_reads/C_maenas/Cm_yrv_2023/25-047_R1_001.fastq.gz
Processing reads on 8 cores in single-end mode ...
Finished in 57.78 s (1 µs/read; 40.03 M reads/minute).

=== Summary ===

Total reads processed:              38,555,317
Reads with adapters:                29,606,243 (76.8%)
Reads written (passing filters):    38,555,317 (100.0%)

Total basepairs processed: 5,783,297,550 bp
Quality-trimmed:              34,694,878 bp (0.6%)
Total written (filtered):  3,274,373,322 bp (56.6%)

=== Adapter 1 ===

Sequence: AGATCGGAAGAGC; Type: regular 3'; Length: 13; Trimmed: 29606243 times

Minimum overlap: 1
No. of allowed errors:
1-9 bp: 0; 10-13 bp: 1

Bases preceding removed adapters:
  A: 9.5%
  C: 18.1%
  G: 16.1%
  T: 15.0%
  none/other: 41.3%

Overview of removed sequences
length	count	expect	max.err	error counts
1	3297090	9638829.2	0	3297090
2	883429	2409707.3	0	883429
3	409271	602426.8	0	409271
4	167833	150606.7	0	167833
5	136281	37651.7	0	136281
6	122983	9412.9	0	122983
7	123178	2353.2	0	123178
8	117588	588.3	0	117588
9	117754	147.1	0	116939 815
10	119005	36.8	1	116351 2654
11	120069	9.2	1	117371 2698
12	122848	2.3	1	120057 2791
13	128405	0.6	1	125031 3374
14	130529	0.6	1	127280 3249
15	141334	0.6	1	137567 3767
16	133023	0.6	1	129568 3455
17	134141	0.6	1	130295 3846
18	132249	0.6	1	128966 3283
19	136032	0.6	1	132614 3418
20	136965	0.6	1	133510 3455
21	132763	0.6	1	129131 3632
22	132354	0.6	1	129066 3288
23	137969	0.6	1	134413 3556
24	137441	0.6	1	133912 3529
25	142243	0.6	1	138244 3999
26	140008	0.6	1	136226 3782
27	138845	0.6	1	134879 3966
28	137870	0.6	1	133828 4042
29	135741	0.6	1	132164 3577
30	134458	0.6	1	130969 3489
31	139951	0.6	1	136066 3885
32	142126	0.6	1	138158 3968
33	139073	0.6	1	135422 3651
34	141725	0.6	1	137968 3757
35	144487	0.6	1	140376 4111
36	149367	0.6	1	144555 4812
37	148671	0.6	1	143994 4677
38	149502	0.6	1	145060 4442
39	146858	0.6	1	142324 4534
40	149293	0.6	1	143952 5341
41	150605	0.6	1	145035 5570
42	149473	0.6	1	143645 5828
43	157868	0.6	1	147860 10008
44	237126	0.6	1	225374 11752
45	178270	0.6	1	168734 9536
46	252026	0.6	1	245659 6367
47	104896	0.6	1	86328 18568
48	1225258	0.6	1	1207627 17631
49	494453	0.6	1	484446 10007
50	106680	0.6	1	101785 4895
51	85194	0.6	1	81380 3814
52	178589	0.6	1	176230 2359
53	33413	0.6	1	30611 2802
54	164040	0.6	1	162563 1477
55	21730	0.6	1	20394 1336
56	49268	0.6	1	48367 901
57	29138	0.6	1	27797 1341
58	72011	0.6	1	68777 3234
59	238432	0.6	1	236001 2431
60	35433	0.6	1	33136 2297
61	92625	0.6	1	91264 1361
62	12709	0.6	1	11870 839
63	15066	0.6	1	13962 1104
64	77723	0.6	1	74830 2893
65	224404	0.6	1	222206 2198
66	39999	0.6	1	38710 1289
67	10759	0.6	1	9780 979
68	53214	0.6	1	51759 1455
69	84632	0.6	1	82751 1881
70	96508	0.6	1	94685 1823
71	84436	0.6	1	83034 1402
72	44954	0.6	1	43894 1060
73	32948	0.6	1	31618 1330
74	87934	0.6	1	86081 1853
75	107102	0.6	1	104830 2272
76	111520	0.6	1	109262 2258
77	112787	0.6	1	110331 2456
78	111689	0.6	1	109165 2524
79	109431	0.6	1	107025 2406
80	106161	0.6	1	103749 2412
81	102814	0.6	1	100425 2389
82	99933	0.6	1	97682 2251
83	95454	0.6	1	93290 2164
84	91362	0.6	1	89368 1994
85	92434	0.6	1	90265 2169
86	94766	0.6	1	92573 2193
87	95909	0.6	1	93729 2180
88	92099	0.6	1	90002 2097
89	88988	0.6	1	87008 1980
90	84220	0.6	1	82433 1787
91	80862	0.6	1	79038 1824
92	78315	0.6	1	76729 1586
93	68897	0.6	1	67397 1500
94	65110	0.6	1	63773 1337
95	60612	0.6	1	59349 1263
96	58381	0.6	1	57143 1238
97	56891	0.6	1	55704 1187
98	56569	0.6	1	55356 1213
99	52710	0.6	1	51586 1124
100	47722	0.6	1	46668 1054
101	42139	0.6	1	41155 984
102	36153	0.6	1	35304 849
103	32852	0.6	1	32071 781
104	28738	0.6	1	27964 774
105	25360	0.6	1	24677 683
106	23801	0.6	1	23196 605
107	22915	0.6	1	22344 571
108	20813	0.6	1	20191 622
109	19244	0.6	1	18709 535
110	17610	0.6	1	17049 561
111	14735	0.6	1	14251 484
112	12850	0.6	1	12399 451
113	10430	0.6	1	10030 400
114	9378	0.6	1	8937 441
115	8332	0.6	1	7888 444
116	8288	0.6	1	7891 397
117	6866	0.6	1	6465 401
118	6663	0.6	1	6267 396
119	5974	0.6	1	5559 415
120	6034	0.6	1	5575 459
121	7150	0.6	1	6641 509
122	5274	0.6	1	4802 472
123	4228	0.6	1	3728 500
124	2720	0.6	1	2194 526
125	2227	0.6	1	1628 599
126	1936	0.6	1	1274 662
127	2349	0.6	1	1530 819
128	2367	0.6	1	1413 954
129	3052	0.6	1	2012 1040
130	4196	0.6	1	3032 1164
131	24682	0.6	1	22982 1700
132	3154	0.6	1	1778 1376
133	2894	0.6	1	1406 1488
134	13617	0.6	1	11785 1832
135	4259	0.6	1	2591 1668
136	3169	0.6	1	1478 1691
137	4658	0.6	1	2920 1738
138	9412	0.6	1	7475 1937
139	4449	0.6	1	2411 2038
140	4634	0.6	1	2449 2185
141	9347	0.6	1	6874 2473
142	6407	0.6	1	3632 2775
143	6911	0.6	1	3922 2989
144	7431	0.6	1	3734 3697
145	7704	0.6	1	3108 4596
146	9573	0.6	1	4560 5013
147	13980	0.6	1	3633 10347
148	18342	0.6	1	4233 14109
149	235955	0.6	1	6591 229364
150	12045687	0.6	1	257288 11788399

RUN STATISTICS FOR INPUT FILE: /vortexfs1/omics/tepolt/raw_reads/C_maenas/Cm_yrv_2023/25-047_R1_001.fastq.gz
=============================================
38555317 sequences processed in total

