
SUMMARISING RUN PARAMETERS
==========================
Input filename: /vortexfs1/omics/tepolt/raw_reads/C_maenas/Cm_yrv_2023/25-056_R1_001.fastq.gz
Trimming mode: paired-end
Trim Galore version: 0.6.6
Cutadapt version: 3.5
Python version: could not detect
Number of cores used for trimming: 8
Quality Phred score cutoff: 20
Quality encoding type selected: ASCII+33
Adapter sequence: 'AGATCGGAAGAGC' (Illumina TruSeq, Sanger iPCR; user defined)
Maximum trimming error rate: 0.1 (default)
Minimum required adapter overlap (stringency): 1 bp
Minimum required sequence length for both reads before a sequence pair gets removed: 20 bp
Running FastQC on the data once trimming has completed
Running FastQC with the following extra arguments: --outdir /vortexfs1/scratch/yaamini.venkataraman/wc-green-crab/output/06b-trimgalore     --threads 28
Output file will be GZIP compressed


This is cutadapt 3.5 with Python 3.9.5
Command line parameters: -j 8 -e 0.1 -q 20 -O 1 -a AGATCGGAAGAGC /vortexfs1/omics/tepolt/raw_reads/C_maenas/Cm_yrv_2023/25-056_R1_001.fastq.gz
Processing reads on 8 cores in single-end mode ...
Finished in 78.44 s (2 µs/read; 26.34 M reads/minute).

=== Summary ===

Total reads processed:              34,438,544
Reads with adapters:                17,439,278 (50.6%)
Reads written (passing filters):    34,438,544 (100.0%)

Total basepairs processed: 5,165,781,600 bp
Quality-trimmed:               6,571,746 bp (0.1%)
Total written (filtered):  4,869,374,541 bp (94.3%)

=== Adapter 1 ===

Sequence: AGATCGGAAGAGC; Type: regular 3'; Length: 13; Trimmed: 17439278 times

Minimum overlap: 1
No. of allowed errors:
1-9 bp: 0; 10-13 bp: 1

Bases preceding removed adapters:
  A: 21.2%
  C: 27.7%
  G: 23.8%
  T: 25.0%
  none/other: 2.2%

Overview of removed sequences
length	count	expect	max.err	error counts
1	6588511	8609636.0	0	6588511
2	1818740	2152409.0	0	1818740
3	845595	538102.2	0	845595
4	309017	134525.6	0	309017
5	225532	33631.4	0	225532
6	197198	8407.8	0	197198
7	194442	2102.0	0	194442
8	189579	525.5	0	189579
9	185194	131.4	0	181791 3403
10	183582	32.8	1	177798 5784
11	179550	8.2	1	173956 5594
12	180885	2.1	1	175054 5831
13	184848	0.5	1	178807 6041
14	186381	0.5	1	180380 6001
15	198025	0.5	1	191528 6497
16	183373	0.5	1	177497 5876
17	181294	0.5	1	175078 6216
18	175144	0.5	1	169597 5547
19	173730	0.5	1	167927 5803
20	171604	0.5	1	165780 5824
21	164732	0.5	1	159246 5486
22	160395	0.5	1	155242 5153
23	166700	0.5	1	161193 5507
24	161035	0.5	1	155698 5337
25	161342	0.5	1	155746 5596
26	155904	0.5	1	150812 5092
27	153339	0.5	1	148055 5284
28	147460	0.5	1	142474 4986
29	140006	0.5	1	135453 4553
30	132636	0.5	1	128340 4296
31	132385	0.5	1	128084 4301
32	132618	0.5	1	128284 4334
33	129317	0.5	1	125122 4195
34	126068	0.5	1	121861 4207
35	123175	0.5	1	119073 4102
36	119380	0.5	1	115322 4058
37	118868	0.5	1	114948 3920
38	118601	0.5	1	114452 4149
39	108967	0.5	1	105315 3652
40	106841	0.5	1	102952 3889
41	100885	0.5	1	97367 3518
42	93639	0.5	1	90310 3329
43	92758	0.5	1	88707 4051
44	123513	0.5	1	119399 4114
45	80892	0.5	1	77326 3566
46	109764	0.5	1	107959 1805
47	26466	0.5	1	24070 2396
48	95784	0.5	1	92697 3087
49	83368	0.5	1	81296 2072
50	53115	0.5	1	51273 1842
51	58529	0.5	1	56500 2029
52	68148	0.5	1	66592 1556
53	41286	0.5	1	39682 1604
54	57401	0.5	1	56260 1141
55	35349	0.5	1	34142 1207
56	43910	0.5	1	42729 1181
57	38496	0.5	1	37407 1089
58	35932	0.5	1	34610 1322
59	47648	0.5	1	46422 1226
60	33613	0.5	1	32339 1274
61	43143	0.5	1	42343 800
62	19368	0.5	1	18737 631
63	19280	0.5	1	18659 621
64	21773	0.5	1	20700 1073
65	41563	0.5	1	40959 604
66	13546	0.5	1	13205 341
67	8329	0.5	1	7892 437
68	16533	0.5	1	16037 496
69	15322	0.5	1	14848 474
70	15323	0.5	1	14941 382
71	11071	0.5	1	10869 202
72	4308	0.5	1	4159 149
73	4999	0.5	1	4773 226
74	7710	0.5	1	7475 235
75	7744	0.5	1	7481 263
76	7427	0.5	1	7180 247
77	6651	0.5	1	6428 223
78	6158	0.5	1	5966 192
79	5681	0.5	1	5491 190
80	5075	0.5	1	4904 171
81	4670	0.5	1	4508 162
82	4102	0.5	1	3947 155
83	3649	0.5	1	3511 138
84	3369	0.5	1	3253 116
85	3524	0.5	1	3422 102
86	2971	0.5	1	2845 126
87	2878	0.5	1	2766 112
88	2551	0.5	1	2457 94
89	2332	0.5	1	2228 104
90	2228	0.5	1	2148 80
91	1921	0.5	1	1846 75
92	1922	0.5	1	1851 71
93	1595	0.5	1	1510 85
94	1488	0.5	1	1422 66
95	1269	0.5	1	1216 53
96	1167	0.5	1	1105 62
97	1143	0.5	1	1104 39
98	1116	0.5	1	1077 39
99	1053	0.5	1	1011 42
100	932	0.5	1	887 45
101	840	0.5	1	801 39
102	1107	0.5	1	1044 63
103	785	0.5	1	745 40
104	695	0.5	1	659 36
105	624	0.5	1	589 35
106	650	0.5	1	626 24
107	739	0.5	1	710 29
108	1005	0.5	1	947 58
109	571	0.5	1	540 31
110	610	0.5	1	571 39
111	500	0.5	1	434 66
112	509	0.5	1	447 62
113	449	0.5	1	383 66
114	416	0.5	1	379 37
115	641	0.5	1	594 47
116	415	0.5	1	384 31
117	359	0.5	1	336 23
118	376	0.5	1	341 35
119	383	0.5	1	357 26
120	999	0.5	1	952 47
121	971	0.5	1	932 39
122	644	0.5	1	601 43
123	260	0.5	1	232 28
124	182	0.5	1	155 27
125	401	0.5	1	377 24
126	150	0.5	1	131 19
127	252	0.5	1	209 43
128	209	0.5	1	170 39
129	231	0.5	1	193 38
130	1122	0.5	1	1016 106
131	63308	0.5	1	62398 910
132	351	0.5	1	292 59
133	222	0.5	1	170 52
134	237	0.5	1	192 45
135	182	0.5	1	133 49
136	160	0.5	1	111 49
137	196	0.5	1	147 49
138	292	0.5	1	247 45
139	224	0.5	1	154 70
140	261	0.5	1	197 64
141	416	0.5	1	356 60
142	288	0.5	1	211 77
143	380	0.5	1	313 67
144	393	0.5	1	305 88
145	427	0.5	1	299 128
146	541	0.5	1	383 158
147	611	0.5	1	332 279
148	659	0.5	1	310 349
149	7387	0.5	1	223 7164
150	386275	0.5	1	7253 379022

RUN STATISTICS FOR INPUT FILE: /vortexfs1/omics/tepolt/raw_reads/C_maenas/Cm_yrv_2023/25-056_R1_001.fastq.gz
=============================================
34438544 sequences processed in total

