
SUMMARISING RUN PARAMETERS
==========================
Input filename: /vortexfs1/omics/tepolt/raw_reads/C_maenas/Cm_yrv_2023/25-054_R2_001.fastq.gz
Trimming mode: paired-end
Trim Galore version: 0.6.6
Cutadapt version: 3.5
Python version: could not detect
Number of cores used for trimming: 8
Quality Phred score cutoff: 20
Quality encoding type selected: ASCII+33
Adapter sequence: 'AGATCGGAAGAGC' (Illumina TruSeq, Sanger iPCR; user defined)
Maximum trimming error rate: 0.1 (default)
Minimum required adapter overlap (stringency): 1 bp
Minimum required sequence length for both reads before a sequence pair gets removed: 20 bp
Running FastQC on the data once trimming has completed
Running FastQC with the following extra arguments: --outdir /vortexfs1/scratch/yaamini.venkataraman/wc-green-crab/output/06b-trimgalore     --threads 28
Output file will be GZIP compressed


This is cutadapt 3.5 with Python 3.9.5
Command line parameters: -j 8 -e 0.1 -q 20 -O 1 -a AGATCGGAAGAGC /vortexfs1/omics/tepolt/raw_reads/C_maenas/Cm_yrv_2023/25-054_R2_001.fastq.gz
Processing reads on 8 cores in single-end mode ...
Finished in 130.98 s (3 µs/read; 23.22 M reads/minute).

=== Summary ===

Total reads processed:              50,701,073
Reads with adapters:                25,515,298 (50.3%)
Reads written (passing filters):    50,701,073 (100.0%)

Total basepairs processed: 7,605,160,950 bp
Quality-trimmed:              22,541,854 bp (0.3%)
Total written (filtered):  7,244,759,411 bp (95.3%)

=== Adapter 1 ===

Sequence: AGATCGGAAGAGC; Type: regular 3'; Length: 13; Trimmed: 25515298 times

Minimum overlap: 1
No. of allowed errors:
1-9 bp: 0; 10-13 bp: 1

Bases preceding removed adapters:
  A: 23.2%
  C: 31.2%
  G: 28.6%
  T: 17.0%
  none/other: 0.0%

Overview of removed sequences
length	count	expect	max.err	error counts
1	10121024	12675268.2	0	10121024
2	2919852	3168817.1	0	2919852
3	1110755	792204.3	0	1110755
4	465563	198051.1	0	465563
5	332504	49512.8	0	332504
6	283335	12378.2	0	283335
7	277896	3094.5	0	277896
8	270430	773.6	0	270430
9	262323	193.4	0	261361 962
10	267016	48.4	1	262042 4974
11	261350	12.1	1	256179 5171
12	268213	3.0	1	262338 5875
13	256787	0.8	1	251727 5060
14	262154	0.8	1	256028 6126
15	273300	0.8	1	266934 6366
16	253665	0.8	1	247990 5675
17	256449	0.8	1	249796 6653
18	252971	0.8	1	246081 6890
19	250284	0.8	1	243397 6887
20	280316	0.8	1	272454 7862
21	207139	0.8	1	201719 5420
22	224113	0.8	1	218470 5643
23	232825	0.8	1	226937 5888
24	243797	0.8	1	236886 6911
25	216499	0.8	1	211031 5468
26	222076	0.8	1	216356 5720
27	238038	0.8	1	231766 6272
28	197078	0.8	1	192412 4666
29	201724	0.8	1	197109 4615
30	187277	0.8	1	183444 3833
31	197041	0.8	1	192302 4739
32	185391	0.8	1	181552 3839
33	197699	0.8	1	193046 4653
34	174040	0.8	1	170576 3464
35	178178	0.8	1	174463 3715
36	182710	0.8	1	178092 4618
37	183674	0.8	1	179250 4424
38	166214	0.8	1	163006 3208
39	152907	0.8	1	149837 3070
40	160408	0.8	1	156981 3427
41	145458	0.8	1	142298 3160
42	135437	0.8	1	132938 2499
43	142180	0.8	1	138979 3201
44	127728	0.8	1	125172 2556
45	145102	0.8	1	141718 3384
46	118381	0.8	1	115724 2657
47	115026	0.8	1	112624 2402
48	122203	0.8	1	119683 2520
49	103963	0.8	1	101826 2137
50	96707	0.8	1	94652 2055
51	94259	0.8	1	91942 2317
52	94101	0.8	1	91909 2192
53	78664	0.8	1	77113 1551
54	80510	0.8	1	78776 1734
55	81658	0.8	1	79737 1921
56	69140	0.8	1	67667 1473
57	71092	0.8	1	69554 1538
58	74994	0.8	1	73387 1607
59	57412	0.8	1	56172 1240
60	55063	0.8	1	54101 962
61	49291	0.8	1	48392 899
62	47999	0.8	1	47041 958
63	39159	0.8	1	38435 724
64	45493	0.8	1	44609 884
65	33182	0.8	1	32552 630
66	34972	0.8	1	34340 632
67	32905	0.8	1	32294 611
68	29065	0.8	1	28503 562
69	23949	0.8	1	23470 479
70	30013	0.8	1	29482 531
71	15121	0.8	1	14802 319
72	18472	0.8	1	18122 350
73	18457	0.8	1	18057 400
74	18003	0.8	1	17626 377
75	18174	0.8	1	17895 279
76	5010	0.8	1	4842 168
77	11403	0.8	1	11210 193
78	11081	0.8	1	10831 250
79	10193	0.8	1	9934 259
80	9254	0.8	1	9045 209
81	8060	0.8	1	7844 216
82	7204	0.8	1	6987 217
83	6421	0.8	1	6236 185
84	5660	0.8	1	5531 129
85	5325	0.8	1	5125 200
86	5024	0.8	1	4842 182
87	4749	0.8	1	4619 130
88	4308	0.8	1	4187 121
89	3875	0.8	1	3759 116
90	3543	0.8	1	3420 123
91	3135	0.8	1	3038 97
92	2867	0.8	1	2756 111
93	2543	0.8	1	2451 92
94	2227	0.8	1	2147 80
95	2031	0.8	1	1951 80
96	1845	0.8	1	1771 74
97	1756	0.8	1	1684 72
98	1744	0.8	1	1669 75
99	1563	0.8	1	1498 65
100	1399	0.8	1	1327 72
101	1255	0.8	1	1208 47
102	1092	0.8	1	1033 59
103	1026	0.8	1	968 58
104	892	0.8	1	846 46
105	871	0.8	1	818 53
106	793	0.8	1	740 53
107	793	0.8	1	748 45
108	776	0.8	1	711 65
109	735	0.8	1	678 57
110	663	0.8	1	614 49
111	565	0.8	1	526 39
112	526	0.8	1	472 54
113	432	0.8	1	394 38
114	458	0.8	1	420 38
115	398	0.8	1	357 41
116	350	0.8	1	314 36
117	313	0.8	1	279 34
118	303	0.8	1	272 31
119	322	0.8	1	282 40
120	412	0.8	1	358 54
121	521	0.8	1	450 71
122	324	0.8	1	282 42
123	209	0.8	1	180 29
124	142	0.8	1	120 22
125	133	0.8	1	112 21
126	119	0.8	1	93 26
127	148	0.8	1	117 31
128	133	0.8	1	108 25
129	139	0.8	1	116 23
130	682	0.8	1	534 148
131	25463	0.8	1	23271 2192
132	150	0.8	1	122 28
133	158	0.8	1	118 40
134	200	0.8	1	185 15
135	130	0.8	1	117 13
136	94	0.8	1	88 6
137	108	0.8	1	102 6
138	218	0.8	1	207 11
139	115	0.8	1	110 5
140	137	0.8	1	134 3
141	320	0.8	1	302 18
142	155	0.8	1	147 8
143	301	0.8	1	295 6
144	309	0.8	1	298 11
145	271	0.8	1	264 7
146	358	0.8	1	349 9
147	364	0.8	1	341 23
148	392	0.8	1	380 12
149	247	0.8	1	179 68
150	9715	0.8	1	7774 1941

RUN STATISTICS FOR INPUT FILE: /vortexfs1/omics/tepolt/raw_reads/C_maenas/Cm_yrv_2023/25-054_R2_001.fastq.gz
=============================================
50701073 sequences processed in total

Total number of sequences analysed for the sequence pair length validation: 50701073

Number of sequence pairs removed because at least one read was shorter than the length cutoff (20 bp): 539942 (1.06%)
