
SUMMARISING RUN PARAMETERS
==========================
Input filename: /vortexfs1/omics/tepolt/raw_reads/C_maenas/Cm_yrv_2023/25-048_R1_001.fastq.gz
Trimming mode: paired-end
Trim Galore version: 0.6.6
Cutadapt version: 3.5
Python version: could not detect
Number of cores used for trimming: 8
Quality Phred score cutoff: 20
Quality encoding type selected: ASCII+33
Adapter sequence: 'AGATCGGAAGAGC' (Illumina TruSeq, Sanger iPCR; user defined)
Maximum trimming error rate: 0.1 (default)
Minimum required adapter overlap (stringency): 1 bp
Minimum required sequence length for both reads before a sequence pair gets removed: 20 bp
Running FastQC on the data once trimming has completed
Running FastQC with the following extra arguments: --outdir /vortexfs1/scratch/yaamini.venkataraman/wc-green-crab/output/06b-trimgalore     --threads 28
Output file will be GZIP compressed


This is cutadapt 3.5 with Python 3.9.5
Command line parameters: -j 8 -e 0.1 -q 20 -O 1 -a AGATCGGAAGAGC /vortexfs1/omics/tepolt/raw_reads/C_maenas/Cm_yrv_2023/25-048_R1_001.fastq.gz
Processing reads on 8 cores in single-end mode ...
Finished in 67.06 s (2 µs/read; 25.12 M reads/minute).

=== Summary ===

Total reads processed:              28,073,566
Reads with adapters:                13,128,595 (46.8%)
Reads written (passing filters):    28,073,566 (100.0%)

Total basepairs processed: 4,211,034,900 bp
Quality-trimmed:               8,128,720 bp (0.2%)
Total written (filtered):  3,981,271,256 bp (94.5%)

=== Adapter 1 ===

Sequence: AGATCGGAAGAGC; Type: regular 3'; Length: 13; Trimmed: 13128595 times

Minimum overlap: 1
No. of allowed errors:
1-9 bp: 0; 10-13 bp: 1

Bases preceding removed adapters:
  A: 22.6%
  C: 27.5%
  G: 22.1%
  T: 24.3%
  none/other: 3.5%

Overview of removed sequences
length	count	expect	max.err	error counts
1	5786809	7018391.5	0	5786809
2	1616676	1754597.9	0	1616676
3	613318	438649.5	0	613318
4	231464	109662.4	0	231464
5	156215	27415.6	0	156215
6	130635	6853.9	0	130635
7	127602	1713.5	0	127602
8	121932	428.4	0	121932
9	119378	107.1	0	118532 846
10	118473	26.8	1	115871 2602
11	116369	6.7	1	113875 2494
12	115728	1.7	1	113123 2605
13	115291	0.4	1	112371 2920
14	113620	0.4	1	110920 2700
15	119239	0.4	1	116177 3062
16	111233	0.4	1	108469 2764
17	109622	0.4	1	106760 2862
18	105340	0.4	1	102885 2455
19	104908	0.4	1	102474 2434
20	102405	0.4	1	99967 2438
21	98016	0.4	1	95381 2635
22	95294	0.4	1	93011 2283
23	95138	0.4	1	92742 2396
24	92928	0.4	1	90669 2259
25	92538	0.4	1	90261 2277
26	88860	0.4	1	86715 2145
27	85176	0.4	1	82947 2229
28	82844	0.4	1	80559 2285
29	77027	0.4	1	75141 1886
30	73913	0.4	1	72258 1655
31	72473	0.4	1	70727 1746
32	71893	0.4	1	70084 1809
33	69125	0.4	1	67427 1698
34	67276	0.4	1	65522 1754
35	65026	0.4	1	63492 1534
36	63333	0.4	1	61605 1728
37	61404	0.4	1	59665 1739
38	58755	0.4	1	57207 1548
39	54836	0.4	1	53351 1485
40	52804	0.4	1	51414 1390
41	49011	0.4	1	47681 1330
42	48026	0.4	1	46680 1346
43	45355	0.4	1	43850 1505
44	59857	0.4	1	57910 1947
45	42599	0.4	1	41229 1370
46	56432	0.4	1	55455 977
47	18097	0.4	1	16285 1812
48	138130	0.4	1	136212 1918
49	55857	0.4	1	54746 1111
50	13669	0.4	1	13139 530
51	13034	0.4	1	12554 480
52	30304	0.4	1	29953 351
53	5349	0.4	1	5063 286
54	19559	0.4	1	19360 199
55	4333	0.4	1	4165 168
56	7433	0.4	1	7314 119
57	3959	0.4	1	3789 170
58	8693	0.4	1	8393 300
59	22371	0.4	1	22093 278
60	3646	0.4	1	3441 205
61	8587	0.4	1	8456 131
62	979	0.4	1	870 109
63	1240	0.4	1	1150 90
64	5905	0.4	1	5682 223
65	13567	0.4	1	13425 142
66	1176	0.4	1	1107 69
67	764	0.4	1	692 72
68	2952	0.4	1	2851 101
69	3763	0.4	1	3683 80
70	3793	0.4	1	3717 76
71	2586	0.4	1	2531 55
72	1194	0.4	1	1158 36
73	1423	0.4	1	1365 58
74	2856	0.4	1	2794 62
75	3156	0.4	1	3056 100
76	3088	0.4	1	2988 100
77	2868	0.4	1	2778 90
78	2757	0.4	1	2665 92
79	2457	0.4	1	2357 100
80	2220	0.4	1	2137 83
81	2076	0.4	1	1989 87
82	1904	0.4	1	1838 66
83	1683	0.4	1	1600 83
84	1586	0.4	1	1517 69
85	1507	0.4	1	1436 71
86	1441	0.4	1	1374 67
87	1298	0.4	1	1248 50
88	1373	0.4	1	1310 63
89	1219	0.4	1	1162 57
90	1129	0.4	1	1071 58
91	1025	0.4	1	977 48
92	994	0.4	1	942 52
93	812	0.4	1	758 54
94	769	0.4	1	737 32
95	721	0.4	1	677 44
96	692	0.4	1	658 34
97	617	0.4	1	573 44
98	685	0.4	1	640 45
99	648	0.4	1	615 33
100	604	0.4	1	563 41
101	534	0.4	1	501 33
102	561	0.4	1	521 40
103	478	0.4	1	453 25
104	480	0.4	1	463 17
105	438	0.4	1	406 32
106	456	0.4	1	430 26
107	478	0.4	1	444 34
108	733	0.4	1	686 47
109	425	0.4	1	388 37
110	490	0.4	1	456 34
111	459	0.4	1	400 59
112	436	0.4	1	398 38
113	440	0.4	1	404 36
114	462	0.4	1	425 37
115	619	0.4	1	570 49
116	604	0.4	1	554 50
117	541	0.4	1	497 44
118	538	0.4	1	500 38
119	648	0.4	1	609 39
120	1584	0.4	1	1511 73
121	2464	0.4	1	2387 77
122	1190	0.4	1	1143 47
123	408	0.4	1	375 33
124	210	0.4	1	180 30
125	246	0.4	1	199 47
126	228	0.4	1	191 37
127	260	0.4	1	219 41
128	420	0.4	1	356 64
129	584	0.4	1	485 99
130	3677	0.4	1	3414 263
131	252146	0.4	1	247950 4196
132	609	0.4	1	535 74
133	251	0.4	1	191 60
134	277	0.4	1	217 60
135	189	0.4	1	123 66
136	163	0.4	1	98 65
137	187	0.4	1	124 63
138	275	0.4	1	209 66
139	187	0.4	1	117 70
140	236	0.4	1	170 66
141	363	0.4	1	291 72
142	263	0.4	1	179 84
143	341	0.4	1	236 105
144	398	0.4	1	275 123
145	459	0.4	1	286 173
146	528	0.4	1	356 172
147	758	0.4	1	379 379
148	851	0.4	1	373 478
149	8299	0.4	1	199 8100
150	449980	0.4	1	7678 442302

RUN STATISTICS FOR INPUT FILE: /vortexfs1/omics/tepolt/raw_reads/C_maenas/Cm_yrv_2023/25-048_R1_001.fastq.gz
=============================================
28073566 sequences processed in total

