
SUMMARISING RUN PARAMETERS
==========================
Input filename: /vortexfs1/omics/tepolt/raw_reads/C_maenas/Cm_yrv_2023/25-046_R2_001.fastq.gz
Trimming mode: paired-end
Trim Galore version: 0.6.6
Cutadapt version: 3.5
Python version: could not detect
Number of cores used for trimming: 8
Quality Phred score cutoff: 20
Quality encoding type selected: ASCII+33
Adapter sequence: 'AGATCGGAAGAGC' (Illumina TruSeq, Sanger iPCR; user defined)
Maximum trimming error rate: 0.1 (default)
Minimum required adapter overlap (stringency): 1 bp
Minimum required sequence length for both reads before a sequence pair gets removed: 20 bp
Running FastQC on the data once trimming has completed
Running FastQC with the following extra arguments: --outdir /vortexfs1/scratch/yaamini.venkataraman/wc-green-crab/output/06b-trimgalore     --threads 28
Output file will be GZIP compressed


This is cutadapt 3.5 with Python 3.9.5
Command line parameters: -j 8 -e 0.1 -q 20 -O 1 -a AGATCGGAAGAGC /vortexfs1/omics/tepolt/raw_reads/C_maenas/Cm_yrv_2023/25-046_R2_001.fastq.gz
Processing reads on 8 cores in single-end mode ...
Finished in 105.88 s (2 µs/read; 25.19 M reads/minute).

=== Summary ===

Total reads processed:              44,456,348
Reads with adapters:                21,769,088 (49.0%)
Reads written (passing filters):    44,456,348 (100.0%)

Total basepairs processed: 6,668,452,200 bp
Quality-trimmed:              19,021,727 bp (0.3%)
Total written (filtered):  6,390,217,782 bp (95.8%)

=== Adapter 1 ===

Sequence: AGATCGGAAGAGC; Type: regular 3'; Length: 13; Trimmed: 21769088 times

Minimum overlap: 1
No. of allowed errors:
1-9 bp: 0; 10-13 bp: 1

Bases preceding removed adapters:
  A: 25.1%
  C: 28.4%
  G: 28.1%
  T: 18.3%
  none/other: 0.0%

Overview of removed sequences
length	count	expect	max.err	error counts
1	9508119	11114087.0	0	9508119
2	2593033	2778521.8	0	2593033
3	958471	694630.4	0	958471
4	403762	173657.6	0	403762
5	276599	43414.4	0	276599
6	234413	10853.6	0	234413
7	230590	2713.4	0	230590
8	222276	678.4	0	222276
9	210013	169.6	0	209111 902
10	212315	42.4	1	208190 4125
11	206486	10.6	1	202231 4255
12	212767	2.6	1	207973 4794
13	202631	0.7	1	198536 4095
14	207339	0.7	1	202131 5208
15	226173	0.7	1	220699 5474
16	198406	0.7	1	193932 4474
17	204830	0.7	1	198948 5882
18	201113	0.7	1	195575 5538
19	216463	0.7	1	209854 6609
20	196214	0.7	1	191142 5072
21	173544	0.7	1	169082 4462
22	175115	0.7	1	170568 4547
23	185752	0.7	1	180892 4860
24	191876	0.7	1	185966 5910
25	171776	0.7	1	167339 4437
26	173818	0.7	1	169011 4807
27	183532	0.7	1	178451 5081
28	153526	0.7	1	149524 4002
29	153891	0.7	1	150095 3796
30	155713	0.7	1	151907 3806
31	128148	0.7	1	125602 2546
32	144372	0.7	1	140923 3449
33	149820	0.7	1	146660 3160
34	127155	0.7	1	124298 2857
35	132702	0.7	1	129775 2927
36	161595	0.7	1	157817 3778
37	126825	0.7	1	123946 2879
38	127014	0.7	1	124720 2294
39	89467	0.7	1	87737 1730
40	105504	0.7	1	103297 2207
41	104496	0.7	1	102107 2389
42	104738	0.7	1	102142 2596
43	102940	0.7	1	100713 2227
44	86179	0.7	1	84268 1911
45	117536	0.7	1	114866 2670
46	73592	0.7	1	71804 1788
47	71007	0.7	1	69515 1492
48	89284	0.7	1	87513 1771
49	65542	0.7	1	64103 1439
50	62543	0.7	1	61220 1323
51	60376	0.7	1	58902 1474
52	65605	0.7	1	64091 1514
53	45342	0.7	1	44347 995
54	52280	0.7	1	51135 1145
55	50416	0.7	1	49318 1098
56	43010	0.7	1	42150 860
57	47467	0.7	1	46321 1146
58	50006	0.7	1	48940 1066
59	34564	0.7	1	33807 757
60	36163	0.7	1	35501 662
61	26362	0.7	1	25821 541
62	29948	0.7	1	29365 583
63	20557	0.7	1	20105 452
64	29135	0.7	1	28609 526
65	17084	0.7	1	16725 359
66	19446	0.7	1	19066 380
67	20082	0.7	1	19662 420
68	14698	0.7	1	14372 326
69	11447	0.7	1	11156 291
70	19152	0.7	1	18801 351
71	5267	0.7	1	5059 208
72	9426	0.7	1	9248 178
73	9738	0.7	1	9514 224
74	9601	0.7	1	9388 213
75	9886	0.7	1	9704 182
76	3388	0.7	1	3263 125
77	5470	0.7	1	5351 119
78	6053	0.7	1	5915 138
79	5381	0.7	1	5256 125
80	4846	0.7	1	4709 137
81	4463	0.7	1	4324 139
82	4015	0.7	1	3886 129
83	3501	0.7	1	3368 133
84	3142	0.7	1	3051 91
85	2906	0.7	1	2743 163
86	2795	0.7	1	2695 100
87	2627	0.7	1	2553 74
88	2455	0.7	1	2380 75
89	2309	0.7	1	2235 74
90	1997	0.7	1	1923 74
91	1832	0.7	1	1782 50
92	1705	0.7	1	1646 59
93	1522	0.7	1	1465 57
94	1330	0.7	1	1277 53
95	1175	0.7	1	1128 47
96	1102	0.7	1	1058 44
97	1113	0.7	1	1065 48
98	1114	0.7	1	1070 44
99	1010	0.7	1	947 63
100	898	0.7	1	847 51
101	865	0.7	1	798 67
102	976	0.7	1	888 88
103	750	0.7	1	680 70
104	639	0.7	1	579 60
105	623	0.7	1	576 47
106	597	0.7	1	525 72
107	685	0.7	1	604 81
108	1178	0.7	1	939 239
109	537	0.7	1	485 52
110	626	0.7	1	532 94
111	467	0.7	1	408 59
112	519	0.7	1	457 62
113	448	0.7	1	397 51
114	540	0.7	1	474 66
115	700	0.7	1	555 145
116	492	0.7	1	386 106
117	474	0.7	1	387 87
118	446	0.7	1	365 81
119	559	0.7	1	430 129
120	1435	0.7	1	1033 402
121	1393	0.7	1	1005 388
122	884	0.7	1	726 158
123	362	0.7	1	309 53
124	220	0.7	1	192 28
125	485	0.7	1	416 69
126	234	0.7	1	194 40
127	282	0.7	1	223 59
128	356	0.7	1	249 107
129	432	0.7	1	327 105
130	2750	0.7	1	2097 653
131	117303	0.7	1	107818 9485
132	423	0.7	1	373 50
133	214	0.7	1	184 30
134	256	0.7	1	249 7
135	190	0.7	1	168 22
136	144	0.7	1	125 19
137	172	0.7	1	166 6
138	261	0.7	1	254 7
139	159	0.7	1	152 7
140	200	0.7	1	194 6
141	383	0.7	1	374 9
142	213	0.7	1	207 6
143	413	0.7	1	403 10
144	389	0.7	1	379 10
145	446	0.7	1	430 16
146	535	0.7	1	524 11
147	553	0.7	1	520 33
148	474	0.7	1	457 17
149	254	0.7	1	196 58
150	8930	0.7	1	7376 1554

RUN STATISTICS FOR INPUT FILE: /vortexfs1/omics/tepolt/raw_reads/C_maenas/Cm_yrv_2023/25-046_R2_001.fastq.gz
=============================================
44456348 sequences processed in total

Total number of sequences analysed for the sequence pair length validation: 44456348

Number of sequence pairs removed because at least one read was shorter than the length cutoff (20 bp): 590888 (1.33%)
