
SUMMARISING RUN PARAMETERS
==========================
Input filename: /vortexfs1/omics/tepolt/raw_reads/C_maenas/Cm_yrv_2023/25-051_R2_001.fastq.gz
Trimming mode: paired-end
Trim Galore version: 0.6.6
Cutadapt version: 3.5
Python version: could not detect
Number of cores used for trimming: 8
Quality Phred score cutoff: 20
Quality encoding type selected: ASCII+33
Adapter sequence: 'AGATCGGAAGAGC' (Illumina TruSeq, Sanger iPCR; user defined)
Maximum trimming error rate: 0.1 (default)
Minimum required adapter overlap (stringency): 1 bp
Minimum required sequence length for both reads before a sequence pair gets removed: 20 bp
Running FastQC on the data once trimming has completed
Running FastQC with the following extra arguments: --outdir /vortexfs1/scratch/yaamini.venkataraman/wc-green-crab/output/06b-trimgalore     --threads 28
Output file will be GZIP compressed


This is cutadapt 3.5 with Python 3.9.5
Command line parameters: -j 8 -e 0.1 -q 20 -O 1 -a AGATCGGAAGAGC /vortexfs1/omics/tepolt/raw_reads/C_maenas/Cm_yrv_2023/25-051_R2_001.fastq.gz
Processing reads on 8 cores in single-end mode ...
Finished in 131.53 s (2 µs/read; 24.65 M reads/minute).

=== Summary ===

Total reads processed:              54,025,751
Reads with adapters:                30,276,172 (56.0%)
Reads written (passing filters):    54,025,751 (100.0%)

Total basepairs processed: 8,103,862,650 bp
Quality-trimmed:              28,394,534 bp (0.4%)
Total written (filtered):  7,397,969,294 bp (91.3%)

=== Adapter 1 ===

Sequence: AGATCGGAAGAGC; Type: regular 3'; Length: 13; Trimmed: 30276172 times

Minimum overlap: 1
No. of allowed errors:
1-9 bp: 0; 10-13 bp: 1

Bases preceding removed adapters:
  A: 19.7%
  C: 35.7%
  G: 27.7%
  T: 16.7%
  none/other: 0.1%

Overview of removed sequences
length	count	expect	max.err	error counts
1	9180204	13506437.8	0	9180204
2	2548757	3376609.4	0	2548757
3	1050565	844152.4	0	1050565
4	445957	211038.1	0	445957
5	324677	52759.5	0	324677
6	296538	13189.9	0	296538
7	294293	3297.5	0	294293
8	290880	824.4	0	290880
9	288939	206.1	0	288007 932
10	296407	51.5	1	290890 5517
11	294999	12.9	1	289301 5698
12	305697	3.2	1	298829 6868
13	295444	0.8	1	289320 6124
14	304826	0.8	1	297282 7544
15	312831	0.8	1	305246 7585
16	291925	0.8	1	285018 6907
17	299419	0.8	1	291286 8133
18	293473	0.8	1	284982 8491
19	296148	0.8	1	287603 8545
20	341224	0.8	1	331164 10060
21	255668	0.8	1	248665 7003
22	279080	0.8	1	271621 7459
23	285848	0.8	1	278268 7580
24	306272	0.8	1	296809 9463
25	269687	0.8	1	262631 7056
26	280580	0.8	1	272884 7696
27	305754	0.8	1	297190 8564
28	253503	0.8	1	247121 6382
29	263134	0.8	1	256704 6430
30	253429	0.8	1	247855 5574
31	269537	0.8	1	262928 6609
32	257354	0.8	1	251713 5641
33	282498	0.8	1	275624 6874
34	238263	0.8	1	233387 4876
35	251682	0.8	1	246101 5581
36	263509	0.8	1	256454 7055
37	268641	0.8	1	261909 6732
38	240836	0.8	1	235907 4929
39	225210	0.8	1	220459 4751
40	242752	0.8	1	237438 5314
41	228501	0.8	1	223385 5116
42	221458	0.8	1	217122 4336
43	234627	0.8	1	229328 5299
44	216327	0.8	1	211824 4503
45	249081	0.8	1	242670 6411
46	203827	0.8	1	199189 4638
47	197943	0.8	1	193648 4295
48	216460	0.8	1	211806 4654
49	189082	0.8	1	184901 4181
50	184188	0.8	1	180313 3875
51	189187	0.8	1	184555 4632
52	196342	0.8	1	191792 4550
53	168398	0.8	1	165057 3341
54	177490	0.8	1	173574 3916
55	184311	0.8	1	180080 4231
56	157454	0.8	1	154086 3368
57	172451	0.8	1	168528 3923
58	198675	0.8	1	194552 4123
59	141840	0.8	1	138776 3064
60	155482	0.8	1	152683 2799
61	134775	0.8	1	132289 2486
62	138261	0.8	1	135579 2682
63	122836	0.8	1	120594 2242
64	149449	0.8	1	146619 2830
65	111118	0.8	1	109156 1962
66	121347	0.8	1	119139 2208
67	121045	0.8	1	118704 2341
68	112468	0.8	1	110467 2001
69	97448	0.8	1	95721 1727
70	134699	0.8	1	132337 2362
71	68863	0.8	1	67370 1493
72	91313	0.8	1	89642 1671
73	98041	0.8	1	96201 1840
74	101375	0.8	1	99686 1689
75	105737	0.8	1	104378 1359
76	29607	0.8	1	28694 913
77	71477	0.8	1	70273 1204
78	71900	0.8	1	70549 1351
79	69566	0.8	1	68257 1309
80	66263	0.8	1	65003 1260
81	61487	0.8	1	60171 1316
82	57950	0.8	1	56551 1399
83	52718	0.8	1	51403 1315
84	48040	0.8	1	46988 1052
85	45300	0.8	1	44265 1035
86	43559	0.8	1	42665 894
87	43001	0.8	1	42115 886
88	40416	0.8	1	39647 769
89	38185	0.8	1	37453 732
90	34279	0.8	1	33611 668
91	30988	0.8	1	30423 565
92	27769	0.8	1	27217 552
93	24088	0.8	1	23563 525
94	21114	0.8	1	20682 432
95	19222	0.8	1	18837 385
96	17356	0.8	1	17000 356
97	16689	0.8	1	16357 332
98	15485	0.8	1	15149 336
99	14676	0.8	1	14281 395
100	12394	0.8	1	12128 266
101	10882	0.8	1	10605 277
102	9853	0.8	1	9547 306
103	7959	0.8	1	7754 205
104	6722	0.8	1	6545 177
105	5632	0.8	1	5472 160
106	5208	0.8	1	5061 147
107	5214	0.8	1	5064 150
108	4868	0.8	1	4611 257
109	3956	0.8	1	3817 139
110	3794	0.8	1	3655 139
111	3176	0.8	1	3058 118
112	2791	0.8	1	2669 122
113	2251	0.8	1	2145 106
114	2125	0.8	1	2028 97
115	1954	0.8	1	1809 145
116	1849	0.8	1	1670 179
117	1545	0.8	1	1403 142
118	1434	0.8	1	1305 129
119	1456	0.8	1	1319 137
120	2111	0.8	1	1829 282
121	3300	0.8	1	2730 570
122	1958	0.8	1	1711 247
123	885	0.8	1	787 98
124	556	0.8	1	500 56
125	472	0.8	1	410 62
126	486	0.8	1	409 77
127	548	0.8	1	458 90
128	694	0.8	1	518 176
129	805	0.8	1	576 229
130	5747	0.8	1	4447 1300
131	212307	0.8	1	192926 19381
132	1210	0.8	1	1081 129
133	525	0.8	1	459 66
134	1246	0.8	1	1206 40
135	581	0.8	1	554 27
136	324	0.8	1	296 28
137	443	0.8	1	421 22
138	1153	0.8	1	1124 29
139	420	0.8	1	403 17
140	389	0.8	1	375 14
141	1071	0.8	1	1051 20
142	459	0.8	1	444 15
143	651	0.8	1	633 18
144	588	0.8	1	568 20
145	548	0.8	1	515 33
146	642	0.8	1	616 26
147	634	0.8	1	560 74
148	856	0.8	1	791 65
149	1322	0.8	1	774 548
150	38704	0.8	1	27962 10742

RUN STATISTICS FOR INPUT FILE: /vortexfs1/omics/tepolt/raw_reads/C_maenas/Cm_yrv_2023/25-051_R2_001.fastq.gz
=============================================
54025751 sequences processed in total

Total number of sequences analysed for the sequence pair length validation: 54025751

Number of sequence pairs removed because at least one read was shorter than the length cutoff (20 bp): 1739948 (3.22%)
