
SUMMARISING RUN PARAMETERS
==========================
Input filename: /vortexfs1/omics/tepolt/raw_reads/C_maenas/Cm_yrv_2023/25-060_R1_001.fastq.gz
Trimming mode: paired-end
Trim Galore version: 0.6.6
Cutadapt version: 3.5
Python version: could not detect
Number of cores used for trimming: 8
Quality Phred score cutoff: 20
Quality encoding type selected: ASCII+33
Adapter sequence: 'AGATCGGAAGAGC' (Illumina TruSeq, Sanger iPCR; user defined)
Maximum trimming error rate: 0.1 (default)
Minimum required adapter overlap (stringency): 1 bp
Minimum required sequence length for both reads before a sequence pair gets removed: 20 bp
Running FastQC on the data once trimming has completed
Running FastQC with the following extra arguments: --outdir /vortexfs1/scratch/yaamini.venkataraman/wc-green-crab/output/06b-trimgalore     --threads 28
Output file will be GZIP compressed


This is cutadapt 3.5 with Python 3.9.5
Command line parameters: -j 8 -e 0.1 -q 20 -O 1 -a AGATCGGAAGAGC /vortexfs1/omics/tepolt/raw_reads/C_maenas/Cm_yrv_2023/25-060_R1_001.fastq.gz
Processing reads on 8 cores in single-end mode ...
Finished in 117.48 s (2 µs/read; 28.78 M reads/minute).

=== Summary ===

Total reads processed:              56,349,866
Reads with adapters:                31,482,886 (55.9%)
Reads written (passing filters):    56,349,866 (100.0%)

Total basepairs processed: 8,452,479,900 bp
Quality-trimmed:              33,498,914 bp (0.4%)
Total written (filtered):  7,511,247,108 bp (88.9%)

=== Adapter 1 ===

Sequence: AGATCGGAAGAGC; Type: regular 3'; Length: 13; Trimmed: 31482886 times

Minimum overlap: 1
No. of allowed errors:
1-9 bp: 0; 10-13 bp: 1

Bases preceding removed adapters:
  A: 20.1%
  C: 25.7%
  G: 21.9%
  T: 23.9%
  none/other: 8.4%

Overview of removed sequences
length	count	expect	max.err	error counts
1	10317100	14087466.5	0	10317100
2	2753084	3521866.6	0	2753084
3	1146321	880466.7	0	1146321
4	444320	220116.7	0	444320
5	320347	55029.2	0	320347
6	281122	13757.3	0	281122
7	279202	3439.3	0	279202
8	267277	859.8	0	267277
9	265536	215.0	0	263831 1705
10	265610	53.7	1	260100 5510
11	261900	13.4	1	256664 5236
12	262006	3.4	1	256763 5243
13	262758	0.8	1	256920 5838
14	265870	0.8	1	260172 5698
15	277585	0.8	1	271263 6322
16	270041	0.8	1	263995 6046
17	263688	0.8	1	257086 6602
18	263253	0.8	1	257713 5540
19	271669	0.8	1	265686 5983
20	258149	0.8	1	252645 5504
21	253620	0.8	1	247749 5871
22	247477	0.8	1	242336 5141
23	251130	0.8	1	245653 5477
24	248351	0.8	1	242984 5367
25	254723	0.8	1	248834 5889
26	246220	0.8	1	240772 5448
27	238393	0.8	1	232753 5640
28	238899	0.8	1	233059 5840
29	223484	0.8	1	218540 4944
30	217766	0.8	1	213251 4515
31	218814	0.8	1	214042 4772
32	222069	0.8	1	216810 5259
33	216939	0.8	1	212126 4813
34	215715	0.8	1	210536 5179
35	215941	0.8	1	210419 5522
36	213650	0.8	1	208485 5165
37	212118	0.8	1	207171 4947
38	210481	0.8	1	205442 5039
39	202183	0.8	1	197034 5149
40	196640	0.8	1	191800 4840
41	192134	0.8	1	187051 5083
42	191810	0.8	1	186059 5751
43	188053	0.8	1	181834 6219
44	289475	0.8	1	281402 8073
45	172425	0.8	1	166666 5759
46	241412	0.8	1	236544 4868
47	147698	0.8	1	134826 12872
48	1367512	0.8	1	1356561 10951
49	260995	0.8	1	252976 8019
50	220566	0.8	1	217609 2957
51	64522	0.8	1	61600 2922
52	202796	0.8	1	200993 1803
53	26306	0.8	1	25093 1213
54	46243	0.8	1	45622 621
55	15928	0.8	1	15432 496
56	18156	0.8	1	17755 401
57	8262	0.8	1	7580 682
58	49458	0.8	1	47912 1546
59	142641	0.8	1	141233 1408
60	20243	0.8	1	18866 1377
61	72972	0.8	1	72067 905
62	12548	0.8	1	11938 610
63	7253	0.8	1	6562 691
64	56329	0.8	1	54772 1557
65	138489	0.8	1	137144 1345
66	34509	0.8	1	33696 813
67	8654	0.8	1	8240 414
68	12339	0.8	1	11837 502
69	30747	0.8	1	30136 611
70	37998	0.8	1	37314 684
71	29908	0.8	1	29392 516
72	15715	0.8	1	15279 436
73	17024	0.8	1	16438 586
74	46192	0.8	1	45419 773
75	54276	0.8	1	53313 963
76	54934	0.8	1	53986 948
77	53194	0.8	1	52163 1031
78	51526	0.8	1	50568 958
79	48920	0.8	1	47991 929
80	46190	0.8	1	45212 978
81	43558	0.8	1	42613 945
82	40628	0.8	1	39868 760
83	36739	0.8	1	35982 757
84	33102	0.8	1	32412 690
85	32728	0.8	1	32031 697
86	41867	0.8	1	40987 880
87	31641	0.8	1	30937 704
88	29668	0.8	1	29010 658
89	27104	0.8	1	26523 581
90	24430	0.8	1	23881 549
91	22781	0.8	1	22366 415
92	20459	0.8	1	20078 381
93	17430	0.8	1	17075 355
94	15825	0.8	1	15540 285
95	13342	0.8	1	13062 280
96	12249	0.8	1	11971 278
97	11377	0.8	1	11145 232
98	10991	0.8	1	10748 243
99	9995	0.8	1	9751 244
100	8713	0.8	1	8546 167
101	7514	0.8	1	7331 183
102	6571	0.8	1	6408 163
103	5958	0.8	1	5807 151
104	4735	0.8	1	4629 106
105	4116	0.8	1	4004 112
106	3735	0.8	1	3622 113
107	3580	0.8	1	3476 104
108	3025	0.8	1	2907 118
109	2747	0.8	1	2648 99
110	2655	0.8	1	2548 107
111	2194	0.8	1	2076 118
112	1795	0.8	1	1704 91
113	1496	0.8	1	1397 99
114	1546	0.8	1	1454 92
115	1144	0.8	1	1047 97
116	1134	0.8	1	1049 85
117	909	0.8	1	835 74
118	1095	0.8	1	1016 79
119	942	0.8	1	860 82
120	885	0.8	1	794 91
121	1060	0.8	1	943 117
122	702	0.8	1	610 92
123	816	0.8	1	708 108
124	479	0.8	1	369 110
125	419	0.8	1	315 104
126	496	0.8	1	367 129
127	525	0.8	1	339 186
128	591	0.8	1	400 191
129	565	0.8	1	364 201
130	1450	0.8	1	1216 234
131	28093	0.8	1	27314 779
132	808	0.8	1	588 220
133	675	0.8	1	430 245
134	2074	0.8	1	1835 239
135	945	0.8	1	651 294
136	710	0.8	1	423 287
137	946	0.8	1	622 324
138	1731	0.8	1	1413 318
139	816	0.8	1	474 342
140	921	0.8	1	554 367
141	1837	0.8	1	1405 432
142	1024	0.8	1	587 437
143	1351	0.8	1	863 488
144	1625	0.8	1	1018 607
145	1602	0.8	1	878 724
146	2277	0.8	1	1428 849
147	2806	0.8	1	1059 1747
148	3233	0.8	1	894 2339
149	40815	0.8	1	1044 39771
150	2601288	0.8	1	45799 2555489

RUN STATISTICS FOR INPUT FILE: /vortexfs1/omics/tepolt/raw_reads/C_maenas/Cm_yrv_2023/25-060_R1_001.fastq.gz
=============================================
56349866 sequences processed in total

