
SUMMARISING RUN PARAMETERS
==========================
Input filename: /vortexfs1/omics/tepolt/raw_reads/C_maenas/Cm_yrv_2023/25-053_R1_001.fastq.gz
Trimming mode: paired-end
Trim Galore version: 0.6.6
Cutadapt version: 3.5
Python version: could not detect
Number of cores used for trimming: 8
Quality Phred score cutoff: 20
Quality encoding type selected: ASCII+33
Adapter sequence: 'AGATCGGAAGAGC' (Illumina TruSeq, Sanger iPCR; user defined)
Maximum trimming error rate: 0.1 (default)
Minimum required adapter overlap (stringency): 1 bp
Minimum required sequence length for both reads before a sequence pair gets removed: 20 bp
Running FastQC on the data once trimming has completed
Running FastQC with the following extra arguments: --outdir /vortexfs1/scratch/yaamini.venkataraman/wc-green-crab/output/06b-trimgalore     --threads 28
Output file will be GZIP compressed


This is cutadapt 3.5 with Python 3.9.5
Command line parameters: -j 8 -e 0.1 -q 20 -O 1 -a AGATCGGAAGAGC /vortexfs1/omics/tepolt/raw_reads/C_maenas/Cm_yrv_2023/25-053_R1_001.fastq.gz
Processing reads on 8 cores in single-end mode ...
Finished in 111.31 s (2 µs/read; 27.89 M reads/minute).

=== Summary ===

Total reads processed:              51,745,762
Reads with adapters:                27,295,297 (52.7%)
Reads written (passing filters):    51,745,762 (100.0%)

Total basepairs processed: 7,761,864,300 bp
Quality-trimmed:              23,509,034 bp (0.3%)
Total written (filtered):  7,162,689,186 bp (92.3%)

=== Adapter 1 ===

Sequence: AGATCGGAAGAGC; Type: regular 3'; Length: 13; Trimmed: 27295297 times

Minimum overlap: 1
No. of allowed errors:
1-9 bp: 0; 10-13 bp: 1

Bases preceding removed adapters:
  A: 20.7%
  C: 28.5%
  G: 23.5%
  T: 24.4%
  none/other: 3.0%

Overview of removed sequences
length	count	expect	max.err	error counts
1	9675212	12936440.5	0	9675212
2	2674886	3234110.1	0	2674886
3	1188733	808527.5	0	1188733
4	426841	202131.9	0	426841
5	304912	50533.0	0	304912
6	266440	12633.2	0	266440
7	265172	3158.3	0	265172
8	252719	789.6	0	252719
9	250269	197.4	0	248591 1678
10	252698	49.3	1	247948 4750
11	251988	12.3	1	247178 4810
12	252352	3.1	1	247339 5013
13	254886	0.8	1	249461 5425
14	254542	0.8	1	249243 5299
15	265605	0.8	1	259761 5844
16	251028	0.8	1	245616 5412
17	247145	0.8	1	241686 5459
18	244936	0.8	1	239998 4938
19	250603	0.8	1	245335 5268
20	237615	0.8	1	232697 4918
21	234893	0.8	1	229690 5203
22	230856	0.8	1	226201 4655
23	234009	0.8	1	228937 5072
24	228440	0.8	1	223606 4834
25	231777	0.8	1	226488 5289
26	223092	0.8	1	218323 4769
27	218042	0.8	1	213042 5000
28	215000	0.8	1	210044 4956
29	204485	0.8	1	200068 4417
30	196539	0.8	1	192580 3959
31	199178	0.8	1	195052 4126
32	200086	0.8	1	195591 4495
33	195725	0.8	1	191580 4145
34	192212	0.8	1	187993 4219
35	189926	0.8	1	185453 4473
36	186135	0.8	1	181767 4368
37	184743	0.8	1	180525 4218
38	180711	0.8	1	176646 4065
39	176015	0.8	1	171744 4271
40	169989	0.8	1	166096 3893
41	165937	0.8	1	161950 3987
42	163875	0.8	1	159477 4398
43	158576	0.8	1	154038 4538
44	234435	0.8	1	228389 6046
45	143293	0.8	1	139115 4178
46	202220	0.8	1	198608 3612
47	120045	0.8	1	110262 9783
48	1078674	0.8	1	1070397 8277
49	197637	0.8	1	191542 6095
50	162799	0.8	1	160613 2186
51	51249	0.8	1	49102 2147
52	149623	0.8	1	148337 1286
53	19735	0.8	1	18809 926
54	36556	0.8	1	36091 465
55	12414	0.8	1	12036 378
56	14835	0.8	1	14503 332
57	6602	0.8	1	6051 551
58	40688	0.8	1	39510 1178
59	111668	0.8	1	110574 1094
60	15645	0.8	1	14569 1076
61	55775	0.8	1	55113 662
62	9152	0.8	1	8707 445
63	5434	0.8	1	4957 477
64	40876	0.8	1	39754 1122
65	99802	0.8	1	98889 913
66	25594	0.8	1	25023 571
67	5983	0.8	1	5682 301
68	8905	0.8	1	8531 374
69	21951	0.8	1	21533 418
70	26422	0.8	1	25987 435
71	21490	0.8	1	21135 355
72	11021	0.8	1	10751 270
73	11689	0.8	1	11321 368
74	31509	0.8	1	31033 476
75	36212	0.8	1	35574 638
76	36370	0.8	1	35704 666
77	35142	0.8	1	34488 654
78	33647	0.8	1	33014 633
79	30837	0.8	1	30239 598
80	29831	0.8	1	29170 661
81	27835	0.8	1	27255 580
82	26236	0.8	1	25642 594
83	24442	0.8	1	23884 558
84	20647	0.8	1	20222 425
85	20327	0.8	1	19951 376
86	18991	0.8	1	18616 375
87	18327	0.8	1	17947 380
88	17044	0.8	1	16716 328
89	15936	0.8	1	15584 352
90	14525	0.8	1	14269 256
91	13162	0.8	1	12888 274
92	11651	0.8	1	11444 207
93	10122	0.8	1	9909 213
94	8810	0.8	1	8623 187
95	8091	0.8	1	7876 215
96	7527	0.8	1	7384 143
97	6891	0.8	1	6723 168
98	6718	0.8	1	6571 147
99	6146	0.8	1	6022 124
100	5405	0.8	1	5280 125
101	4660	0.8	1	4554 106
102	4524	0.8	1	4383 141
103	3897	0.8	1	3787 110
104	3227	0.8	1	3136 91
105	2833	0.8	1	2743 90
106	2758	0.8	1	2688 70
107	3093	0.8	1	3004 89
108	3555	0.8	1	3449 106
109	2285	0.8	1	2198 87
110	2251	0.8	1	2179 72
111	1850	0.8	1	1734 116
112	1779	0.8	1	1680 99
113	1500	0.8	1	1409 91
114	1458	0.8	1	1380 78
115	1637	0.8	1	1535 102
116	1396	0.8	1	1326 70
117	1224	0.8	1	1159 65
118	1239	0.8	1	1190 49
119	1254	0.8	1	1189 65
120	2563	0.8	1	2485 78
121	2545	0.8	1	2462 83
122	1673	0.8	1	1602 71
123	733	0.8	1	695 38
124	507	0.8	1	459 48
125	457	0.8	1	405 52
126	547	0.8	1	486 61
127	562	0.8	1	497 65
128	736	0.8	1	643 93
129	829	0.8	1	722 107
130	5338	0.8	1	5009 329
131	285259	0.8	1	281217 4042
132	1936	0.8	1	1810 126
133	749	0.8	1	655 94
134	825	0.8	1	744 81
135	645	0.8	1	561 84
136	446	0.8	1	335 111
137	573	0.8	1	461 112
138	867	0.8	1	764 103
139	593	0.8	1	472 121
140	605	0.8	1	489 116
141	1085	0.8	1	944 141
142	653	0.8	1	513 140
143	854	0.8	1	687 167
144	1051	0.8	1	856 195
145	1043	0.8	1	777 266
146	1338	0.8	1	1069 269
147	1500	0.8	1	933 567
148	1765	0.8	1	1016 749
149	15434	0.8	1	658 14776
150	801750	0.8	1	18010 783740

RUN STATISTICS FOR INPUT FILE: /vortexfs1/omics/tepolt/raw_reads/C_maenas/Cm_yrv_2023/25-053_R1_001.fastq.gz
=============================================
51745762 sequences processed in total

