
SUMMARISING RUN PARAMETERS
==========================
Input filename: /vortexfs1/omics/tepolt/raw_reads/C_maenas/Cm_yrv_2023/25-060_R2_001.fastq.gz
Trimming mode: paired-end
Trim Galore version: 0.6.6
Cutadapt version: 3.5
Python version: could not detect
Number of cores used for trimming: 8
Quality Phred score cutoff: 20
Quality encoding type selected: ASCII+33
Adapter sequence: 'AGATCGGAAGAGC' (Illumina TruSeq, Sanger iPCR; user defined)
Maximum trimming error rate: 0.1 (default)
Minimum required adapter overlap (stringency): 1 bp
Minimum required sequence length for both reads before a sequence pair gets removed: 20 bp
Running FastQC on the data once trimming has completed
Running FastQC with the following extra arguments: --outdir /vortexfs1/scratch/yaamini.venkataraman/wc-green-crab/output/06b-trimgalore     --threads 28
Output file will be GZIP compressed


This is cutadapt 3.5 with Python 3.9.5
Command line parameters: -j 8 -e 0.1 -q 20 -O 1 -a AGATCGGAAGAGC /vortexfs1/omics/tepolt/raw_reads/C_maenas/Cm_yrv_2023/25-060_R2_001.fastq.gz
Processing reads on 8 cores in single-end mode ...
Finished in 123.68 s (2 µs/read; 27.34 M reads/minute).

=== Summary ===

Total reads processed:              56,349,866
Reads with adapters:                28,927,133 (51.3%)
Reads written (passing filters):    56,349,866 (100.0%)

Total basepairs processed: 8,452,479,900 bp
Quality-trimmed:              33,965,192 bp (0.4%)
Total written (filtered):  7,886,171,726 bp (93.3%)

=== Adapter 1 ===

Sequence: AGATCGGAAGAGC; Type: regular 3'; Length: 13; Trimmed: 28927133 times

Minimum overlap: 1
No. of allowed errors:
1-9 bp: 0; 10-13 bp: 1

Bases preceding removed adapters:
  A: 22.4%
  C: 29.5%
  G: 27.9%
  T: 19.9%
  none/other: 0.3%

Overview of removed sequences
length	count	expect	max.err	error counts
1	10472264	14087466.5	0	10472264
2	2815567	3521866.6	0	2815567
3	1034392	880466.7	0	1034392
4	456219	220116.7	0	456219
5	322889	55029.2	0	322889
6	282585	13757.3	0	282585
7	279845	3439.3	0	279845
8	267562	859.8	0	267562
9	263145	215.0	0	262082 1063
10	266699	53.7	1	261197 5502
11	260379	13.4	1	254946 5433
12	269304	3.4	1	262872 6432
13	255850	0.8	1	250445 5405
14	266493	0.8	1	259541 6952
15	283604	0.8	1	276313 7291
16	258627	0.8	1	252142 6485
17	266427	0.8	1	258585 7842
18	264307	0.8	1	256420 7887
19	292772	0.8	1	283128 9644
20	265700	0.8	1	258402 7298
21	235797	0.8	1	229684 6113
22	238983	0.8	1	232529 6454
23	249900	0.8	1	243122 6778
24	267501	0.8	1	258932 8569
25	241331	0.8	1	234518 6813
26	246730	0.8	1	239561 7169
27	269703	0.8	1	261394 8309
28	217412	0.8	1	211360 6052
29	226930	0.8	1	220880 6050
30	217769	0.8	1	212264 5505
31	210863	0.8	1	206087 4776
32	217299	0.8	1	212090 5209
33	254373	0.8	1	247494 6879
34	197283	0.8	1	192032 5251
35	216315	0.8	1	211046 5269
36	384550	0.8	1	375404 9146
37	121332	0.8	1	117154 4178
38	289870	0.8	1	284072 5798
39	137816	0.8	1	134031 3785
40	219297	0.8	1	215195 4102
41	130611	0.8	1	127663 2948
42	168411	0.8	1	164793 3618
43	193423	0.8	1	189128 4295
44	160714	0.8	1	156977 3737
45	254714	0.8	1	249278 5436
46	146541	0.8	1	142813 3728
47	132634	0.8	1	129502 3132
48	206161	0.8	1	202119 4042
49	128082	0.8	1	125182 2900
50	138797	0.8	1	135712 3085
51	144423	0.8	1	141000 3423
52	167884	0.8	1	164160 3724
53	102470	0.8	1	100120 2350
54	143664	0.8	1	140459 3205
55	138224	0.8	1	135279 2945
56	118254	0.8	1	115707 2547
57	159883	0.8	1	156337 3546
58	192639	0.8	1	189280 3359
59	101186	0.8	1	98765 2421
60	114844	0.8	1	112868 1976
61	89665	0.8	1	87850 1815
62	130434	0.8	1	128188 2246
63	70196	0.8	1	68511 1685
64	135804	0.8	1	133716 2088
65	64498	0.8	1	63028 1470
66	88251	0.8	1	86608 1643
67	100837	0.8	1	99093 1744
68	71840	0.8	1	70394 1446
69	51390	0.8	1	50032 1358
70	115580	0.8	1	113977 1603
71	22264	0.8	1	21267 997
72	59236	0.8	1	58098 1138
73	68462	0.8	1	67154 1308
74	72528	0.8	1	71211 1317
75	73063	0.8	1	72021 1042
76	21594	0.8	1	20935 659
77	42749	0.8	1	41912 837
78	50458	0.8	1	49496 962
79	48438	0.8	1	47451 987
80	46067	0.8	1	45112 955
81	43433	0.8	1	42545 888
82	40303	0.8	1	39414 889
83	36475	0.8	1	35699 776
84	32856	0.8	1	32177 679
85	31453	0.8	1	30766 687
86	30680	0.8	1	30025 655
87	31078	0.8	1	30441 637
88	29017	0.8	1	28431 586
89	26894	0.8	1	26349 545
90	23958	0.8	1	23547 411
91	22526	0.8	1	22061 465
92	19766	0.8	1	19336 430
93	16773	0.8	1	16418 355
94	15182	0.8	1	14858 324
95	12781	0.8	1	12516 265
96	11761	0.8	1	11530 231
97	10948	0.8	1	10690 258
98	10568	0.8	1	10310 258
99	9653	0.8	1	9417 236
100	8454	0.8	1	8276 178
101	7202	0.8	1	7036 166
102	6309	0.8	1	6157 152
103	5635	0.8	1	5473 162
104	4542	0.8	1	4419 123
105	3984	0.8	1	3895 89
106	3594	0.8	1	3485 109
107	3501	0.8	1	3401 100
108	3009	0.8	1	2894 115
109	2673	0.8	1	2588 85
110	2607	0.8	1	2538 69
111	2143	0.8	1	2059 84
112	1755	0.8	1	1675 80
113	1458	0.8	1	1406 52
114	1496	0.8	1	1451 45
115	1073	0.8	1	1007 66
116	1076	0.8	1	1015 61
117	860	0.8	1	799 61
118	1014	0.8	1	963 51
119	861	0.8	1	805 56
120	807	0.8	1	729 78
121	929	0.8	1	828 101
122	608	0.8	1	556 52
123	749	0.8	1	703 46
124	369	0.8	1	349 20
125	312	0.8	1	283 29
126	377	0.8	1	353 24
127	337	0.8	1	300 37
128	412	0.8	1	351 61
129	393	0.8	1	330 63
130	1386	0.8	1	1131 255
131	25935	0.8	1	23077 2858
132	646	0.8	1	560 86
133	456	0.8	1	413 43
134	1876	0.8	1	1823 53
135	700	0.8	1	680 20
136	433	0.8	1	421 12
137	643	0.8	1	615 28
138	1445	0.8	1	1422 23
139	489	0.8	1	474 15
140	567	0.8	1	549 18
141	1444	0.8	1	1419 25
142	590	0.8	1	573 17
143	885	0.8	1	863 22
144	1064	0.8	1	1036 28
145	919	0.8	1	872 47
146	1459	0.8	1	1414 45
147	1143	0.8	1	1034 109
148	970	0.8	1	861 109
149	1803	0.8	1	921 882
150	85039	0.8	1	46318 38721

RUN STATISTICS FOR INPUT FILE: /vortexfs1/omics/tepolt/raw_reads/C_maenas/Cm_yrv_2023/25-060_R2_001.fastq.gz
=============================================
56349866 sequences processed in total

Total number of sequences analysed for the sequence pair length validation: 56349866

Number of sequence pairs removed because at least one read was shorter than the length cutoff (20 bp): 2739178 (4.86%)
