
SUMMARISING RUN PARAMETERS
==========================
Input filename: /vortexfs1/omics/tepolt/raw_reads/C_maenas/Cm_yrv_2023/25-056_R2_001.fastq.gz
Trimming mode: paired-end
Trim Galore version: 0.6.6
Cutadapt version: 3.5
Python version: could not detect
Number of cores used for trimming: 8
Quality Phred score cutoff: 20
Quality encoding type selected: ASCII+33
Adapter sequence: 'AGATCGGAAGAGC' (Illumina TruSeq, Sanger iPCR; user defined)
Maximum trimming error rate: 0.1 (default)
Minimum required adapter overlap (stringency): 1 bp
Minimum required sequence length for both reads before a sequence pair gets removed: 20 bp
Running FastQC on the data once trimming has completed
Running FastQC with the following extra arguments: --outdir /vortexfs1/scratch/yaamini.venkataraman/wc-green-crab/output/06b-trimgalore     --threads 28
Output file will be GZIP compressed


This is cutadapt 3.5 with Python 3.9.5
Command line parameters: -j 8 -e 0.1 -q 20 -O 1 -a AGATCGGAAGAGC /vortexfs1/omics/tepolt/raw_reads/C_maenas/Cm_yrv_2023/25-056_R2_001.fastq.gz
Processing reads on 8 cores in single-end mode ...
Finished in 84.32 s (2 µs/read; 24.50 M reads/minute).

=== Summary ===

Total reads processed:              34,438,544
Reads with adapters:                17,330,475 (50.3%)
Reads written (passing filters):    34,438,544 (100.0%)

Total basepairs processed: 5,165,781,600 bp
Quality-trimmed:              29,483,190 bp (0.6%)
Total written (filtered):  4,908,580,398 bp (95.0%)

=== Adapter 1 ===

Sequence: AGATCGGAAGAGC; Type: regular 3'; Length: 13; Trimmed: 17330475 times

Minimum overlap: 1
No. of allowed errors:
1-9 bp: 0; 10-13 bp: 1

Bases preceding removed adapters:
  A: 23.9%
  C: 30.9%
  G: 27.4%
  T: 17.8%
  none/other: 0.1%

Overview of removed sequences
length	count	expect	max.err	error counts
1	7023446	8609636.0	0	7023446
2	1890111	2152409.0	0	1890111
3	712129	538102.2	0	712129
4	321119	134525.6	0	321119
5	227281	33631.4	0	227281
6	198474	8407.8	0	198474
7	195347	2102.0	0	195347
8	190122	525.5	0	190122
9	181344	131.4	0	180609 735
10	182829	32.8	1	178897 3932
11	176866	8.2	1	172887 3979
12	184301	2.1	1	179646 4655
13	177713	0.5	1	173739 3974
14	185305	0.5	1	180100 5205
15	200923	0.5	1	195200 5723
16	174665	0.5	1	169845 4820
17	179910	0.5	1	174248 5662
18	174149	0.5	1	168772 5377
19	190398	0.5	1	183553 6845
20	168709	0.5	1	163754 4955
21	151336	0.5	1	146995 4341
22	152016	0.5	1	147543 4473
23	164132	0.5	1	159256 4876
24	172750	0.5	1	166501 6249
25	150442	0.5	1	146009 4433
26	155758	0.5	1	150773 4985
27	165974	0.5	1	160766 5208
28	137579	0.5	1	133424 4155
29	137805	0.5	1	133881 3924
30	142539	0.5	1	138548 3991
31	113062	0.5	1	110520 2542
32	133146	0.5	1	129277 3869
33	136001	0.5	1	132654 3347
34	117000	0.5	1	113913 3087
35	120140	0.5	1	117096 3044
36	149123	0.5	1	144887 4236
37	113599	0.5	1	110640 2959
38	116408	0.5	1	114009 2399
39	81217	0.5	1	79382 1835
40	96949	0.5	1	94543 2406
41	96851	0.5	1	94396 2455
42	97507	0.5	1	94660 2847
43	92826	0.5	1	90515 2311
44	80845	0.5	1	78730 2115
45	107305	0.5	1	104434 2871
46	70902	0.5	1	68915 1987
47	65214	0.5	1	63503 1711
48	82484	0.5	1	80516 1968
49	59788	0.5	1	58384 1404
50	58359	0.5	1	56843 1516
51	57357	0.5	1	55734 1623
52	61940	0.5	1	60352 1588
53	42522	0.5	1	41528 994
54	49368	0.5	1	48056 1312
55	48343	0.5	1	47093 1250
56	40346	0.5	1	39353 993
57	46600	0.5	1	45303 1297
58	51841	0.5	1	50553 1288
59	31146	0.5	1	30354 792
60	38588	0.5	1	37801 787
61	25229	0.5	1	24659 570
62	29006	0.5	1	28358 648
63	21242	0.5	1	20731 511
64	29099	0.5	1	28513 586
65	16230	0.5	1	15851 379
66	19220	0.5	1	18794 426
67	20171	0.5	1	19732 439
68	14523	0.5	1	14191 332
69	11398	0.5	1	11112 286
70	19438	0.5	1	19055 383
71	4813	0.5	1	4619 194
72	9412	0.5	1	9186 226
73	9810	0.5	1	9564 246
74	9946	0.5	1	9724 222
75	9933	0.5	1	9760 173
76	3326	0.5	1	3205 121
77	5751	0.5	1	5620 131
78	5880	0.5	1	5742 138
79	5515	0.5	1	5388 127
80	4999	0.5	1	4867 132
81	4563	0.5	1	4425 138
82	3980	0.5	1	3860 120
83	3503	0.5	1	3391 112
84	3304	0.5	1	3197 107
85	3024	0.5	1	2904 120
86	2853	0.5	1	2767 86
87	2846	0.5	1	2758 88
88	2470	0.5	1	2392 78
89	2282	0.5	1	2206 76
90	2159	0.5	1	2101 58
91	1890	0.5	1	1824 66
92	1812	0.5	1	1753 59
93	1539	0.5	1	1488 51
94	1405	0.5	1	1346 59
95	1200	0.5	1	1155 45
96	1109	0.5	1	1073 36
97	1086	0.5	1	1047 39
98	1069	0.5	1	1028 41
99	1022	0.5	1	983 39
100	904	0.5	1	864 40
101	822	0.5	1	767 55
102	986	0.5	1	906 80
103	763	0.5	1	710 53
104	668	0.5	1	630 38
105	607	0.5	1	570 37
106	625	0.5	1	574 51
107	719	0.5	1	664 55
108	879	0.5	1	734 145
109	517	0.5	1	481 36
110	562	0.5	1	492 70
111	443	0.5	1	407 36
112	403	0.5	1	367 36
113	381	0.5	1	348 33
114	389	0.5	1	347 42
115	512	0.5	1	432 80
116	376	0.5	1	318 58
117	333	0.5	1	294 39
118	332	0.5	1	286 46
119	354	0.5	1	292 62
120	917	0.5	1	699 218
121	868	0.5	1	667 201
122	585	0.5	1	498 87
123	241	0.5	1	204 37
124	160	0.5	1	132 28
125	390	0.5	1	345 45
126	168	0.5	1	134 34
127	234	0.5	1	201 33
128	227	0.5	1	158 69
129	290	0.5	1	209 81
130	1540	0.5	1	1205 335
131	59839	0.5	1	54942 4897
132	298	0.5	1	263 35
133	174	0.5	1	160 14
134	194	0.5	1	183 11
135	140	0.5	1	128 12
136	115	0.5	1	107 8
137	148	0.5	1	141 7
138	252	0.5	1	249 3
139	161	0.5	1	150 11
140	199	0.5	1	195 4
141	364	0.5	1	358 6
142	214	0.5	1	208 6
143	322	0.5	1	312 10
144	314	0.5	1	310 4
145	311	0.5	1	300 11
146	390	0.5	1	382 8
147	350	0.5	1	334 16
148	323	0.5	1	303 20
149	255	0.5	1	206 49
150	8611	0.5	1	7312 1299

RUN STATISTICS FOR INPUT FILE: /vortexfs1/omics/tepolt/raw_reads/C_maenas/Cm_yrv_2023/25-056_R2_001.fastq.gz
=============================================
34438544 sequences processed in total

Total number of sequences analysed for the sequence pair length validation: 34438544

Number of sequence pairs removed because at least one read was shorter than the length cutoff (20 bp): 498989 (1.45%)
