
SUMMARISING RUN PARAMETERS
==========================
Input filename: /vortexfs1/omics/tepolt/raw_reads/C_maenas/Cm_yrv_2023/25-120_R2_001.fastq.gz
Trimming mode: paired-end
Trim Galore version: 0.6.6
Cutadapt version: 3.5
Python version: could not detect
Number of cores used for trimming: 8
Quality Phred score cutoff: 20
Quality encoding type selected: ASCII+33
Adapter sequence: 'AGATCGGAAGAGC' (Illumina TruSeq, Sanger iPCR; user defined)
Maximum trimming error rate: 0.1 (default)
Minimum required adapter overlap (stringency): 1 bp
Minimum required sequence length for both reads before a sequence pair gets removed: 20 bp
Running FastQC on the data once trimming has completed
Running FastQC with the following extra arguments: --outdir /vortexfs1/scratch/yaamini.venkataraman/wc-green-crab/output/06b-trimgalore     --threads 28
Output file will be GZIP compressed


This is cutadapt 3.5 with Python 3.9.5
Command line parameters: -j 8 -e 0.1 -q 20 -O 1 -a AGATCGGAAGAGC /vortexfs1/omics/tepolt/raw_reads/C_maenas/Cm_yrv_2023/25-120_R2_001.fastq.gz
Processing reads on 8 cores in single-end mode ...
Finished in 134.23 s (2 µs/read; 25.13 M reads/minute).

=== Summary ===

Total reads processed:              56,223,361
Reads with adapters:                30,661,430 (54.5%)
Reads written (passing filters):    56,223,361 (100.0%)

Total basepairs processed: 8,433,504,150 bp
Quality-trimmed:              25,359,276 bp (0.3%)
Total written (filtered):  7,891,762,475 bp (93.6%)

=== Adapter 1 ===

Sequence: AGATCGGAAGAGC; Type: regular 3'; Length: 13; Trimmed: 30661430 times

Minimum overlap: 1
No. of allowed errors:
1-9 bp: 0; 10-13 bp: 1

Bases preceding removed adapters:
  A: 21.4%
  C: 33.6%
  G: 27.8%
  T: 17.1%
  none/other: 0.1%

Overview of removed sequences
length	count	expect	max.err	error counts
1	10325596	14055840.2	0	10325596
2	2870862	3513960.1	0	2870862
3	1124303	878490.0	0	1124303
4	515825	219622.5	0	515825
5	381655	54905.6	0	381655
6	342385	13726.4	0	342385
7	339600	3431.6	0	339600
8	333211	857.9	0	333211
9	322546	214.5	0	321375 1171
10	329587	53.6	1	323687 5900
11	323930	13.4	1	317695 6235
12	339524	3.4	1	331897 7627
13	330364	0.8	1	324136 6228
14	348926	0.8	1	340244 8682
15	371368	0.8	1	362432 8936
16	332284	0.8	1	324590 7694
17	341106	0.8	1	331317 9789
18	334664	0.8	1	325335 9329
19	370454	0.8	1	358836 11618
20	333359	0.8	1	325077 8282
21	300491	0.8	1	293041 7450
22	304719	0.8	1	296793 7926
23	323496	0.8	1	315043 8453
24	348960	0.8	1	337982 10978
25	304562	0.8	1	296679 7883
26	322275	0.8	1	313506 8769
27	346556	0.8	1	336823 9733
28	292359	0.8	1	284753 7606
29	289251	0.8	1	282318 6933
30	304311	0.8	1	296910 7401
31	263270	0.8	1	258075 5195
32	295734	0.8	1	288880 6854
33	282402	0.8	1	276533 5869
34	355039	0.8	1	346789 8250
35	222775	0.8	1	218028 4747
36	290224	0.8	1	283974 6250
37	269927	0.8	1	264239 5688
38	263318	0.8	1	258107 5211
39	234987	0.8	1	230529 4458
40	304603	0.8	1	298166 6437
41	189973	0.8	1	185912 4061
42	220264	0.8	1	215800 4464
43	229825	0.8	1	224608 5217
44	207532	0.8	1	203272 4260
45	243033	0.8	1	237150 5883
46	189854	0.8	1	185528 4326
47	182509	0.8	1	178594 3915
48	200620	0.8	1	196411 4209
49	168840	0.8	1	165334 3506
50	156991	0.8	1	153676 3315
51	154511	0.8	1	150929 3582
52	160154	0.8	1	156540 3614
53	127524	0.8	1	124922 2602
54	134513	0.8	1	131662 2851
55	136276	0.8	1	133203 3073
56	118398	0.8	1	116065 2333
57	126515	0.8	1	123636 2879
58	133984	0.8	1	131275 2709
59	89221	0.8	1	87381 1840
60	102375	0.8	1	100458 1917
61	85986	0.8	1	84475 1511
62	87302	0.8	1	85606 1696
63	69601	0.8	1	68293 1308
64	82769	0.8	1	81281 1488
65	58730	0.8	1	57613 1117
66	62091	0.8	1	61005 1086
67	61432	0.8	1	60338 1094
68	50248	0.8	1	49310 938
69	42004	0.8	1	41246 758
70	57426	0.8	1	56474 952
71	23856	0.8	1	23252 604
72	32898	0.8	1	32294 604
73	33799	0.8	1	33099 700
74	34017	0.8	1	33392 625
75	35016	0.8	1	34540 476
76	10645	0.8	1	10331 314
77	21376	0.8	1	20995 381
78	21167	0.8	1	20730 437
79	19345	0.8	1	18957 388
80	17602	0.8	1	17238 364
81	15741	0.8	1	15400 341
82	14069	0.8	1	13744 325
83	12878	0.8	1	12607 271
84	11519	0.8	1	11248 271
85	11011	0.8	1	10735 276
86	10502	0.8	1	10271 231
87	9718	0.8	1	9465 253
88	9040	0.8	1	8831 209
89	8344	0.8	1	8149 195
90	7512	0.8	1	7315 197
91	6913	0.8	1	6727 186
92	6289	0.8	1	6141 148
93	5504	0.8	1	5374 130
94	4984	0.8	1	4839 145
95	4571	0.8	1	4468 103
96	4305	0.8	1	4194 111
97	4197	0.8	1	4074 123
98	4020	0.8	1	3901 119
99	3791	0.8	1	3679 112
100	3219	0.8	1	3116 103
101	2890	0.8	1	2791 99
102	2524	0.8	1	2434 90
103	2445	0.8	1	2369 76
104	2151	0.8	1	2054 97
105	1909	0.8	1	1842 67
106	1965	0.8	1	1891 74
107	2074	0.8	1	1975 99
108	1879	0.8	1	1800 79
109	1625	0.8	1	1562 63
110	1581	0.8	1	1499 82
111	1445	0.8	1	1355 90
112	1172	0.8	1	1092 80
113	1066	0.8	1	1004 62
114	926	0.8	1	866 60
115	820	0.8	1	753 67
116	744	0.8	1	682 62
117	692	0.8	1	647 45
118	734	0.8	1	683 51
119	665	0.8	1	600 65
120	764	0.8	1	666 98
121	762	0.8	1	651 111
122	626	0.8	1	565 61
123	432	0.8	1	397 35
124	302	0.8	1	279 23
125	203	0.8	1	194 9
126	271	0.8	1	246 25
127	263	0.8	1	219 44
128	289	0.8	1	248 41
129	263	0.8	1	233 30
130	1004	0.8	1	877 127
131	28735	0.8	1	26671 2064
132	347	0.8	1	314 33
133	276	0.8	1	252 24
134	570	0.8	1	549 21
135	358	0.8	1	345 13
136	285	0.8	1	275 10
137	353	0.8	1	347 6
138	691	0.8	1	682 9
139	393	0.8	1	383 10
140	437	0.8	1	416 21
141	898	0.8	1	872 26
142	466	0.8	1	457 9
143	675	0.8	1	668 7
144	801	0.8	1	771 30
145	759	0.8	1	734 25
146	937	0.8	1	913 24
147	957	0.8	1	909 48
148	762	0.8	1	733 29
149	538	0.8	1	430 108
150	18549	0.8	1	14559 3990

RUN STATISTICS FOR INPUT FILE: /vortexfs1/omics/tepolt/raw_reads/C_maenas/Cm_yrv_2023/25-120_R2_001.fastq.gz
=============================================
56223361 sequences processed in total

Total number of sequences analysed for the sequence pair length validation: 56223361

Number of sequence pairs removed because at least one read was shorter than the length cutoff (20 bp): 1043242 (1.86%)
