
SUMMARISING RUN PARAMETERS
==========================
Input filename: /vortexfs1/omics/tepolt/raw_reads/C_maenas/Cm_yrv_2023/25-177_R1_001.fastq.gz
Trimming mode: paired-end
Trim Galore version: 0.6.6
Cutadapt version: 3.5
Python version: could not detect
Number of cores used for trimming: 8
Quality Phred score cutoff: 20
Quality encoding type selected: ASCII+33
Adapter sequence: 'AGATCGGAAGAGC' (Illumina TruSeq, Sanger iPCR; user defined)
Maximum trimming error rate: 0.1 (default)
Minimum required adapter overlap (stringency): 1 bp
Minimum required sequence length for both reads before a sequence pair gets removed: 20 bp
Running FastQC on the data once trimming has completed
Running FastQC with the following extra arguments: --outdir /vortexfs1/scratch/yaamini.venkataraman/wc-green-crab/output/06b-trimgalore     --threads 28
Output file will be GZIP compressed


This is cutadapt 3.5 with Python 3.9.5
Command line parameters: -j 8 -e 0.1 -q 20 -O 1 -a AGATCGGAAGAGC /vortexfs1/omics/tepolt/raw_reads/C_maenas/Cm_yrv_2023/25-177_R1_001.fastq.gz
Processing reads on 8 cores in single-end mode ...
Finished in 93.30 s (2 µs/read; 28.16 M reads/minute).

=== Summary ===

Total reads processed:              43,793,074
Reads with adapters:                19,146,218 (43.7%)
Reads written (passing filters):    43,793,074 (100.0%)

Total basepairs processed: 6,568,961,100 bp
Quality-trimmed:               9,343,032 bp (0.1%)
Total written (filtered):  6,340,487,412 bp (96.5%)

=== Adapter 1 ===

Sequence: AGATCGGAAGAGC; Type: regular 3'; Length: 13; Trimmed: 19146218 times

Minimum overlap: 1
No. of allowed errors:
1-9 bp: 0; 10-13 bp: 1

Bases preceding removed adapters:
  A: 25.7%
  C: 25.2%
  G: 19.9%
  T: 26.7%
  none/other: 2.6%

Overview of removed sequences
length	count	expect	max.err	error counts
1	10077748	10948268.5	0	10077748
2	2441839	2737067.1	0	2441839
3	1082981	684266.8	0	1082981
4	320116	171066.7	0	320116
5	198028	42766.7	0	198028
6	161593	10691.7	0	161593
7	156315	2672.9	0	156315
8	146988	668.2	0	146988
9	140262	167.1	0	139361 901
10	137211	41.8	1	134205 3006
11	133956	10.4	1	131275 2681
12	132642	2.6	1	130057 2585
13	133156	0.7	1	130101 3055
14	130839	0.7	1	128177 2662
15	139314	0.7	1	136162 3152
16	128122	0.7	1	125222 2900
17	125455	0.7	1	122427 3028
18	121397	0.7	1	118938 2459
19	121681	0.7	1	119092 2589
20	117213	0.7	1	114771 2442
21	108819	0.7	1	106232 2587
22	103116	0.7	1	100912 2204
23	104697	0.7	1	102426 2271
24	101276	0.7	1	99109 2167
25	101258	0.7	1	98870 2388
26	95338	0.7	1	93306 2032
27	91987	0.7	1	89875 2112
28	87633	0.7	1	85502 2131
29	81841	0.7	1	80090 1751
30	77408	0.7	1	75788 1620
31	75543	0.7	1	73846 1697
32	74389	0.7	1	72592 1797
33	71154	0.7	1	69491 1663
34	69757	0.7	1	67986 1771
35	67596	0.7	1	66087 1509
36	65845	0.7	1	64231 1614
37	63371	0.7	1	61880 1491
38	62895	0.7	1	61385 1510
39	58091	0.7	1	56633 1458
40	56392	0.7	1	54930 1462
41	52297	0.7	1	51042 1255
42	48357	0.7	1	47049 1308
43	46855	0.7	1	45312 1543
44	63953	0.7	1	61994 1959
45	39635	0.7	1	38440 1195
46	57565	0.7	1	56630 935
47	12721	0.7	1	11812 909
48	72690	0.7	1	71306 1384
49	45092	0.7	1	44213 879
50	17818	0.7	1	17256 562
51	26078	0.7	1	25492 586
52	34155	0.7	1	33671 484
53	13438	0.7	1	13009 429
54	30787	0.7	1	30440 347
55	12000	0.7	1	11694 306
56	20347	0.7	1	20016 331
57	15262	0.7	1	14994 268
58	15097	0.7	1	14698 399
59	29901	0.7	1	29459 442
60	13819	0.7	1	13449 370
61	21335	0.7	1	21029 306
62	4290	0.7	1	4130 160
63	5680	0.7	1	5529 151
64	9158	0.7	1	8860 298
65	24032	0.7	1	23803 229
66	2549	0.7	1	2424 125
67	1612	0.7	1	1517 95
68	6820	0.7	1	6655 165
69	6577	0.7	1	6435 142
70	6536	0.7	1	6410 126
71	4798	0.7	1	4706 92
72	1948	0.7	1	1892 56
73	2020	0.7	1	1948 72
74	3631	0.7	1	3546 85
75	4015	0.7	1	3919 96
76	3939	0.7	1	3843 96
77	3786	0.7	1	3669 117
78	3480	0.7	1	3375 105
79	3259	0.7	1	3157 102
80	3326	0.7	1	3166 160
81	3115	0.7	1	2958 157
82	3662	0.7	1	3538 124
83	3012	0.7	1	2892 120
84	2453	0.7	1	2363 90
85	3222	0.7	1	3136 86
86	2183	0.7	1	2083 100
87	1904	0.7	1	1840 64
88	1642	0.7	1	1576 66
89	1594	0.7	1	1528 66
90	1610	0.7	1	1542 68
91	1416	0.7	1	1347 69
92	1356	0.7	1	1296 60
93	1226	0.7	1	1142 84
94	1162	0.7	1	1109 53
95	1052	0.7	1	1004 48
96	904	0.7	1	851 53
97	924	0.7	1	871 53
98	975	0.7	1	929 46
99	1381	0.7	1	1246 135
100	1362	0.7	1	1303 59
101	788	0.7	1	741 47
102	858	0.7	1	823 35
103	757	0.7	1	699 58
104	683	0.7	1	642 41
105	606	0.7	1	568 38
106	623	0.7	1	595 28
107	1392	0.7	1	1343 49
108	740	0.7	1	689 51
109	577	0.7	1	536 41
110	508	0.7	1	473 35
111	517	0.7	1	461 56
112	544	0.7	1	496 48
113	448	0.7	1	374 74
114	489	0.7	1	453 36
115	491	0.7	1	438 53
116	503	0.7	1	465 38
117	462	0.7	1	433 29
118	530	0.7	1	487 43
119	437	0.7	1	404 33
120	654	0.7	1	604 50
121	1132	0.7	1	1088 44
122	456	0.7	1	432 24
123	259	0.7	1	225 34
124	200	0.7	1	172 28
125	174	0.7	1	150 24
126	171	0.7	1	142 29
127	208	0.7	1	178 30
128	234	0.7	1	184 50
129	307	0.7	1	256 51
130	3066	0.7	1	2811 255
131	30422	0.7	1	29865 557
132	425	0.7	1	347 78
133	237	0.7	1	171 66
134	352	0.7	1	296 56
135	279	0.7	1	223 56
136	212	0.7	1	141 71
137	222	0.7	1	156 66
138	308	0.7	1	259 49
139	240	0.7	1	175 65
140	234	0.7	1	175 59
141	410	0.7	1	340 70
142	261	0.7	1	180 81
143	368	0.7	1	258 110
144	382	0.7	1	270 112
145	427	0.7	1	257 170
146	481	0.7	1	323 158
147	706	0.7	1	366 340
148	796	0.7	1	364 432
149	9734	0.7	1	427 9307
150	488833	0.7	1	11998 476835

RUN STATISTICS FOR INPUT FILE: /vortexfs1/omics/tepolt/raw_reads/C_maenas/Cm_yrv_2023/25-177_R1_001.fastq.gz
=============================================
43793074 sequences processed in total

