
SUMMARISING RUN PARAMETERS
==========================
Input filename: /vortexfs1/omics/tepolt/raw_reads/C_maenas/Cm_yrv_2023/25-179_R2_001.fastq.gz
Trimming mode: paired-end
Trim Galore version: 0.6.6
Cutadapt version: 3.5
Python version: could not detect
Number of cores used for trimming: 8
Quality Phred score cutoff: 20
Quality encoding type selected: ASCII+33
Adapter sequence: 'AGATCGGAAGAGC' (Illumina TruSeq, Sanger iPCR; user defined)
Maximum trimming error rate: 0.1 (default)
Minimum required adapter overlap (stringency): 1 bp
Minimum required sequence length for both reads before a sequence pair gets removed: 20 bp
Running FastQC on the data once trimming has completed
Running FastQC with the following extra arguments: --outdir /vortexfs1/scratch/yaamini.venkataraman/wc-green-crab/output/06b-trimgalore     --threads 28
Output file will be GZIP compressed


This is cutadapt 3.5 with Python 3.9.5
Command line parameters: -j 8 -e 0.1 -q 20 -O 1 -a AGATCGGAAGAGC /vortexfs1/omics/tepolt/raw_reads/C_maenas/Cm_yrv_2023/25-179_R2_001.fastq.gz
Processing reads on 8 cores in single-end mode ...
Finished in 102.24 s (2 µs/read; 24.83 M reads/minute).

=== Summary ===

Total reads processed:              42,313,327
Reads with adapters:                22,788,407 (53.9%)
Reads written (passing filters):    42,313,327 (100.0%)

Total basepairs processed: 6,346,999,050 bp
Quality-trimmed:              21,950,259 bp (0.3%)
Total written (filtered):  5,853,591,398 bp (92.2%)

=== Adapter 1 ===

Sequence: AGATCGGAAGAGC; Type: regular 3'; Length: 13; Trimmed: 22788407 times

Minimum overlap: 1
No. of allowed errors:
1-9 bp: 0; 10-13 bp: 1

Bases preceding removed adapters:
  A: 21.5%
  C: 31.8%
  G: 28.1%
  T: 18.5%
  none/other: 0.2%

Overview of removed sequences
length	count	expect	max.err	error counts
1	7549321	10578331.8	0	7549321
2	2157906	2644582.9	0	2157906
3	794843	661145.7	0	794843
4	358778	165286.4	0	358778
5	256364	41321.6	0	256364
6	225304	10330.4	0	225304
7	224771	2582.6	0	224771
8	216388	645.7	0	216388
9	215005	161.4	0	214127 878
10	219330	40.4	1	215141 4189
11	214577	10.1	1	210090 4487
12	220280	2.5	1	215289 4991
13	211811	0.6	1	207638 4173
14	215814	0.6	1	210443 5371
15	228333	0.6	1	222678 5655
16	212562	0.6	1	207340 5222
17	222752	0.6	1	216453 6299
18	216009	0.6	1	209790 6219
19	234090	0.6	1	226638 7452
20	219500	0.6	1	213623 5877
21	190196	0.6	1	185278 4918
22	196104	0.6	1	190969 5135
23	199127	0.6	1	193792 5335
24	210222	0.6	1	203797 6425
25	203868	0.6	1	198360 5508
26	203675	0.6	1	197890 5785
27	225756	0.6	1	219181 6575
28	179854	0.6	1	175067 4787
29	183099	0.6	1	178538 4561
30	182728	0.6	1	178390 4338
31	174807	0.6	1	170989 3818
32	181122	0.6	1	176760 4362
33	189446	0.6	1	184798 4648
34	191946	0.6	1	187457 4489
35	156389	0.6	1	153070 3319
36	182813	0.6	1	178717 4096
37	165453	0.6	1	161616 3837
38	179735	0.6	1	175530 4205
39	204591	0.6	1	200073 4518
40	129204	0.6	1	126131 3073
41	153774	0.6	1	150487 3287
42	146360	0.6	1	143360 3000
43	157037	0.6	1	153360 3677
44	139346	0.6	1	136412 2934
45	166526	0.6	1	162343 4183
46	136108	0.6	1	132783 3325
47	130092	0.6	1	127115 2977
48	147581	0.6	1	144238 3343
49	126925	0.6	1	124218 2707
50	120346	0.6	1	117702 2644
51	120531	0.6	1	117576 2955
52	123068	0.6	1	120107 2961
53	106188	0.6	1	104017 2171
54	115341	0.6	1	112654 2687
55	116883	0.6	1	114100 2783
56	106544	0.6	1	104274 2270
57	116067	0.6	1	113306 2761
58	136105	0.6	1	133076 3029
59	93503	0.6	1	91348 2155
60	100193	0.6	1	98312 1881
61	87242	0.6	1	85586 1656
62	93159	0.6	1	91408 1751
63	82358	0.6	1	80877 1481
64	104227	0.6	1	102213 2014
65	72896	0.6	1	71515 1381
66	82651	0.6	1	81166 1485
67	82351	0.6	1	80754 1597
68	72984	0.6	1	71681 1303
69	63211	0.6	1	61990 1221
70	89045	0.6	1	87524 1521
71	42063	0.6	1	41077 986
72	56814	0.6	1	55785 1029
73	60907	0.6	1	59685 1222
74	62504	0.6	1	61359 1145
75	66004	0.6	1	65123 881
76	18972	0.6	1	18430 542
77	44878	0.6	1	44125 753
78	45887	0.6	1	44996 891
79	43740	0.6	1	42857 883
80	41282	0.6	1	40513 769
81	40085	0.6	1	39243 842
82	37216	0.6	1	36257 959
83	34599	0.6	1	33706 893
84	31142	0.6	1	30496 646
85	29632	0.6	1	28919 713
86	28976	0.6	1	28350 626
87	29097	0.6	1	28468 629
88	27543	0.6	1	27044 499
89	25769	0.6	1	25233 536
90	23591	0.6	1	23120 471
91	21674	0.6	1	21252 422
92	19693	0.6	1	19270 423
93	16927	0.6	1	16572 355
94	15124	0.6	1	14809 315
95	13121	0.6	1	12833 288
96	12346	0.6	1	12101 245
97	11611	0.6	1	11378 233
98	11193	0.6	1	10978 215
99	10101	0.6	1	9838 263
100	8975	0.6	1	8779 196
101	7823	0.6	1	7636 187
102	6757	0.6	1	6590 167
103	6042	0.6	1	5895 147
104	5073	0.6	1	4938 135
105	4259	0.6	1	4161 98
106	3966	0.6	1	3859 107
107	4427	0.6	1	4300 127
108	3609	0.6	1	3444 165
109	3134	0.6	1	3046 88
110	2845	0.6	1	2740 105
111	2527	0.6	1	2453 74
112	2169	0.6	1	2076 93
113	1825	0.6	1	1735 90
114	1794	0.6	1	1708 86
115	1492	0.6	1	1382 110
116	1590	0.6	1	1451 139
117	1302	0.6	1	1176 126
118	1352	0.6	1	1233 119
119	1288	0.6	1	1167 121
120	1689	0.6	1	1403 286
121	2436	0.6	1	1956 480
122	1263	0.6	1	1120 143
123	808	0.6	1	728 80
124	421	0.6	1	378 43
125	334	0.6	1	289 45
126	294	0.6	1	247 47
127	373	0.6	1	301 72
128	458	0.6	1	341 117
129	586	0.6	1	420 166
130	3797	0.6	1	2912 885
131	197063	0.6	1	182203 14860
132	1048	0.6	1	966 82
133	469	0.6	1	425 44
134	1139	0.6	1	1110 29
135	435	0.6	1	412 23
136	268	0.6	1	248 20
137	410	0.6	1	392 18
138	1257	0.6	1	1241 16
139	374	0.6	1	354 20
140	360	0.6	1	348 12
141	1059	0.6	1	1038 21
142	444	0.6	1	435 9
143	670	0.6	1	659 11
144	604	0.6	1	582 22
145	480	0.6	1	462 18
146	716	0.6	1	694 22
147	687	0.6	1	644 43
148	774	0.6	1	724 50
149	1047	0.6	1	659 388
150	39389	0.6	1	28236 11153

RUN STATISTICS FOR INPUT FILE: /vortexfs1/omics/tepolt/raw_reads/C_maenas/Cm_yrv_2023/25-179_R2_001.fastq.gz
=============================================
42313327 sequences processed in total

Total number of sequences analysed for the sequence pair length validation: 42313327

Number of sequence pairs removed because at least one read was shorter than the length cutoff (20 bp): 1955214 (4.62%)
