
SUMMARISING RUN PARAMETERS
==========================
Input filename: /vortexfs1/omics/tepolt/raw_reads/C_maenas/Cm_yrv_2023/25-169_R1_001.fastq.gz
Trimming mode: paired-end
Trim Galore version: 0.6.6
Cutadapt version: 3.5
Python version: could not detect
Number of cores used for trimming: 8
Quality Phred score cutoff: 20
Quality encoding type selected: ASCII+33
Adapter sequence: 'AGATCGGAAGAGC' (Illumina TruSeq, Sanger iPCR; user defined)
Maximum trimming error rate: 0.1 (default)
Minimum required adapter overlap (stringency): 1 bp
Minimum required sequence length for both reads before a sequence pair gets removed: 20 bp
Running FastQC on the data once trimming has completed
Running FastQC with the following extra arguments: --outdir /vortexfs1/scratch/yaamini.venkataraman/wc-green-crab/output/06b-trimgalore     --threads 28
Output file will be GZIP compressed


This is cutadapt 3.5 with Python 3.9.5
Command line parameters: -j 8 -e 0.1 -q 20 -O 1 -a AGATCGGAAGAGC /vortexfs1/omics/tepolt/raw_reads/C_maenas/Cm_yrv_2023/25-169_R1_001.fastq.gz
Processing reads on 8 cores in single-end mode ...
Finished in 121.60 s (2 µs/read; 28.48 M reads/minute).

=== Summary ===

Total reads processed:              57,727,336
Reads with adapters:                38,248,968 (66.3%)
Reads written (passing filters):    57,727,336 (100.0%)

Total basepairs processed: 8,659,100,400 bp
Quality-trimmed:              49,631,399 bp (0.6%)
Total written (filtered):  7,146,260,426 bp (82.5%)

=== Adapter 1 ===

Sequence: AGATCGGAAGAGC; Type: regular 3'; Length: 13; Trimmed: 38248968 times

Minimum overlap: 1
No. of allowed errors:
1-9 bp: 0; 10-13 bp: 1

Bases preceding removed adapters:
  A: 15.2%
  C: 30.0%
  G: 23.7%
  T: 21.9%
  none/other: 9.1%

Overview of removed sequences
length	count	expect	max.err	error counts
1	7401776	14431834.0	0	7401776
2	2183867	3607958.5	0	2183867
3	876207	901989.6	0	876207
4	437918	225497.4	0	437918
5	340959	56374.4	0	340959
6	313552	14093.6	0	313552
7	316831	3523.4	0	316831
8	309712	880.8	0	309712
9	313977	220.2	0	311937 2040
10	324635	55.1	1	316879 7756
11	322674	13.8	1	315767 6907
12	325164	3.4	1	317858 7306
13	327507	0.9	1	319214 8293
14	330044	0.9	1	322078 7966
15	346964	0.9	1	337891 9073
16	347089	0.9	1	338200 8889
17	361684	0.9	1	352039 9645
18	350341	0.9	1	342447 7894
19	358959	0.9	1	349899 9060
20	357554	0.9	1	348538 9016
21	350395	0.9	1	341026 9369
22	350315	0.9	1	341999 8316
23	349434	0.9	1	340532 8902
24	358803	0.9	1	349836 8967
25	374675	0.9	1	364681 9994
26	371936	0.9	1	362272 9664
27	379047	0.9	1	369189 9858
28	369634	0.9	1	359849 9785
29	368540	0.9	1	359253 9287
30	364474	0.9	1	355691 8783
31	368698	0.9	1	359117 9581
32	374625	0.9	1	364837 9788
33	365159	0.9	1	356199 8960
34	369527	0.9	1	360077 9450
35	374626	0.9	1	364868 9758
36	380223	0.9	1	369274 10949
37	380080	0.9	1	369340 10740
38	389669	0.9	1	379201 10468
39	379842	0.9	1	369617 10225
40	382384	0.9	1	371541 10843
41	381550	0.9	1	370493 11057
42	379375	0.9	1	368311 11064
43	383100	0.9	1	369120 13980
44	567453	0.9	1	548884 18569
45	395928	0.9	1	381961 13967
46	566501	0.9	1	556045 10456
47	209458	0.9	1	180644 28814
48	2381029	0.9	1	2353648 27381
49	849141	0.9	1	833049 16092
50	202400	0.9	1	195773 6627
51	140136	0.9	1	134120 6016
52	365979	0.9	1	362169 3810
53	66661	0.9	1	61406 5255
54	366271	0.9	1	363462 2809
55	40541	0.9	1	37700 2841
56	109346	0.9	1	107535 1811
57	60056	0.9	1	57356 2700
58	141352	0.9	1	135244 6108
59	447022	0.9	1	442745 4277
60	62184	0.9	1	58368 3816
61	161941	0.9	1	159794 2147
62	21802	0.9	1	20357 1445
63	25708	0.9	1	23765 1943
64	131327	0.9	1	126644 4683
65	343953	0.9	1	340479 3474
66	57373	0.9	1	55435 1938
67	15596	0.9	1	14281 1315
68	71914	0.9	1	69950 1964
69	113986	0.9	1	111550 2436
70	124447	0.9	1	122170 2277
71	103894	0.9	1	102203 1691
72	52978	0.9	1	51713 1265
73	37702	0.9	1	36131 1571
74	96204	0.9	1	94199 2005
75	107170	0.9	1	104913 2257
76	106500	0.9	1	104322 2178
77	102779	0.9	1	100528 2251
78	97083	0.9	1	94862 2221
79	89990	0.9	1	88021 1969
80	83927	0.9	1	81925 2002
81	76981	0.9	1	75191 1790
82	69935	0.9	1	68303 1632
83	63563	0.9	1	62166 1397
84	57173	0.9	1	55882 1291
85	54396	0.9	1	53104 1292
86	52754	0.9	1	51438 1316
87	50541	0.9	1	49316 1225
88	46634	0.9	1	45555 1079
89	43701	0.9	1	42578 1123
90	40294	0.9	1	39377 917
91	36909	0.9	1	36088 821
92	33897	0.9	1	33113 784
93	29533	0.9	1	28803 730
94	26038	0.9	1	25404 634
95	23158	0.9	1	22641 517
96	22010	0.9	1	21475 535
97	21211	0.9	1	20678 533
98	20637	0.9	1	20079 558
99	18752	0.9	1	18293 459
100	16802	0.9	1	16378 424
101	14628	0.9	1	14261 367
102	12870	0.9	1	12503 367
103	12207	0.9	1	11889 318
104	10876	0.9	1	10579 297
105	9897	0.9	1	9615 282
106	9144	0.9	1	8848 296
107	9086	0.9	1	8812 274
108	8338	0.9	1	8077 261
109	7778	0.9	1	7543 235
110	7169	0.9	1	6913 256
111	6199	0.9	1	5979 220
112	5554	0.9	1	5344 210
113	4667	0.9	1	4443 224
114	4527	0.9	1	4341 186
115	3676	0.9	1	3497 179
116	3445	0.9	1	3270 175
117	3029	0.9	1	2893 136
118	3154	0.9	1	2988 166
119	2740	0.9	1	2573 167
120	2692	0.9	1	2547 145
121	2717	0.9	1	2555 162
122	2108	0.9	1	1974 134
123	1958	0.9	1	1808 150
124	1429	0.9	1	1241 188
125	1023	0.9	1	867 156
126	986	0.9	1	774 212
127	1020	0.9	1	791 229
128	1105	0.9	1	833 272
129	1349	0.9	1	1026 323
130	1616	0.9	1	1281 335
131	6533	0.9	1	6016 517
132	1625	0.9	1	1160 465
133	1426	0.9	1	958 468
134	3581	0.9	1	3049 532
135	1754	0.9	1	1266 488
136	1582	0.9	1	1083 499
137	2001	0.9	1	1523 478
138	4094	0.9	1	3546 548
139	2670	0.9	1	2050 620
140	2541	0.9	1	1872 669
141	4496	0.9	1	3658 838
142	2785	0.9	1	1984 801
143	3871	0.9	1	2970 901
144	4212	0.9	1	3148 1064
145	4002	0.9	1	2676 1326
146	5249	0.9	1	3739 1510
147	6374	0.9	1	3305 3069
148	7389	0.9	1	3321 4068
149	68475	0.9	1	2132 66343
150	3441145	0.9	1	74455 3366690

RUN STATISTICS FOR INPUT FILE: /vortexfs1/omics/tepolt/raw_reads/C_maenas/Cm_yrv_2023/25-169_R1_001.fastq.gz
=============================================
57727336 sequences processed in total

