
SUMMARISING RUN PARAMETERS
==========================
Input filename: /vortexfs1/omics/tepolt/raw_reads/C_maenas/Cm_yrv_2023/25-116_R1_001.fastq.gz
Trimming mode: paired-end
Trim Galore version: 0.6.6
Cutadapt version: 3.5
Python version: could not detect
Number of cores used for trimming: 8
Quality Phred score cutoff: 20
Quality encoding type selected: ASCII+33
Adapter sequence: 'AGATCGGAAGAGC' (Illumina TruSeq, Sanger iPCR; user defined)
Maximum trimming error rate: 0.1 (default)
Minimum required adapter overlap (stringency): 1 bp
Minimum required sequence length for both reads before a sequence pair gets removed: 20 bp
Running FastQC on the data once trimming has completed
Running FastQC with the following extra arguments: --outdir /vortexfs1/scratch/yaamini.venkataraman/wc-green-crab/output/06b-trimgalore     --threads 28
Output file will be GZIP compressed


This is cutadapt 3.5 with Python 3.9.5
Command line parameters: -j 8 -e 0.1 -q 20 -O 1 -a AGATCGGAAGAGC /vortexfs1/omics/tepolt/raw_reads/C_maenas/Cm_yrv_2023/25-116_R1_001.fastq.gz
Processing reads on 8 cores in single-end mode ...
Finished in 99.83 s (2 µs/read; 26.61 M reads/minute).

=== Summary ===

Total reads processed:              44,276,886
Reads with adapters:                20,389,860 (46.1%)
Reads written (passing filters):    44,276,886 (100.0%)

Total basepairs processed: 6,641,532,900 bp
Quality-trimmed:               9,682,868 bp (0.1%)
Total written (filtered):  6,353,522,467 bp (95.7%)

=== Adapter 1 ===

Sequence: AGATCGGAAGAGC; Type: regular 3'; Length: 13; Trimmed: 20389860 times

Minimum overlap: 1
No. of allowed errors:
1-9 bp: 0; 10-13 bp: 1

Bases preceding removed adapters:
  A: 22.5%
  C: 28.2%
  G: 22.1%
  T: 24.6%
  none/other: 2.6%

Overview of removed sequences
length	count	expect	max.err	error counts
1	9160934	11069221.5	0	9160934
2	2437837	2767305.4	0	2437837
3	973102	691826.3	0	973102
4	358684	172956.6	0	358684
5	258572	43239.1	0	258572
6	217954	10809.8	0	217954
7	214477	2702.4	0	214477
8	203024	675.6	0	203024
9	198082	168.9	0	196755 1327
10	196492	42.2	1	191863 4629
11	191322	10.6	1	187336 3986
12	191088	2.6	1	187048 4040
13	189769	0.7	1	185379 4390
14	187264	0.7	1	183012 4252
15	199469	0.7	1	194564 4905
16	185724	0.7	1	181298 4426
17	181323	0.7	1	176810 4513
18	175552	0.7	1	171649 3903
19	174498	0.7	1	170507 3991
20	170652	0.7	1	166669 3983
21	162394	0.7	1	158469 3925
22	158624	0.7	1	155148 3476
23	157972	0.7	1	154267 3705
24	153304	0.7	1	149899 3405
25	155099	0.7	1	151289 3810
26	147691	0.7	1	144210 3481
27	142097	0.7	1	138705 3392
28	137473	0.7	1	134009 3464
29	129875	0.7	1	126894 2981
30	122603	0.7	1	119892 2711
31	120354	0.7	1	117587 2767
32	118386	0.7	1	115410 2976
33	115363	0.7	1	112516 2847
34	111245	0.7	1	108602 2643
35	104713	0.7	1	102195 2518
36	104472	0.7	1	101847 2625
37	100489	0.7	1	98128 2361
38	97892	0.7	1	95493 2399
39	90743	0.7	1	88320 2423
40	89673	0.7	1	87315 2358
41	79741	0.7	1	77786 1955
42	77616	0.7	1	75573 2043
43	74665	0.7	1	72253 2412
44	96824	0.7	1	93883 2941
45	66119	0.7	1	64070 2049
46	95386	0.7	1	93867 1519
47	19087	0.7	1	17466 1621
48	120475	0.7	1	118000 2475
49	121542	0.7	1	119879 1663
50	27213	0.7	1	26156 1057
51	38339	0.7	1	37491 848
52	45722	0.7	1	45099 623
53	14215	0.7	1	13569 646
54	51053	0.7	1	50591 462
55	10547	0.7	1	10073 474
56	24053	0.7	1	23716 337
57	13591	0.7	1	13213 378
58	18398	0.7	1	17722 676
59	51678	0.7	1	51109 569
60	11592	0.7	1	11079 513
61	24147	0.7	1	23832 315
62	2621	0.7	1	2449 172
63	3780	0.7	1	3592 188
64	11246	0.7	1	10854 392
65	28762	0.7	1	28436 326
66	2174	0.7	1	1983 191
67	1371	0.7	1	1242 129
68	6978	0.7	1	6807 171
69	8325	0.7	1	8151 174
70	7873	0.7	1	7710 163
71	6093	0.7	1	5994 99
72	2368	0.7	1	2275 93
73	2314	0.7	1	2236 78
74	5021	0.7	1	4891 130
75	5281	0.7	1	5149 132
76	5314	0.7	1	5189 125
77	4694	0.7	1	4571 123
78	4842	0.7	1	4728 114
79	4259	0.7	1	4123 136
80	4257	0.7	1	3855 402
81	3805	0.7	1	3509 296
82	3905	0.7	1	3739 166
83	2993	0.7	1	2904 89
84	2630	0.7	1	2546 84
85	2732	0.7	1	2651 81
86	2300	0.7	1	2216 84
87	2179	0.7	1	2117 62
88	2079	0.7	1	2009 70
89	1903	0.7	1	1832 71
90	1814	0.7	1	1735 79
91	1732	0.7	1	1641 91
92	1645	0.7	1	1566 79
93	1385	0.7	1	1317 68
94	1239	0.7	1	1176 63
95	1199	0.7	1	1132 67
96	1041	0.7	1	1001 40
97	1033	0.7	1	987 46
98	1064	0.7	1	1019 45
99	1063	0.7	1	1015 48
100	923	0.7	1	868 55
101	861	0.7	1	812 49
102	737	0.7	1	692 45
103	767	0.7	1	733 34
104	585	0.7	1	558 27
105	575	0.7	1	548 27
106	564	0.7	1	527 37
107	915	0.7	1	881 34
108	560	0.7	1	522 38
109	579	0.7	1	539 40
110	515	0.7	1	482 33
111	518	0.7	1	461 57
112	439	0.7	1	400 39
113	446	0.7	1	390 56
114	386	0.7	1	349 37
115	326	0.7	1	293 33
116	354	0.7	1	327 27
117	286	0.7	1	251 35
118	317	0.7	1	285 32
119	335	0.7	1	307 28
120	318	0.7	1	291 27
121	416	0.7	1	376 40
122	271	0.7	1	242 29
123	232	0.7	1	205 27
124	156	0.7	1	129 27
125	147	0.7	1	115 32
126	150	0.7	1	119 31
127	171	0.7	1	130 41
128	176	0.7	1	126 50
129	182	0.7	1	135 47
130	484	0.7	1	408 76
131	7714	0.7	1	7511 203
132	212	0.7	1	146 66
133	180	0.7	1	121 59
134	342	0.7	1	291 51
135	209	0.7	1	142 67
136	170	0.7	1	110 60
137	223	0.7	1	160 63
138	315	0.7	1	224 91
139	212	0.7	1	137 75
140	245	0.7	1	168 77
141	397	0.7	1	295 102
142	268	0.7	1	169 99
143	397	0.7	1	273 124
144	490	0.7	1	354 136
145	474	0.7	1	288 186
146	599	0.7	1	391 208
147	801	0.7	1	408 393
148	1036	0.7	1	473 563
149	10323	0.7	1	299 10024
150	527964	0.7	1	9504 518460

RUN STATISTICS FOR INPUT FILE: /vortexfs1/omics/tepolt/raw_reads/C_maenas/Cm_yrv_2023/25-116_R1_001.fastq.gz
=============================================
44276886 sequences processed in total

