
SUMMARISING RUN PARAMETERS
==========================
Input filename: /vortexfs1/omics/tepolt/raw_reads/C_maenas/Cm_yrv_2023/25-185_R1_001.fastq.gz
Trimming mode: paired-end
Trim Galore version: 0.6.6
Cutadapt version: 3.5
Python version: could not detect
Number of cores used for trimming: 8
Quality Phred score cutoff: 20
Quality encoding type selected: ASCII+33
Adapter sequence: 'AGATCGGAAGAGC' (Illumina TruSeq, Sanger iPCR; user defined)
Maximum trimming error rate: 0.1 (default)
Minimum required adapter overlap (stringency): 1 bp
Minimum required sequence length for both reads before a sequence pair gets removed: 20 bp
Running FastQC on the data once trimming has completed
Running FastQC with the following extra arguments: --outdir /vortexfs1/scratch/yaamini.venkataraman/wc-green-crab/output/06b-trimgalore     --threads 28
Output file will be GZIP compressed


This is cutadapt 3.5 with Python 3.9.5
Command line parameters: -j 8 -e 0.1 -q 20 -O 1 -a AGATCGGAAGAGC /vortexfs1/omics/tepolt/raw_reads/C_maenas/Cm_yrv_2023/25-185_R1_001.fastq.gz
Processing reads on 8 cores in single-end mode ...
Finished in 61.74 s (2 µs/read; 26.24 M reads/minute).

=== Summary ===

Total reads processed:              27,001,371
Reads with adapters:                12,595,701 (46.6%)
Reads written (passing filters):    27,001,371 (100.0%)

Total basepairs processed: 4,050,205,650 bp
Quality-trimmed:               7,092,982 bp (0.2%)
Total written (filtered):  3,854,111,565 bp (95.2%)

=== Adapter 1 ===

Sequence: AGATCGGAAGAGC; Type: regular 3'; Length: 13; Trimmed: 12595701 times

Minimum overlap: 1
No. of allowed errors:
1-9 bp: 0; 10-13 bp: 1

Bases preceding removed adapters:
  A: 22.8%
  C: 27.9%
  G: 22.0%
  T: 23.8%
  none/other: 3.4%

Overview of removed sequences
length	count	expect	max.err	error counts
1	5644266	6750342.8	0	5644266
2	1527822	1687585.7	0	1527822
3	593875	421896.4	0	593875
4	217370	105474.1	0	217370
5	150824	26368.5	0	150824
6	126608	6592.1	0	126608
7	125104	1648.0	0	125104
8	118426	412.0	0	118426
9	115973	103.0	0	115171 802
10	115821	25.8	1	113153 2668
11	113313	6.4	1	110961 2352
12	112408	1.6	1	109935 2473
13	113138	0.4	1	110332 2806
14	111521	0.4	1	108869 2652
15	117172	0.4	1	114294 2878
16	109216	0.4	1	106576 2640
17	108715	0.4	1	105843 2872
18	104536	0.4	1	102033 2503
19	103474	0.4	1	101093 2381
20	100515	0.4	1	97936 2579
21	96520	0.4	1	94138 2382
22	94246	0.4	1	92093 2153
23	94634	0.4	1	92249 2385
24	91691	0.4	1	89509 2182
25	91634	0.4	1	89364 2270
26	88422	0.4	1	86296 2126
27	84400	0.4	1	82200 2200
28	82363	0.4	1	80271 2092
29	76589	0.4	1	74725 1864
30	73939	0.4	1	72213 1726
31	73119	0.4	1	71340 1779
32	71761	0.4	1	69948 1813
33	69216	0.4	1	67584 1632
34	66987	0.4	1	65308 1679
35	65527	0.4	1	63877 1650
36	62949	0.4	1	61159 1790
37	62204	0.4	1	60480 1724
38	59716	0.4	1	58195 1521
39	55578	0.4	1	54074 1504
40	53355	0.4	1	51888 1467
41	50113	0.4	1	48689 1424
42	48045	0.4	1	46593 1452
43	46018	0.4	1	44427 1591
44	59670	0.4	1	57782 1888
45	44862	0.4	1	43464 1398
46	57500	0.4	1	56441 1059
47	18732	0.4	1	17123 1609
48	133472	0.4	1	131488 1984
49	64054	0.4	1	62983 1071
50	14616	0.4	1	14094 522
51	15143	0.4	1	14644 499
52	30750	0.4	1	30390 360
53	5897	0.4	1	5550 347
54	21182	0.4	1	20956 226
55	4923	0.4	1	4750 173
56	8217	0.4	1	8086 131
57	4375	0.4	1	4204 171
58	9672	0.4	1	9313 359
59	23880	0.4	1	23613 267
60	4030	0.4	1	3825 205
61	9136	0.4	1	8986 150
62	1022	0.4	1	941 81
63	1477	0.4	1	1373 104
64	6478	0.4	1	6274 204
65	14019	0.4	1	13845 174
66	1186	0.4	1	1094 92
67	844	0.4	1	761 83
68	3278	0.4	1	3180 98
69	4089	0.4	1	3981 108
70	3862	0.4	1	3782 80
71	2734	0.4	1	2660 74
72	1323	0.4	1	1295 28
73	1750	0.4	1	1688 62
74	3160	0.4	1	3104 56
75	3562	0.4	1	3495 67
76	3254	0.4	1	3182 72
77	3155	0.4	1	3046 109
78	2951	0.4	1	2882 69
79	2753	0.4	1	2677 76
80	2625	0.4	1	2553 72
81	2263	0.4	1	2193 70
82	2182	0.4	1	2124 58
83	1976	0.4	1	1912 64
84	1630	0.4	1	1584 46
85	1715	0.4	1	1656 59
86	1633	0.4	1	1568 65
87	1504	0.4	1	1454 50
88	1456	0.4	1	1406 50
89	1401	0.4	1	1347 54
90	1341	0.4	1	1300 41
91	1204	0.4	1	1154 50
92	1093	0.4	1	1046 47
93	966	0.4	1	935 31
94	887	0.4	1	862 25
95	923	0.4	1	885 38
96	799	0.4	1	768 31
97	788	0.4	1	756 32
98	766	0.4	1	730 36
99	730	0.4	1	702 28
100	693	0.4	1	652 41
101	593	0.4	1	563 30
102	562	0.4	1	543 19
103	559	0.4	1	531 28
104	466	0.4	1	447 19
105	405	0.4	1	383 22
106	373	0.4	1	356 17
107	400	0.4	1	373 27
108	450	0.4	1	419 31
109	380	0.4	1	345 35
110	386	0.4	1	368 18
111	325	0.4	1	282 43
112	314	0.4	1	286 28
113	289	0.4	1	255 34
114	285	0.4	1	248 37
115	285	0.4	1	251 34
116	289	0.4	1	258 31
117	252	0.4	1	228 24
118	238	0.4	1	225 13
119	247	0.4	1	220 27
120	439	0.4	1	416 23
121	583	0.4	1	543 40
122	335	0.4	1	315 20
123	201	0.4	1	174 27
124	117	0.4	1	86 31
125	135	0.4	1	102 33
126	96	0.4	1	62 34
127	119	0.4	1	89 30
128	162	0.4	1	121 41
129	177	0.4	1	125 52
130	821	0.4	1	731 90
131	43807	0.4	1	42992 815
132	236	0.4	1	181 55
133	137	0.4	1	94 43
134	250	0.4	1	201 49
135	141	0.4	1	96 45
136	131	0.4	1	74 57
137	147	0.4	1	95 52
138	241	0.4	1	179 62
139	163	0.4	1	100 63
140	180	0.4	1	114 66
141	306	0.4	1	244 62
142	191	0.4	1	116 75
143	304	0.4	1	193 111
144	315	0.4	1	214 101
145	323	0.4	1	181 142
146	416	0.4	1	272 144
147	568	0.4	1	240 328
148	709	0.4	1	301 408
149	7532	0.4	1	207 7325
150	420615	0.4	1	6970 413645

RUN STATISTICS FOR INPUT FILE: /vortexfs1/omics/tepolt/raw_reads/C_maenas/Cm_yrv_2023/25-185_R1_001.fastq.gz
=============================================
27001371 sequences processed in total

