
SUMMARISING RUN PARAMETERS
==========================
Input filename: /vortexfs1/omics/tepolt/raw_reads/C_maenas/Cm_yrv_2023/25-194_R2_001.fastq.gz
Trimming mode: paired-end
Trim Galore version: 0.6.6
Cutadapt version: 3.5
Python version: could not detect
Number of cores used for trimming: 8
Quality Phred score cutoff: 20
Quality encoding type selected: ASCII+33
Adapter sequence: 'AGATCGGAAGAGC' (Illumina TruSeq, Sanger iPCR; user defined)
Maximum trimming error rate: 0.1 (default)
Minimum required adapter overlap (stringency): 1 bp
Minimum required sequence length for both reads before a sequence pair gets removed: 20 bp
Running FastQC on the data once trimming has completed
Running FastQC with the following extra arguments: --outdir /vortexfs1/scratch/yaamini.venkataraman/wc-green-crab/output/06b-trimgalore     --threads 28
Output file will be GZIP compressed


This is cutadapt 3.5 with Python 3.9.5
Command line parameters: -j 8 -e 0.1 -q 20 -O 1 -a AGATCGGAAGAGC /vortexfs1/omics/tepolt/raw_reads/C_maenas/Cm_yrv_2023/25-194_R2_001.fastq.gz
Processing reads on 8 cores in single-end mode ...
Finished in 73.09 s (2 µs/read; 25.26 M reads/minute).

=== Summary ===

Total reads processed:              30,767,787
Reads with adapters:                15,265,345 (49.6%)
Reads written (passing filters):    30,767,787 (100.0%)

Total basepairs processed: 4,615,168,050 bp
Quality-trimmed:              25,484,099 bp (0.6%)
Total written (filtered):  4,402,420,081 bp (95.4%)

=== Adapter 1 ===

Sequence: AGATCGGAAGAGC; Type: regular 3'; Length: 13; Trimmed: 15265345 times

Minimum overlap: 1
No. of allowed errors:
1-9 bp: 0; 10-13 bp: 1

Bases preceding removed adapters:
  A: 25.1%
  C: 29.7%
  G: 26.4%
  T: 18.7%
  none/other: 0.1%

Overview of removed sequences
length	count	expect	max.err	error counts
1	6567082	7691946.8	0	6567082
2	1688201	1922986.7	0	1688201
3	628042	480746.7	0	628042
4	276578	120186.7	0	276578
5	189013	30046.7	0	189013
6	165113	7511.7	0	165113
7	161541	1877.9	0	161541
8	156824	469.5	0	156824
9	149219	117.4	0	148620 599
10	148549	29.3	1	145589 2960
11	143824	7.3	1	140565 3259
12	148332	1.8	1	144622 3710
13	148594	0.5	1	145258 3336
14	153399	0.5	1	149263 4136
15	167324	0.5	1	162848 4476
16	146322	0.5	1	142562 3760
17	147886	0.5	1	143386 4500
18	145583	0.5	1	141180 4403
19	154571	0.5	1	149400 5171
20	143922	0.5	1	139796 4126
21	122591	0.5	1	119065 3526
22	121709	0.5	1	118300 3409
23	131744	0.5	1	127945 3799
24	138278	0.5	1	133829 4449
25	121841	0.5	1	118298 3543
26	126568	0.5	1	122627 3941
27	137427	0.5	1	133317 4110
28	110982	0.5	1	107829 3153
29	109894	0.5	1	106969 2925
30	106380	0.5	1	103643 2737
31	102461	0.5	1	100103 2358
32	105479	0.5	1	102899 2580
33	104777	0.5	1	102299 2478
34	114023	0.5	1	110673 3350
35	112149	0.5	1	109488 2661
36	86648	0.5	1	84444 2204
37	91527	0.5	1	89426 2101
38	94836	0.5	1	92608 2228
39	88566	0.5	1	86416 2150
40	88496	0.5	1	86332 2164
41	86184	0.5	1	84017 2167
42	70367	0.5	1	68800 1567
43	74562	0.5	1	72730 1832
44	70410	0.5	1	68817 1593
45	78207	0.5	1	76024 2183
46	65424	0.5	1	63775 1649
47	61109	0.5	1	59620 1489
48	67117	0.5	1	65571 1546
49	56078	0.5	1	54760 1318
50	51296	0.5	1	50041 1255
51	50316	0.5	1	49005 1311
52	50473	0.5	1	49206 1267
53	41135	0.5	1	40197 938
54	41647	0.5	1	40621 1026
55	43745	0.5	1	42588 1157
56	36694	0.5	1	35749 945
57	39890	0.5	1	38914 976
58	43538	0.5	1	42540 998
59	28115	0.5	1	27363 752
60	32222	0.5	1	31538 684
61	28118	0.5	1	27554 564
62	27133	0.5	1	26489 644
63	21668	0.5	1	21191 477
64	24842	0.5	1	24309 533
65	17661	0.5	1	17309 352
66	18474	0.5	1	18122 352
67	18126	0.5	1	17721 405
68	15336	0.5	1	15006 330
69	12251	0.5	1	11985 266
70	15806	0.5	1	15515 291
71	7013	0.5	1	6849 164
72	9051	0.5	1	8861 190
73	9403	0.5	1	9183 220
74	9216	0.5	1	9013 203
75	8881	0.5	1	8711 170
76	2518	0.5	1	2416 102
77	5579	0.5	1	5460 119
78	5621	0.5	1	5486 135
79	4973	0.5	1	4844 129
80	4591	0.5	1	4470 121
81	4127	0.5	1	3996 131
82	3519	0.5	1	3416 103
83	3154	0.5	1	3059 95
84	2829	0.5	1	2745 84
85	2637	0.5	1	2553 84
86	2553	0.5	1	2483 70
87	2378	0.5	1	2321 57
88	2092	0.5	1	2038 54
89	2050	0.5	1	1996 54
90	1919	0.5	1	1842 77
91	1706	0.5	1	1645 61
92	1431	0.5	1	1380 51
93	1368	0.5	1	1314 54
94	1250	0.5	1	1205 45
95	1105	0.5	1	1060 45
96	1038	0.5	1	1007 31
97	939	0.5	1	915 24
98	943	0.5	1	917 26
99	890	0.5	1	855 35
100	868	0.5	1	830 38
101	715	0.5	1	690 25
102	552	0.5	1	522 30
103	599	0.5	1	574 25
104	492	0.5	1	466 26
105	476	0.5	1	456 20
106	458	0.5	1	433 25
107	515	0.5	1	491 24
108	401	0.5	1	376 25
109	417	0.5	1	402 15
110	388	0.5	1	363 25
111	303	0.5	1	281 22
112	288	0.5	1	269 19
113	280	0.5	1	267 13
114	254	0.5	1	242 12
115	217	0.5	1	201 16
116	176	0.5	1	164 12
117	174	0.5	1	159 15
118	194	0.5	1	170 24
119	173	0.5	1	162 11
120	207	0.5	1	188 19
121	194	0.5	1	168 26
122	129	0.5	1	116 13
123	111	0.5	1	103 8
124	98	0.5	1	91 7
125	84	0.5	1	78 6
126	62	0.5	1	56 6
127	68	0.5	1	57 11
128	63	0.5	1	45 18
129	81	0.5	1	67 14
130	228	0.5	1	185 43
131	5859	0.5	1	5390 469
132	81	0.5	1	71 10
133	83	0.5	1	73 10
134	147	0.5	1	143 4
135	95	0.5	1	89 6
136	86	0.5	1	82 4
137	100	0.5	1	98 2
138	193	0.5	1	189 4
139	107	0.5	1	102 5
140	131	0.5	1	129 2
141	300	0.5	1	294 6
142	167	0.5	1	165 2
143	248	0.5	1	244 4
144	252	0.5	1	242 10
145	233	0.5	1	225 8
146	335	0.5	1	324 11
147	315	0.5	1	296 19
148	279	0.5	1	268 11
149	234	0.5	1	180 54
150	7822	0.5	1	6730 1092

RUN STATISTICS FOR INPUT FILE: /vortexfs1/omics/tepolt/raw_reads/C_maenas/Cm_yrv_2023/25-194_R2_001.fastq.gz
=============================================
30767787 sequences processed in total

Total number of sequences analysed for the sequence pair length validation: 30767787

Number of sequence pairs removed because at least one read was shorter than the length cutoff (20 bp): 406431 (1.32%)
