
SUMMARISING RUN PARAMETERS
==========================
Input filename: /vortexfs1/omics/tepolt/raw_reads/C_maenas/Cm_yrv_2023/25-193_R1_001.fastq.gz
Trimming mode: paired-end
Trim Galore version: 0.6.6
Cutadapt version: 3.5
Python version: could not detect
Number of cores used for trimming: 8
Quality Phred score cutoff: 20
Quality encoding type selected: ASCII+33
Adapter sequence: 'AGATCGGAAGAGC' (Illumina TruSeq, Sanger iPCR; user defined)
Maximum trimming error rate: 0.1 (default)
Minimum required adapter overlap (stringency): 1 bp
Minimum required sequence length for both reads before a sequence pair gets removed: 20 bp
Running FastQC on the data once trimming has completed
Running FastQC with the following extra arguments: --outdir /vortexfs1/scratch/yaamini.venkataraman/wc-green-crab/output/06b-trimgalore     --threads 28
Output file will be GZIP compressed


This is cutadapt 3.5 with Python 3.9.5
Command line parameters: -j 8 -e 0.1 -q 20 -O 1 -a AGATCGGAAGAGC /vortexfs1/omics/tepolt/raw_reads/C_maenas/Cm_yrv_2023/25-193_R1_001.fastq.gz
Processing reads on 8 cores in single-end mode ...
Finished in 52.25 s (2 µs/read; 31.54 M reads/minute).

=== Summary ===

Total reads processed:              27,463,768
Reads with adapters:                14,666,317 (53.4%)
Reads written (passing filters):    27,463,768 (100.0%)

Total basepairs processed: 4,119,565,200 bp
Quality-trimmed:               9,113,188 bp (0.2%)
Total written (filtered):  3,770,370,650 bp (91.5%)

=== Adapter 1 ===

Sequence: AGATCGGAAGAGC; Type: regular 3'; Length: 13; Trimmed: 14666317 times

Minimum overlap: 1
No. of allowed errors:
1-9 bp: 0; 10-13 bp: 1

Bases preceding removed adapters:
  A: 22.4%
  C: 23.2%
  G: 21.9%
  T: 27.5%
  none/other: 5.0%

Overview of removed sequences
length	count	expect	max.err	error counts
1	5571513	6865942.0	0	5571513
2	1333241	1716485.5	0	1333241
3	653508	429121.4	0	653508
4	201352	107280.3	0	201352
5	129129	26820.1	0	129129
6	110097	6705.0	0	110097
7	107100	1676.3	0	107100
8	101238	419.1	0	101238
9	96650	104.8	0	96013 637
10	95646	26.2	1	93723 1923
11	95666	6.5	1	93812 1854
12	100005	1.6	1	98026 1979
13	105704	0.4	1	103394 2310
14	107563	0.4	1	105192 2371
15	127427	0.4	1	124454 2973
16	111980	0.4	1	109344 2636
17	111244	0.4	1	108528 2716
18	109608	0.4	1	107213 2395
19	108728	0.4	1	106305 2423
20	108221	0.4	1	105742 2479
21	101743	0.4	1	99249 2494
22	101710	0.4	1	99516 2194
23	114641	0.4	1	112051 2590
24	109517	0.4	1	107049 2468
25	118912	0.4	1	116160 2752
26	109737	0.4	1	107195 2542
27	104321	0.4	1	101814 2507
28	103460	0.4	1	100933 2527
29	96790	0.4	1	94570 2220
30	92805	0.4	1	90706 2099
31	96096	0.4	1	93771 2325
32	98039	0.4	1	95630 2409
33	100456	0.4	1	98039 2417
34	101305	0.4	1	98871 2434
35	103011	0.4	1	100388 2623
36	104776	0.4	1	102094 2682
37	100226	0.4	1	97797 2429
38	106069	0.4	1	103282 2787
39	97526	0.4	1	94992 2534
40	95450	0.4	1	93065 2385
41	90755	0.4	1	88301 2454
42	88864	0.4	1	86492 2372
43	90330	0.4	1	87396 2934
44	128267	0.4	1	124665 3602
45	88737	0.4	1	85907 2830
46	125918	0.4	1	123661 2257
47	62150	0.4	1	58105 4045
48	324679	0.4	1	320754 3925
49	93655	0.4	1	91684 1971
50	27870	0.4	1	26574 1296
51	77719	0.4	1	76340 1379
52	76230	0.4	1	75130 1100
53	31854	0.4	1	30479 1375
54	105232	0.4	1	104343 889
55	22768	0.4	1	21820 948
56	59867	0.4	1	59132 735
57	38252	0.4	1	37369 883
58	50082	0.4	1	48355 1727
59	130492	0.4	1	129308 1184
60	33480	0.4	1	32217 1263
61	76756	0.4	1	76065 691
62	6813	0.4	1	6346 467
63	11993	0.4	1	11547 446
64	34701	0.4	1	33574 1127
65	94827	0.4	1	94135 692
66	5494	0.4	1	5095 399
67	3868	0.4	1	3503 365
68	25664	0.4	1	25216 448
69	26603	0.4	1	26059 544
70	27748	0.4	1	27256 492
71	20027	0.4	1	19755 272
72	8006	0.4	1	7826 180
73	6460	0.4	1	6228 232
74	15939	0.4	1	15627 312
75	18613	0.4	1	18254 359
76	18242	0.4	1	17886 356
77	17147	0.4	1	16777 370
78	16508	0.4	1	16154 354
79	14789	0.4	1	14458 331
80	13137	0.4	1	12849 288
81	11908	0.4	1	11625 283
82	10578	0.4	1	10351 227
83	9296	0.4	1	9064 232
84	8590	0.4	1	8385 205
85	8576	0.4	1	8402 174
86	8680	0.4	1	8476 204
87	8751	0.4	1	8550 201
88	7996	0.4	1	7798 198
89	7232	0.4	1	7065 167
90	6576	0.4	1	6436 140
91	6012	0.4	1	5859 153
92	5684	0.4	1	5565 119
93	4632	0.4	1	4528 104
94	4664	0.4	1	4551 113
95	4013	0.4	1	3912 101
96	3894	0.4	1	3808 86
97	3924	0.4	1	3804 120
98	3837	0.4	1	3739 98
99	3486	0.4	1	3411 75
100	3259	0.4	1	3172 87
101	2937	0.4	1	2840 97
102	2206	0.4	1	2148 58
103	2458	0.4	1	2381 77
104	2141	0.4	1	2071 70
105	2026	0.4	1	1953 73
106	1949	0.4	1	1894 55
107	2180	0.4	1	2114 66
108	1904	0.4	1	1844 60
109	1564	0.4	1	1512 52
110	1504	0.4	1	1458 46
111	1240	0.4	1	1188 52
112	1085	0.4	1	1028 57
113	862	0.4	1	821 41
114	1339	0.4	1	1276 63
115	736	0.4	1	701 35
116	847	0.4	1	797 50
117	626	0.4	1	605 21
118	742	0.4	1	712 30
119	553	0.4	1	520 33
120	542	0.4	1	508 34
121	425	0.4	1	390 35
122	314	0.4	1	292 22
123	299	0.4	1	265 34
124	275	0.4	1	238 37
125	213	0.4	1	177 36
126	255	0.4	1	220 35
127	229	0.4	1	193 36
128	258	0.4	1	213 45
129	247	0.4	1	203 44
130	321	0.4	1	264 57
131	938	0.4	1	860 78
132	297	0.4	1	227 70
133	314	0.4	1	239 75
134	615	0.4	1	542 73
135	368	0.4	1	288 80
136	318	0.4	1	240 78
137	436	0.4	1	350 86
138	991	0.4	1	893 98
139	448	0.4	1	356 92
140	638	0.4	1	527 111
141	1127	0.4	1	1018 109
142	578	0.4	1	456 122
143	869	0.4	1	727 142
144	1039	0.4	1	869 170
145	1019	0.4	1	805 214
146	1372	0.4	1	1137 235
147	1337	0.4	1	864 473
148	1318	0.4	1	667 651
149	15281	0.4	1	482 14799
150	720403	0.4	1	18591 701812

RUN STATISTICS FOR INPUT FILE: /vortexfs1/omics/tepolt/raw_reads/C_maenas/Cm_yrv_2023/25-193_R1_001.fastq.gz
=============================================
27463768 sequences processed in total

