
SUMMARISING RUN PARAMETERS
==========================
Input filename: /vortexfs1/omics/tepolt/raw_reads/C_maenas/Cm_yrv_2023/25-194_R1_001.fastq.gz
Trimming mode: paired-end
Trim Galore version: 0.6.6
Cutadapt version: 3.5
Python version: could not detect
Number of cores used for trimming: 8
Quality Phred score cutoff: 20
Quality encoding type selected: ASCII+33
Adapter sequence: 'AGATCGGAAGAGC' (Illumina TruSeq, Sanger iPCR; user defined)
Maximum trimming error rate: 0.1 (default)
Minimum required adapter overlap (stringency): 1 bp
Minimum required sequence length for both reads before a sequence pair gets removed: 20 bp
Running FastQC on the data once trimming has completed
Running FastQC with the following extra arguments: --outdir /vortexfs1/scratch/yaamini.venkataraman/wc-green-crab/output/06b-trimgalore     --threads 28
Output file will be GZIP compressed


This is cutadapt 3.5 with Python 3.9.5
Command line parameters: -j 8 -e 0.1 -q 20 -O 1 -a AGATCGGAAGAGC /vortexfs1/omics/tepolt/raw_reads/C_maenas/Cm_yrv_2023/25-194_R1_001.fastq.gz
Processing reads on 8 cores in single-end mode ...
Finished in 66.19 s (2 µs/read; 27.89 M reads/minute).

=== Summary ===

Total reads processed:              30,767,787
Reads with adapters:                15,307,572 (49.8%)
Reads written (passing filters):    30,767,787 (100.0%)

Total basepairs processed: 4,615,168,050 bp
Quality-trimmed:               5,691,419 bp (0.1%)
Total written (filtered):  4,365,708,152 bp (94.6%)

=== Adapter 1 ===

Sequence: AGATCGGAAGAGC; Type: regular 3'; Length: 13; Trimmed: 15307572 times

Minimum overlap: 1
No. of allowed errors:
1-9 bp: 0; 10-13 bp: 1

Bases preceding removed adapters:
  A: 21.7%
  C: 26.7%
  G: 23.6%
  T: 25.6%
  none/other: 2.4%

Overview of removed sequences
length	count	expect	max.err	error counts
1	6025586	7691946.8	0	6025586
2	1622941	1922986.7	0	1622941
3	840344	480746.7	0	840344
4	270034	120186.7	0	270034
5	189052	30046.7	0	189052
6	163535	7511.7	0	163535
7	160902	1877.9	0	160902
8	156966	469.5	0	156966
9	152085	117.4	0	149339 2746
10	149969	29.3	1	145189 4780
11	145704	7.3	1	141174 4530
12	146731	1.8	1	142080 4651
13	153144	0.5	1	148047 5097
14	154290	0.5	1	149326 4964
15	165775	0.5	1	160162 5613
16	152760	0.5	1	147718 5042
17	149515	0.5	1	144304 5211
18	146175	0.5	1	141515 4660
19	144337	0.5	1	139776 4561
20	142157	0.5	1	137287 4870
21	133971	0.5	1	129330 4641
22	128513	0.5	1	124309 4204
23	133989	0.5	1	129440 4549
24	129758	0.5	1	125422 4336
25	130310	0.5	1	125769 4541
26	127464	0.5	1	122955 4509
27	126552	0.5	1	122357 4195
28	119692	0.5	1	115607 4085
29	113602	0.5	1	109931 3671
30	108489	0.5	1	105004 3485
31	108273	0.5	1	104727 3546
32	108706	0.5	1	105060 3646
33	106076	0.5	1	102610 3466
34	102791	0.5	1	99437 3354
35	101272	0.5	1	97780 3492
36	99783	0.5	1	96341 3442
37	98451	0.5	1	95161 3290
38	99000	0.5	1	95388 3612
39	90593	0.5	1	87413 3180
40	90706	0.5	1	87420 3286
41	85240	0.5	1	82204 3036
42	78602	0.5	1	75851 2751
43	77347	0.5	1	74028 3319
44	97629	0.5	1	94132 3497
45	70803	0.5	1	67786 3017
46	93327	0.5	1	91664 1663
47	25564	0.5	1	23504 2060
48	80990	0.5	1	78255 2735
49	70758	0.5	1	68787 1971
50	46422	0.5	1	44867 1555
51	52459	0.5	1	50719 1740
52	58316	0.5	1	56917 1399
53	36093	0.5	1	34700 1393
54	49460	0.5	1	48405 1055
55	31660	0.5	1	30511 1149
56	39080	0.5	1	38004 1076
57	34580	0.5	1	33595 985
58	32455	0.5	1	31218 1237
59	42647	0.5	1	41579 1068
60	31377	0.5	1	30254 1123
61	38318	0.5	1	37594 724
62	18751	0.5	1	18120 631
63	18235	0.5	1	17649 586
64	20154	0.5	1	19205 949
65	37777	0.5	1	37176 601
66	13048	0.5	1	12708 340
67	8107	0.5	1	7669 438
68	15645	0.5	1	15224 421
69	13821	0.5	1	13405 416
70	13860	0.5	1	13511 349
71	10009	0.5	1	9804 205
72	3799	0.5	1	3656 143
73	4739	0.5	1	4532 207
74	7076	0.5	1	6859 217
75	7070	0.5	1	6861 209
76	6600	0.5	1	6397 203
77	6069	0.5	1	5848 221
78	5693	0.5	1	5509 184
79	5110	0.5	1	4923 187
80	4666	0.5	1	4528 138
81	4157	0.5	1	3998 159
82	3584	0.5	1	3465 119
83	3256	0.5	1	3112 144
84	2834	0.5	1	2730 104
85	2831	0.5	1	2742 89
86	2614	0.5	1	2537 77
87	2396	0.5	1	2306 90
88	2162	0.5	1	2067 95
89	2084	0.5	1	1991 93
90	1964	0.5	1	1895 69
91	1760	0.5	1	1664 96
92	1485	0.5	1	1433 52
93	1428	0.5	1	1349 79
94	1298	0.5	1	1244 54
95	1152	0.5	1	1105 47
96	1077	0.5	1	1026 51
97	964	0.5	1	924 40
98	983	0.5	1	952 31
99	928	0.5	1	893 35
100	883	0.5	1	839 44
101	737	0.5	1	699 38
102	596	0.5	1	564 32
103	634	0.5	1	601 33
104	503	0.5	1	472 31
105	494	0.5	1	478 16
106	480	0.5	1	458 22
107	520	0.5	1	495 25
108	407	0.5	1	381 26
109	414	0.5	1	386 28
110	402	0.5	1	378 24
111	335	0.5	1	283 52
112	317	0.5	1	278 39
113	300	0.5	1	261 39
114	256	0.5	1	227 29
115	229	0.5	1	201 28
116	185	0.5	1	164 21
117	179	0.5	1	159 20
118	211	0.5	1	183 28
119	186	0.5	1	162 24
120	228	0.5	1	199 29
121	209	0.5	1	189 20
122	152	0.5	1	124 28
123	117	0.5	1	105 12
124	114	0.5	1	95 19
125	93	0.5	1	75 18
126	71	0.5	1	58 13
127	71	0.5	1	51 20
128	84	0.5	1	50 34
129	93	0.5	1	67 26
130	229	0.5	1	166 63
131	6225	0.5	1	6087 138
132	117	0.5	1	76 41
133	112	0.5	1	77 35
134	193	0.5	1	145 48
135	130	0.5	1	86 44
136	127	0.5	1	84 43
137	141	0.5	1	101 40
138	226	0.5	1	188 38
139	146	0.5	1	100 46
140	184	0.5	1	132 52
141	359	0.5	1	293 66
142	244	0.5	1	168 76
143	317	0.5	1	245 72
144	342	0.5	1	249 93
145	338	0.5	1	227 111
146	451	0.5	1	323 128
147	541	0.5	1	301 240
148	603	0.5	1	268 335
149	7080	0.5	1	195 6885
150	357661	0.5	1	6665 350996

RUN STATISTICS FOR INPUT FILE: /vortexfs1/omics/tepolt/raw_reads/C_maenas/Cm_yrv_2023/25-194_R1_001.fastq.gz
=============================================
30767787 sequences processed in total

