
SUMMARISING RUN PARAMETERS
==========================
Input filename: /vortexfs1/omics/tepolt/raw_reads/C_maenas/Cm_yrv_2023/25-113_R1_001.fastq.gz
Trimming mode: paired-end
Trim Galore version: 0.6.6
Cutadapt version: 3.5
Python version: could not detect
Number of cores used for trimming: 8
Quality Phred score cutoff: 20
Quality encoding type selected: ASCII+33
Adapter sequence: 'AGATCGGAAGAGC' (Illumina TruSeq, Sanger iPCR; user defined)
Maximum trimming error rate: 0.1 (default)
Minimum required adapter overlap (stringency): 1 bp
Minimum required sequence length for both reads before a sequence pair gets removed: 20 bp
Running FastQC on the data once trimming has completed
Running FastQC with the following extra arguments: --outdir /vortexfs1/scratch/yaamini.venkataraman/wc-green-crab/output/06b-trimgalore     --threads 28
Output file will be GZIP compressed


This is cutadapt 3.5 with Python 3.9.5
Command line parameters: -j 8 -e 0.1 -q 20 -O 1 -a AGATCGGAAGAGC /vortexfs1/omics/tepolt/raw_reads/C_maenas/Cm_yrv_2023/25-113_R1_001.fastq.gz
Processing reads on 8 cores in single-end mode ...
Finished in 76.74 s (2 µs/read; 25.34 M reads/minute).

=== Summary ===

Total reads processed:              32,410,729
Reads with adapters:                15,164,053 (46.8%)
Reads written (passing filters):    32,410,729 (100.0%)

Total basepairs processed: 4,861,609,350 bp
Quality-trimmed:               7,710,752 bp (0.2%)
Total written (filtered):  4,621,594,542 bp (95.1%)

=== Adapter 1 ===

Sequence: AGATCGGAAGAGC; Type: regular 3'; Length: 13; Trimmed: 15164053 times

Minimum overlap: 1
No. of allowed errors:
1-9 bp: 0; 10-13 bp: 1

Bases preceding removed adapters:
  A: 21.5%
  C: 28.3%
  G: 22.0%
  T: 24.7%
  none/other: 3.4%

Overview of removed sequences
length	count	expect	max.err	error counts
1	6543272	8102682.2	0	6543272
2	1786362	2025670.6	0	1786362
3	728437	506417.6	0	728437
4	273103	126604.4	0	273103
5	201819	31651.1	0	201819
6	172156	7912.8	0	172156
7	169610	1978.2	0	169610
8	158393	494.5	0	158393
9	155313	123.6	0	154309 1004
10	154735	30.9	1	151387 3348
11	151690	7.7	1	148532 3158
12	151730	1.9	1	148354 3376
13	152729	0.5	1	149122 3607
14	149637	0.5	1	146042 3595
15	156139	0.5	1	152299 3840
16	146186	0.5	1	142682 3504
17	145577	0.5	1	141875 3702
18	138372	0.5	1	135322 3050
19	137716	0.5	1	134409 3307
20	135644	0.5	1	132401 3243
21	127795	0.5	1	124664 3131
22	122194	0.5	1	119292 2902
23	122812	0.5	1	119834 2978
24	120675	0.5	1	117725 2950
25	119557	0.5	1	116590 2967
26	115177	0.5	1	112361 2816
27	110088	0.5	1	107306 2782
28	105638	0.5	1	102986 2652
29	99063	0.5	1	96696 2367
30	92763	0.5	1	90714 2049
31	91547	0.5	1	89400 2147
32	88342	0.5	1	86157 2185
33	85185	0.5	1	83173 2012
34	82252	0.5	1	80194 2058
35	79333	0.5	1	77402 1931
36	77800	0.5	1	75753 2047
37	75516	0.5	1	73435 2081
38	71910	0.5	1	70118 1792
39	66501	0.5	1	64717 1784
40	63342	0.5	1	61708 1634
41	58642	0.5	1	57023 1619
42	56449	0.5	1	54863 1586
43	52692	0.5	1	50919 1773
44	70277	0.5	1	68089 2188
45	48945	0.5	1	47401 1544
46	62414	0.5	1	61392 1022
47	18851	0.5	1	16914 1937
48	146113	0.5	1	144091 2022
49	65180	0.5	1	64130 1050
50	14471	0.5	1	13926 545
51	13074	0.5	1	12588 486
52	33748	0.5	1	33387 361
53	5633	0.5	1	5295 338
54	21357	0.5	1	21148 209
55	4752	0.5	1	4563 189
56	7680	0.5	1	7532 148
57	4026	0.5	1	3864 162
58	9261	0.5	1	8949 312
59	23377	0.5	1	23107 270
60	3650	0.5	1	3406 244
61	8936	0.5	1	8806 130
62	1008	0.5	1	927 81
63	1207	0.5	1	1124 83
64	5965	0.5	1	5784 181
65	13638	0.5	1	13483 155
66	1100	0.5	1	1036 64
67	689	0.5	1	626 63
68	2913	0.5	1	2821 92
69	3625	0.5	1	3535 90
70	3608	0.5	1	3538 70
71	2467	0.5	1	2406 61
72	1136	0.5	1	1091 45
73	1303	0.5	1	1253 50
74	2734	0.5	1	2667 67
75	2995	0.5	1	2915 80
76	2757	0.5	1	2684 73
77	2505	0.5	1	2429 76
78	2474	0.5	1	2406 68
79	2155	0.5	1	2092 63
80	2096	0.5	1	2015 81
81	1869	0.5	1	1783 86
82	1669	0.5	1	1609 60
83	1505	0.5	1	1438 67
84	1339	0.5	1	1302 37
85	1329	0.5	1	1290 39
86	1875	0.5	1	1831 44
87	1178	0.5	1	1124 54
88	1145	0.5	1	1099 46
89	1022	0.5	1	976 46
90	1028	0.5	1	976 52
91	917	0.5	1	880 37
92	884	0.5	1	845 39
93	732	0.5	1	674 58
94	691	0.5	1	650 41
95	600	0.5	1	567 33
96	547	0.5	1	518 29
97	578	0.5	1	547 31
98	570	0.5	1	527 43
99	576	0.5	1	544 32
100	503	0.5	1	468 35
101	500	0.5	1	464 36
102	439	0.5	1	420 19
103	416	0.5	1	392 24
104	372	0.5	1	340 32
105	364	0.5	1	340 24
106	323	0.5	1	300 23
107	348	0.5	1	323 25
108	394	0.5	1	367 27
109	317	0.5	1	286 31
110	385	0.5	1	340 45
111	334	0.5	1	286 48
112	309	0.5	1	274 35
113	295	0.5	1	261 34
114	284	0.5	1	247 37
115	332	0.5	1	306 26
116	327	0.5	1	298 29
117	312	0.5	1	288 24
118	305	0.5	1	274 31
119	309	0.5	1	288 21
120	733	0.5	1	706 27
121	887	0.5	1	853 34
122	473	0.5	1	432 41
123	235	0.5	1	205 30
124	171	0.5	1	143 28
125	152	0.5	1	120 32
126	136	0.5	1	104 32
127	151	0.5	1	130 21
128	189	0.5	1	147 42
129	273	0.5	1	205 68
130	1507	0.5	1	1370 137
131	92920	0.5	1	91439 1481
132	296	0.5	1	237 59
133	178	0.5	1	116 62
134	258	0.5	1	204 54
135	183	0.5	1	117 66
136	136	0.5	1	74 62
137	157	0.5	1	101 56
138	344	0.5	1	276 68
139	218	0.5	1	139 79
140	216	0.5	1	144 72
141	376	0.5	1	295 81
142	285	0.5	1	190 95
143	383	0.5	1	262 121
144	428	0.5	1	306 122
145	477	0.5	1	285 192
146	583	0.5	1	398 185
147	796	0.5	1	398 398
148	905	0.5	1	405 500
149	9410	0.5	1	221 9189
150	511362	0.5	1	7960 503402

RUN STATISTICS FOR INPUT FILE: /vortexfs1/omics/tepolt/raw_reads/C_maenas/Cm_yrv_2023/25-113_R1_001.fastq.gz
=============================================
32410729 sequences processed in total

