
SUMMARISING RUN PARAMETERS
==========================
Input filename: /vortexfs1/omics/tepolt/raw_reads/C_maenas/Cm_yrv_2023/25-110_R2_001.fastq.gz
Trimming mode: paired-end
Trim Galore version: 0.6.6
Cutadapt version: 3.5
Python version: could not detect
Number of cores used for trimming: 8
Quality Phred score cutoff: 20
Quality encoding type selected: ASCII+33
Adapter sequence: 'AGATCGGAAGAGC' (Illumina TruSeq, Sanger iPCR; user defined)
Maximum trimming error rate: 0.1 (default)
Minimum required adapter overlap (stringency): 1 bp
Minimum required sequence length for both reads before a sequence pair gets removed: 20 bp
Running FastQC on the data once trimming has completed
Running FastQC with the following extra arguments: --outdir /vortexfs1/scratch/yaamini.venkataraman/wc-green-crab/output/06b-trimgalore     --threads 28
Output file will be GZIP compressed


This is cutadapt 3.5 with Python 3.9.5
Command line parameters: -j 8 -e 0.1 -q 20 -O 1 -a AGATCGGAAGAGC /vortexfs1/omics/tepolt/raw_reads/C_maenas/Cm_yrv_2023/25-110_R2_001.fastq.gz
Processing reads on 8 cores in single-end mode ...
Finished in 81.54 s (2 µs/read; 26.13 M reads/minute).

=== Summary ===

Total reads processed:              35,508,585
Reads with adapters:                16,300,232 (45.9%)
Reads written (passing filters):    35,508,585 (100.0%)

Total basepairs processed: 5,326,287,750 bp
Quality-trimmed:              15,730,756 bp (0.3%)
Total written (filtered):  5,166,046,709 bp (97.0%)

=== Adapter 1 ===

Sequence: AGATCGGAAGAGC; Type: regular 3'; Length: 13; Trimmed: 16300232 times

Minimum overlap: 1
No. of allowed errors:
1-9 bp: 0; 10-13 bp: 1

Bases preceding removed adapters:
  A: 27.6%
  C: 26.5%
  G: 24.3%
  T: 21.5%
  none/other: 0.1%

Overview of removed sequences
length	count	expect	max.err	error counts
1	8314240	8877146.2	0	8314240
2	2093222	2219286.6	0	2093222
3	708273	554821.6	0	708273
4	288968	138705.4	0	288968
5	185813	34676.4	0	185813
6	155357	8669.1	0	155357
7	152395	2167.3	0	152395
8	141037	541.8	0	141037
9	135272	135.5	0	134716 556
10	136494	33.9	1	133630 2864
11	132241	8.5	1	129437 2804
12	136798	2.1	1	133438 3360
13	128890	0.5	1	126210 2680
14	133518	0.5	1	130041 3477
15	146694	0.5	1	142817 3877
16	124758	0.5	1	121645 3113
17	131151	0.5	1	127325 3826
18	126233	0.5	1	122651 3582
19	137994	0.5	1	133632 4362
20	123057	0.5	1	119653 3404
21	104795	0.5	1	101896 2899
22	106188	0.5	1	103153 3035
23	111645	0.5	1	108515 3130
24	115398	0.5	1	111699 3699
25	103550	0.5	1	100641 2909
26	103194	0.5	1	100105 3089
27	111062	0.5	1	107733 3329
28	87218	0.5	1	84751 2467
29	91145	0.5	1	88744 2401
30	85929	0.5	1	83639 2290
31	78700	0.5	1	76871 1829
32	81475	0.5	1	79326 2149
33	89692	0.5	1	87359 2333
34	71494	0.5	1	69641 1853
35	76203	0.5	1	74302 1901
36	125035	0.5	1	122023 3012
37	41494	0.5	1	40147 1347
38	93114	0.5	1	91296 1818
39	44890	0.5	1	43682 1208
40	68873	0.5	1	67546 1327
41	40239	0.5	1	39218 1021
42	49248	0.5	1	48174 1074
43	55023	0.5	1	53783 1240
44	44482	0.5	1	43423 1059
45	68347	0.5	1	66837 1510
46	37927	0.5	1	36895 1032
47	33678	0.5	1	32845 833
48	54262	0.5	1	53137 1125
49	30477	0.5	1	29751 726
50	31184	0.5	1	30453 731
51	30914	0.5	1	30159 755
52	34995	0.5	1	34092 903
53	20529	0.5	1	20034 495
54	27460	0.5	1	26785 675
55	26075	0.5	1	25454 621
56	20714	0.5	1	20218 496
57	26782	0.5	1	26149 633
58	29985	0.5	1	29356 629
59	15887	0.5	1	15493 394
60	16135	0.5	1	15827 308
61	12263	0.5	1	11996 267
62	16764	0.5	1	16449 315
63	8422	0.5	1	8228 194
64	15124	0.5	1	14889 235
65	6981	0.5	1	6801 180
66	8774	0.5	1	8569 205
67	9561	0.5	1	9370 191
68	6626	0.5	1	6487 139
69	4541	0.5	1	4405 136
70	9229	0.5	1	9072 157
71	1848	0.5	1	1747 101
72	4452	0.5	1	4343 109
73	4980	0.5	1	4881 99
74	4796	0.5	1	4706 90
75	4470	0.5	1	4377 93
76	1207	0.5	1	1159 48
77	2462	0.5	1	2397 65
78	2812	0.5	1	2739 73
79	2750	0.5	1	2685 65
80	2354	0.5	1	2296 58
81	2120	0.5	1	2060 60
82	1924	0.5	1	1850 74
83	1690	0.5	1	1615 75
84	1515	0.5	1	1465 50
85	1407	0.5	1	1327 80
86	1339	0.5	1	1287 52
87	1214	0.5	1	1176 38
88	1166	0.5	1	1102 64
89	970	0.5	1	943 27
90	979	0.5	1	947 32
91	950	0.5	1	922 28
92	896	0.5	1	856 40
93	677	0.5	1	638 39
94	644	0.5	1	618 26
95	603	0.5	1	574 29
96	489	0.5	1	472 17
97	476	0.5	1	443 33
98	473	0.5	1	435 38
99	456	0.5	1	424 32
100	421	0.5	1	389 32
101	347	0.5	1	324 23
102	350	0.5	1	326 24
103	315	0.5	1	300 15
104	319	0.5	1	303 16
105	295	0.5	1	277 18
106	275	0.5	1	258 17
107	285	0.5	1	267 18
108	249	0.5	1	222 27
109	235	0.5	1	214 21
110	201	0.5	1	187 14
111	209	0.5	1	187 22
112	210	0.5	1	187 23
113	178	0.5	1	164 14
114	172	0.5	1	160 12
115	146	0.5	1	113 33
116	145	0.5	1	129 16
117	139	0.5	1	118 21
118	131	0.5	1	120 11
119	140	0.5	1	121 19
120	158	0.5	1	125 33
121	173	0.5	1	138 35
122	130	0.5	1	112 18
123	85	0.5	1	71 14
124	72	0.5	1	56 16
125	75	0.5	1	54 21
126	68	0.5	1	62 6
127	73	0.5	1	59 14
128	92	0.5	1	73 19
129	115	0.5	1	87 28
130	411	0.5	1	330 81
131	11804	0.5	1	10690 1114
132	151	0.5	1	120 31
133	77	0.5	1	67 10
134	201	0.5	1	192 9
135	91	0.5	1	73 18
136	70	0.5	1	59 11
137	99	0.5	1	91 8
138	137	0.5	1	132 5
139	87	0.5	1	84 3
140	114	0.5	1	109 5
141	237	0.5	1	233 4
142	133	0.5	1	126 7
143	193	0.5	1	183 10
144	246	0.5	1	236 10
145	226	0.5	1	213 13
146	352	0.5	1	338 14
147	304	0.5	1	285 19
148	314	0.5	1	294 20
149	282	0.5	1	172 110
150	10654	0.5	1	8111 2543

RUN STATISTICS FOR INPUT FILE: /vortexfs1/omics/tepolt/raw_reads/C_maenas/Cm_yrv_2023/25-110_R2_001.fastq.gz
=============================================
35508585 sequences processed in total

Total number of sequences analysed for the sequence pair length validation: 35508585

Number of sequence pairs removed because at least one read was shorter than the length cutoff (20 bp): 386513 (1.09%)
