
SUMMARISING RUN PARAMETERS
==========================
Input filename: /vortexfs1/omics/tepolt/raw_reads/C_maenas/Cm_yrv_2023/25-175_R1_001.fastq.gz
Trimming mode: paired-end
Trim Galore version: 0.6.6
Cutadapt version: 3.5
Python version: could not detect
Number of cores used for trimming: 8
Quality Phred score cutoff: 20
Quality encoding type selected: ASCII+33
Adapter sequence: 'AGATCGGAAGAGC' (Illumina TruSeq, Sanger iPCR; user defined)
Maximum trimming error rate: 0.1 (default)
Minimum required adapter overlap (stringency): 1 bp
Minimum required sequence length for both reads before a sequence pair gets removed: 20 bp
Running FastQC on the data once trimming has completed
Running FastQC with the following extra arguments: --outdir /vortexfs1/scratch/yaamini.venkataraman/wc-green-crab/output/06b-trimgalore     --threads 28
Output file will be GZIP compressed


This is cutadapt 3.5 with Python 3.9.5
Command line parameters: -j 8 -e 0.1 -q 20 -O 1 -a AGATCGGAAGAGC /vortexfs1/omics/tepolt/raw_reads/C_maenas/Cm_yrv_2023/25-175_R1_001.fastq.gz
Processing reads on 8 cores in single-end mode ...
Finished in 83.60 s (2 µs/read; 27.07 M reads/minute).

=== Summary ===

Total reads processed:              37,714,009
Reads with adapters:                16,454,631 (43.6%)
Reads written (passing filters):    37,714,009 (100.0%)

Total basepairs processed: 5,657,101,350 bp
Quality-trimmed:              10,205,951 bp (0.2%)
Total written (filtered):  5,439,874,911 bp (96.2%)

=== Adapter 1 ===

Sequence: AGATCGGAAGAGC; Type: regular 3'; Length: 13; Trimmed: 16454631 times

Minimum overlap: 1
No. of allowed errors:
1-9 bp: 0; 10-13 bp: 1

Bases preceding removed adapters:
  A: 24.6%
  C: 27.0%
  G: 19.7%
  T: 25.5%
  none/other: 3.1%

Overview of removed sequences
length	count	expect	max.err	error counts
1	8621952	9428502.2	0	8621952
2	2116671	2357125.6	0	2116671
3	812363	589281.4	0	812363
4	243963	147320.3	0	243963
5	145482	36830.1	0	145482
6	116588	9207.5	0	116588
7	114969	2301.9	0	114969
8	107230	575.5	0	107230
9	106029	143.9	0	105162 867
10	105637	36.0	1	103168 2469
11	103977	9.0	1	101789 2188
12	103262	2.2	1	101066 2196
13	103112	0.6	1	100726 2386
14	103628	0.6	1	101337 2291
15	109246	0.6	1	106765 2481
16	100982	0.6	1	98801 2181
17	101211	0.6	1	98715 2496
18	97505	0.6	1	95489 2016
19	98932	0.6	1	96726 2206
20	96437	0.6	1	94402 2035
21	91503	0.6	1	89372 2131
22	89563	0.6	1	87654 1909
23	91257	0.6	1	89146 2111
24	89407	0.6	1	87401 2006
25	88262	0.6	1	86112 2150
26	84449	0.6	1	82592 1857
27	82149	0.6	1	80273 1876
28	78308	0.6	1	76479 1829
29	75770	0.6	1	74046 1724
30	72552	0.6	1	71036 1516
31	72978	0.6	1	71443 1535
32	71335	0.6	1	69623 1712
33	69453	0.6	1	67891 1562
34	68560	0.6	1	66937 1623
35	66035	0.6	1	64534 1501
36	65144	0.6	1	63649 1495
37	63625	0.6	1	62088 1537
38	62968	0.6	1	61342 1626
39	58442	0.6	1	57049 1393
40	58005	0.6	1	56620 1385
41	55043	0.6	1	53636 1407
42	53171	0.6	1	51701 1470
43	50165	0.6	1	48597 1568
44	66254	0.6	1	64183 2071
45	47942	0.6	1	46427 1515
46	64990	0.6	1	63835 1155
47	22349	0.6	1	20590 1759
48	174090	0.6	1	171790 2300
49	92351	0.6	1	90969 1382
50	16066	0.6	1	15401 665
51	14382	0.6	1	13915 467
52	30711	0.6	1	30331 380
53	5488	0.6	1	5102 386
54	30414	0.6	1	30177 237
55	3786	0.6	1	3553 233
56	10416	0.6	1	10230 186
57	4208	0.6	1	4026 182
58	11609	0.6	1	11207 402
59	35012	0.6	1	34664 348
60	4181	0.6	1	3840 341
61	14007	0.6	1	13786 221
62	1542	0.6	1	1427 115
63	1411	0.6	1	1286 125
64	8084	0.6	1	7872 212
65	20761	0.6	1	20527 234
66	2538	0.6	1	2423 115
67	845	0.6	1	767 78
68	3456	0.6	1	3337 119
69	5367	0.6	1	5256 111
70	5412	0.6	1	5308 104
71	4231	0.6	1	4130 101
72	1850	0.6	1	1783 67
73	1658	0.6	1	1583 75
74	4160	0.6	1	4079 81
75	4726	0.6	1	4611 115
76	4458	0.6	1	4353 105
77	4034	0.6	1	3934 100
78	3719	0.6	1	3599 120
79	3358	0.6	1	3251 107
80	3208	0.6	1	3118 90
81	2769	0.6	1	2672 97
82	2474	0.6	1	2375 99
83	2313	0.6	1	2217 96
84	2068	0.6	1	2026 42
85	2021	0.6	1	1931 90
86	3644	0.6	1	3543 101
87	1800	0.6	1	1742 58
88	1591	0.6	1	1510 81
89	1413	0.6	1	1349 64
90	1287	0.6	1	1230 57
91	1170	0.6	1	1120 50
92	1198	0.6	1	1133 65
93	985	0.6	1	922 63
94	833	0.6	1	790 43
95	754	0.6	1	699 55
96	735	0.6	1	695 40
97	713	0.6	1	672 41
98	657	0.6	1	620 37
99	626	0.6	1	586 40
100	599	0.6	1	566 33
101	518	0.6	1	478 40
102	441	0.6	1	416 25
103	468	0.6	1	433 35
104	388	0.6	1	361 27
105	359	0.6	1	327 32
106	303	0.6	1	278 25
107	416	0.6	1	392 24
108	312	0.6	1	280 32
109	309	0.6	1	277 32
110	294	0.6	1	253 41
111	295	0.6	1	232 63
112	260	0.6	1	214 46
113	219	0.6	1	161 58
114	191	0.6	1	161 30
115	222	0.6	1	163 59
116	160	0.6	1	131 29
117	183	0.6	1	156 27
118	155	0.6	1	139 16
119	174	0.6	1	147 27
120	141	0.6	1	118 23
121	143	0.6	1	128 15
122	116	0.6	1	99 17
123	122	0.6	1	101 21
124	79	0.6	1	60 19
125	89	0.6	1	65 24
126	91	0.6	1	60 31
127	116	0.6	1	79 37
128	109	0.6	1	70 39
129	137	0.6	1	85 52
130	208	0.6	1	157 51
131	2322	0.6	1	2214 108
132	146	0.6	1	78 68
133	123	0.6	1	67 56
134	240	0.6	1	181 59
135	129	0.6	1	71 58
136	113	0.6	1	57 56
137	166	0.6	1	110 56
138	377	0.6	1	312 65
139	171	0.6	1	94 77
140	207	0.6	1	119 88
141	329	0.6	1	227 102
142	240	0.6	1	157 83
143	285	0.6	1	180 105
144	381	0.6	1	252 129
145	408	0.6	1	222 186
146	525	0.6	1	357 168
147	698	0.6	1	317 381
148	786	0.6	1	288 498
149	10422	0.6	1	253 10169
150	499501	0.6	1	12573 486928

RUN STATISTICS FOR INPUT FILE: /vortexfs1/omics/tepolt/raw_reads/C_maenas/Cm_yrv_2023/25-175_R1_001.fastq.gz
=============================================
37714009 sequences processed in total

