
SUMMARISING RUN PARAMETERS
==========================
Input filename: /vortexfs1/omics/tepolt/raw_reads/C_maenas/Cm_yrv_2023/25-172_R1_001.fastq.gz
Trimming mode: paired-end
Trim Galore version: 0.6.6
Cutadapt version: 3.5
Python version: could not detect
Number of cores used for trimming: 8
Quality Phred score cutoff: 20
Quality encoding type selected: ASCII+33
Adapter sequence: 'AGATCGGAAGAGC' (Illumina TruSeq, Sanger iPCR; user defined)
Maximum trimming error rate: 0.1 (default)
Minimum required adapter overlap (stringency): 1 bp
Minimum required sequence length for both reads before a sequence pair gets removed: 20 bp
Running FastQC on the data once trimming has completed
Running FastQC with the following extra arguments: --outdir /vortexfs1/scratch/yaamini.venkataraman/wc-green-crab/output/06b-trimgalore     --threads 28
Output file will be GZIP compressed


This is cutadapt 3.5 with Python 3.9.5
Command line parameters: -j 8 -e 0.1 -q 20 -O 1 -a AGATCGGAAGAGC /vortexfs1/omics/tepolt/raw_reads/C_maenas/Cm_yrv_2023/25-172_R1_001.fastq.gz
Processing reads on 8 cores in single-end mode ...
Finished in 90.16 s (2 µs/read; 24.80 M reads/minute).

=== Summary ===

Total reads processed:              37,267,613
Reads with adapters:                19,455,813 (52.2%)
Reads written (passing filters):    37,267,613 (100.0%)

Total basepairs processed: 5,590,141,950 bp
Quality-trimmed:              12,394,507 bp (0.2%)
Total written (filtered):  5,232,967,174 bp (93.6%)

=== Adapter 1 ===

Sequence: AGATCGGAAGAGC; Type: regular 3'; Length: 13; Trimmed: 19455813 times

Minimum overlap: 1
No. of allowed errors:
1-9 bp: 0; 10-13 bp: 1

Bases preceding removed adapters:
  A: 20.8%
  C: 28.7%
  G: 23.9%
  T: 24.0%
  none/other: 2.6%

Overview of removed sequences
length	count	expect	max.err	error counts
1	6976427	9316903.2	0	6976427
2	1957381	2329225.8	0	1957381
3	792797	582306.5	0	792797
4	341393	145576.6	0	341393
5	261579	36394.2	0	261579
6	229746	9098.5	0	229746
7	227662	2274.6	0	227662
8	219631	568.7	0	219631
9	217370	142.2	0	215998 1372
10	219389	35.5	1	214537 4852
11	218530	8.9	1	213991 4539
12	216708	2.2	1	211953 4755
13	218788	0.6	1	213367 5421
14	217212	0.6	1	212036 5176
15	228261	0.6	1	222540 5721
16	216513	0.6	1	211243 5270
17	215576	0.6	1	209769 5807
18	208346	0.6	1	203660 4686
19	208253	0.6	1	203203 5050
20	204831	0.6	1	199908 4923
21	199025	0.6	1	193937 5088
22	194092	0.6	1	189564 4528
23	196706	0.6	1	191874 4832
24	193857	0.6	1	189136 4721
25	192409	0.6	1	187560 4849
26	186996	0.6	1	182443 4553
27	181667	0.6	1	177057 4610
28	177031	0.6	1	172450 4581
29	168033	0.6	1	163887 4146
30	162071	0.6	1	158359 3712
31	160912	0.6	1	157049 3863
32	160330	0.6	1	156248 4082
33	155713	0.6	1	152004 3709
34	151935	0.6	1	148062 3873
35	150333	0.6	1	146598 3735
36	145795	0.6	1	141816 3979
37	144571	0.6	1	140589 3982
38	140175	0.6	1	136723 3452
39	131727	0.6	1	128244 3483
40	127743	0.6	1	124389 3354
41	120208	0.6	1	116967 3241
42	117907	0.6	1	114637 3270
43	112650	0.6	1	108859 3791
44	155798	0.6	1	151142 4656
45	107556	0.6	1	104388 3168
46	139469	0.6	1	137078 2391
47	46505	0.6	1	42191 4314
48	356654	0.6	1	352002 4652
49	149470	0.6	1	146884 2586
50	34791	0.6	1	33642 1149
51	32258	0.6	1	31025 1233
52	81667	0.6	1	80799 868
53	14762	0.6	1	13880 882
54	62526	0.6	1	61996 530
55	11848	0.6	1	11321 527
56	22789	0.6	1	22427 362
57	11473	0.6	1	11038 435
58	24785	0.6	1	23944 841
59	65449	0.6	1	64792 657
60	10444	0.6	1	9845 599
61	24167	0.6	1	23827 340
62	2561	0.6	1	2353 208
63	3547	0.6	1	3311 236
64	16853	0.6	1	16345 508
65	38593	0.6	1	38197 396
66	3148	0.6	1	2955 193
67	2108	0.6	1	1955 153
68	8321	0.6	1	8110 211
69	10391	0.6	1	10164 227
70	10640	0.6	1	10418 222
71	7368	0.6	1	7221 147
72	3341	0.6	1	3232 109
73	3913	0.6	1	3777 136
74	8191	0.6	1	8031 160
75	8491	0.6	1	8318 173
76	8246	0.6	1	8048 198
77	7587	0.6	1	7400 187
78	7184	0.6	1	6995 189
79	6393	0.6	1	6215 178
80	5781	0.6	1	5616 165
81	5252	0.6	1	5117 135
82	5047	0.6	1	4895 152
83	4401	0.6	1	4261 140
84	3688	0.6	1	3592 96
85	3593	0.6	1	3469 124
86	3370	0.6	1	3266 104
87	3015	0.6	1	2910 105
88	3013	0.6	1	2920 93
89	2683	0.6	1	2592 91
90	2581	0.6	1	2505 76
91	2199	0.6	1	2118 81
92	2084	0.6	1	2020 64
93	1692	0.6	1	1625 67
94	1578	0.6	1	1514 64
95	1441	0.6	1	1378 63
96	1369	0.6	1	1316 53
97	1245	0.6	1	1183 62
98	1354	0.6	1	1295 59
99	1219	0.6	1	1162 57
100	1146	0.6	1	1086 60
101	1003	0.6	1	955 48
102	1016	0.6	1	969 47
103	840	0.6	1	792 48
104	778	0.6	1	738 40
105	701	0.6	1	658 43
106	653	0.6	1	613 40
107	797	0.6	1	757 40
108	710	0.6	1	669 41
109	631	0.6	1	604 27
110	593	0.6	1	563 30
111	605	0.6	1	549 56
112	568	0.6	1	509 59
113	437	0.6	1	396 41
114	497	0.6	1	450 47
115	482	0.6	1	440 42
116	440	0.6	1	403 37
117	438	0.6	1	408 30
118	424	0.6	1	392 32
119	507	0.6	1	466 41
120	711	0.6	1	672 39
121	1043	0.6	1	980 63
122	497	0.6	1	468 29
123	328	0.6	1	291 37
124	203	0.6	1	175 28
125	186	0.6	1	148 38
126	171	0.6	1	136 35
127	177	0.6	1	132 45
128	263	0.6	1	206 57
129	307	0.6	1	238 69
130	1578	0.6	1	1441 137
131	83495	0.6	1	81943 1552
132	374	0.6	1	317 57
133	240	0.6	1	179 61
134	336	0.6	1	267 69
135	230	0.6	1	161 69
136	176	0.6	1	112 64
137	211	0.6	1	147 64
138	325	0.6	1	262 63
139	223	0.6	1	161 62
140	305	0.6	1	215 90
141	471	0.6	1	370 101
142	318	0.6	1	211 107
143	399	0.6	1	296 103
144	515	0.6	1	364 151
145	509	0.6	1	319 190
146	698	0.6	1	491 207
147	848	0.6	1	464 384
148	943	0.6	1	451 492
149	9075	0.6	1	280 8795
150	503221	0.6	1	8933 494288

RUN STATISTICS FOR INPUT FILE: /vortexfs1/omics/tepolt/raw_reads/C_maenas/Cm_yrv_2023/25-172_R1_001.fastq.gz
=============================================
37267613 sequences processed in total

