
SUMMARISING RUN PARAMETERS
==========================
Input filename: /vortexfs1/omics/tepolt/raw_reads/C_maenas/Cm_yrv_2023/25-109_R2_001.fastq.gz
Trimming mode: paired-end
Trim Galore version: 0.6.6
Cutadapt version: 3.5
Python version: could not detect
Number of cores used for trimming: 8
Quality Phred score cutoff: 20
Quality encoding type selected: ASCII+33
Adapter sequence: 'AGATCGGAAGAGC' (Illumina TruSeq, Sanger iPCR; user defined)
Maximum trimming error rate: 0.1 (default)
Minimum required adapter overlap (stringency): 1 bp
Minimum required sequence length for both reads before a sequence pair gets removed: 20 bp
Running FastQC on the data once trimming has completed
Running FastQC with the following extra arguments: --outdir /vortexfs1/scratch/yaamini.venkataraman/wc-green-crab/output/06b-trimgalore     --threads 28
Output file will be GZIP compressed


This is cutadapt 3.5 with Python 3.9.5
Command line parameters: -j 8 -e 0.1 -q 20 -O 1 -a AGATCGGAAGAGC /vortexfs1/omics/tepolt/raw_reads/C_maenas/Cm_yrv_2023/25-109_R2_001.fastq.gz
Processing reads on 8 cores in single-end mode ...
Finished in 106.10 s (2 µs/read; 25.53 M reads/minute).

=== Summary ===

Total reads processed:              45,138,283
Reads with adapters:                25,032,076 (55.5%)
Reads written (passing filters):    45,138,283 (100.0%)

Total basepairs processed: 6,770,742,450 bp
Quality-trimmed:              21,445,239 bp (0.3%)
Total written (filtered):  6,330,181,248 bp (93.5%)

=== Adapter 1 ===

Sequence: AGATCGGAAGAGC; Type: regular 3'; Length: 13; Trimmed: 25032076 times

Minimum overlap: 1
No. of allowed errors:
1-9 bp: 0; 10-13 bp: 1

Bases preceding removed adapters:
  A: 21.9%
  C: 31.5%
  G: 28.6%
  T: 18.0%
  none/other: 0.1%

Overview of removed sequences
length	count	expect	max.err	error counts
1	8313519	11284570.8	0	8313519
2	2322470	2821142.7	0	2322470
3	915332	705285.7	0	915332
4	427831	176321.4	0	427831
5	323198	44080.4	0	323198
6	287989	11020.1	0	287989
7	286782	2755.0	0	286782
8	276130	688.8	0	276130
9	268966	172.2	0	268051 915
10	275068	43.0	1	269878 5190
11	271707	10.8	1	266468 5239
12	283144	2.7	1	276643 6501
13	272290	0.7	1	266815 5475
14	282378	0.7	1	275479 6899
15	305183	0.7	1	297775 7408
16	276014	0.7	1	269633 6381
17	287047	0.7	1	279068 7979
18	283786	0.7	1	275833 7953
19	305597	0.7	1	296070 9527
20	289341	0.7	1	281929 7412
21	250491	0.7	1	243956 6535
22	255067	0.7	1	248393 6674
23	272933	0.7	1	265758 7175
24	278128	0.7	1	270144 7984
25	270934	0.7	1	263932 7002
26	267920	0.7	1	260508 7412
27	296661	0.7	1	288176 8485
28	242026	0.7	1	235743 6283
29	242616	0.7	1	236806 5810
30	238311	0.7	1	232780 5531
31	234253	0.7	1	229126 5127
32	236135	0.7	1	230613 5522
33	244454	0.7	1	238608 5846
34	248459	0.7	1	242826 5633
35	206841	0.7	1	202682 4159
36	236958	0.7	1	231645 5313
37	215743	0.7	1	210983 4760
38	231016	0.7	1	225845 5171
39	254385	0.7	1	249014 5371
40	163248	0.7	1	159462 3786
41	188888	0.7	1	184946 3942
42	179680	0.7	1	176126 3554
43	190830	0.7	1	186422 4408
44	169418	0.7	1	165901 3517
45	201772	0.7	1	196778 4994
46	156713	0.7	1	153057 3656
47	151916	0.7	1	148851 3065
48	168037	0.7	1	164465 3572
49	143435	0.7	1	140294 3141
50	129601	0.7	1	126748 2853
51	127328	0.7	1	124338 2990
52	129550	0.7	1	126458 3092
53	106739	0.7	1	104556 2183
54	111438	0.7	1	108956 2482
55	110456	0.7	1	107831 2625
56	96040	0.7	1	93945 2095
57	99000	0.7	1	96766 2234
58	104047	0.7	1	101784 2263
59	82216	0.7	1	80416 1800
60	78806	0.7	1	77365 1441
61	67937	0.7	1	66699 1238
62	68624	0.7	1	67278 1346
63	54800	0.7	1	53868 932
64	64580	0.7	1	63332 1248
65	46273	0.7	1	45397 876
66	48595	0.7	1	47668 927
67	47425	0.7	1	46517 908
68	39435	0.7	1	38671 764
69	33578	0.7	1	32919 659
70	42559	0.7	1	41821 738
71	20271	0.7	1	19814 457
72	25303	0.7	1	24832 471
73	25257	0.7	1	24781 476
74	25278	0.7	1	24821 457
75	25875	0.7	1	25500 375
76	7366	0.7	1	7136 230
77	15591	0.7	1	15298 293
78	15754	0.7	1	15403 351
79	14284	0.7	1	14007 277
80	12648	0.7	1	12372 276
81	11535	0.7	1	11299 236
82	10164	0.7	1	9927 237
83	9091	0.7	1	8888 203
84	8179	0.7	1	7995 184
85	7595	0.7	1	7418 177
86	7420	0.7	1	7244 176
87	7006	0.7	1	6850 156
88	6326	0.7	1	6176 150
89	5808	0.7	1	5680 128
90	5317	0.7	1	5178 139
91	4808	0.7	1	4707 101
92	4283	0.7	1	4183 100
93	3667	0.7	1	3540 127
94	3232	0.7	1	3128 104
95	2898	0.7	1	2823 75
96	2794	0.7	1	2711 83
97	2589	0.7	1	2496 93
98	2554	0.7	1	2474 80
99	2279	0.7	1	2218 61
100	2114	0.7	1	2052 62
101	1913	0.7	1	1837 76
102	1534	0.7	1	1467 67
103	1415	0.7	1	1373 42
104	1278	0.7	1	1220 58
105	1161	0.7	1	1120 41
106	1145	0.7	1	1102 43
107	1175	0.7	1	1146 29
108	1051	0.7	1	1001 50
109	978	0.7	1	935 43
110	879	0.7	1	840 39
111	767	0.7	1	730 37
112	675	0.7	1	635 40
113	601	0.7	1	569 32
114	612	0.7	1	572 40
115	512	0.7	1	480 32
116	455	0.7	1	428 27
117	368	0.7	1	348 20
118	385	0.7	1	365 20
119	374	0.7	1	340 34
120	424	0.7	1	383 41
121	415	0.7	1	366 49
122	292	0.7	1	256 36
123	237	0.7	1	219 18
124	160	0.7	1	136 24
125	139	0.7	1	117 22
126	132	0.7	1	118 14
127	142	0.7	1	134 8
128	154	0.7	1	131 23
129	154	0.7	1	134 20
130	404	0.7	1	323 81
131	14397	0.7	1	13398 999
132	203	0.7	1	180 23
133	122	0.7	1	110 12
134	320	0.7	1	305 15
135	199	0.7	1	187 12
136	142	0.7	1	132 10
137	208	0.7	1	199 9
138	472	0.7	1	466 6
139	214	0.7	1	203 11
140	246	0.7	1	240 6
141	640	0.7	1	624 16
142	262	0.7	1	256 6
143	545	0.7	1	532 13
144	413	0.7	1	398 15
145	372	0.7	1	353 19
146	583	0.7	1	570 13
147	588	0.7	1	555 33
148	585	0.7	1	553 32
149	426	0.7	1	267 159
150	13855	0.7	1	10139 3716

RUN STATISTICS FOR INPUT FILE: /vortexfs1/omics/tepolt/raw_reads/C_maenas/Cm_yrv_2023/25-109_R2_001.fastq.gz
=============================================
45138283 sequences processed in total

Total number of sequences analysed for the sequence pair length validation: 45138283

Number of sequence pairs removed because at least one read was shorter than the length cutoff (20 bp): 709730 (1.57%)
