
SUMMARISING RUN PARAMETERS
==========================
Input filename: /vortexfs1/omics/tepolt/raw_reads/C_maenas/Cm_yrv_2023/25-175_R2_001.fastq.gz
Trimming mode: paired-end
Trim Galore version: 0.6.6
Cutadapt version: 3.5
Python version: could not detect
Number of cores used for trimming: 8
Quality Phred score cutoff: 20
Quality encoding type selected: ASCII+33
Adapter sequence: 'AGATCGGAAGAGC' (Illumina TruSeq, Sanger iPCR; user defined)
Maximum trimming error rate: 0.1 (default)
Minimum required adapter overlap (stringency): 1 bp
Minimum required sequence length for both reads before a sequence pair gets removed: 20 bp
Running FastQC on the data once trimming has completed
Running FastQC with the following extra arguments: --outdir /vortexfs1/scratch/yaamini.venkataraman/wc-green-crab/output/06b-trimgalore     --threads 28
Output file will be GZIP compressed


This is cutadapt 3.5 with Python 3.9.5
Command line parameters: -j 8 -e 0.1 -q 20 -O 1 -a AGATCGGAAGAGC /vortexfs1/omics/tepolt/raw_reads/C_maenas/Cm_yrv_2023/25-175_R2_001.fastq.gz
Processing reads on 8 cores in single-end mode ...
Finished in 89.99 s (2 µs/read; 25.15 M reads/minute).

=== Summary ===

Total reads processed:              37,714,009
Reads with adapters:                16,495,069 (43.7%)
Reads written (passing filters):    37,714,009 (100.0%)

Total basepairs processed: 5,657,101,350 bp
Quality-trimmed:              18,355,624 bp (0.3%)
Total written (filtered):  5,504,681,932 bp (97.3%)

=== Adapter 1 ===

Sequence: AGATCGGAAGAGC; Type: regular 3'; Length: 13; Trimmed: 16495069 times

Minimum overlap: 1
No. of allowed errors:
1-9 bp: 0; 10-13 bp: 1

Bases preceding removed adapters:
  A: 28.8%
  C: 26.8%
  G: 23.2%
  T: 21.1%
  none/other: 0.1%

Overview of removed sequences
length	count	expect	max.err	error counts
1	9059717	9428502.2	0	9059717
2	2276108	2357125.6	0	2276108
3	747075	589281.4	0	747075
4	263593	147320.3	0	263593
5	147320	36830.1	0	147320
6	118583	9207.5	0	118583
7	115439	2301.9	0	115439
8	107691	575.5	0	107691
9	105209	143.9	0	104548 661
10	106170	36.0	1	103781 2389
11	103751	9.0	1	101437 2314
12	106375	2.2	1	103780 2595
13	100086	0.6	1	98069 2017
14	104197	0.6	1	101464 2733
15	111630	0.6	1	108853 2777
16	97633	0.6	1	95311 2322
17	101092	0.6	1	98120 2972
18	98173	0.6	1	95303 2870
19	108047	0.6	1	104487 3560
20	97317	0.6	1	94797 2520
21	84611	0.6	1	82385 2226
22	86230	0.6	1	83923 2307
23	90679	0.6	1	88225 2454
24	94096	0.6	1	91129 2967
25	84860	0.6	1	82525 2335
26	84626	0.6	1	82186 2440
27	90853	0.6	1	88134 2719
28	73180	0.6	1	71239 1941
29	76445	0.6	1	74382 2063
30	73610	0.6	1	71790 1820
31	69016	0.6	1	67525 1491
32	70598	0.6	1	68875 1723
33	78527	0.6	1	76541 1986
34	62552	0.6	1	60999 1553
35	66721	0.6	1	65146 1575
36	111538	0.6	1	108877 2661
37	37495	0.6	1	36290 1205
38	82440	0.6	1	80876 1564
39	40580	0.6	1	39596 984
40	62956	0.6	1	61803 1153
41	37722	0.6	1	36903 819
42	47005	0.6	1	46004 1001
43	52239	0.6	1	51158 1081
44	41501	0.6	1	40529 972
45	64909	0.6	1	63510 1399
46	35497	0.6	1	34638 859
47	33282	0.6	1	32494 788
48	48759	0.6	1	47818 941
49	30767	0.6	1	30060 707
50	31640	0.6	1	30971 669
51	32083	0.6	1	31293 790
52	36095	0.6	1	35270 825
53	21338	0.6	1	20881 457
54	29172	0.6	1	28492 680
55	26840	0.6	1	26253 587
56	22267	0.6	1	21746 521
57	28145	0.6	1	27500 645
58	31354	0.6	1	30789 565
59	16088	0.6	1	15681 407
60	18105	0.6	1	17745 360
61	13514	0.6	1	13208 306
62	18605	0.6	1	18253 352
63	9969	0.6	1	9717 252
64	17144	0.6	1	16869 275
65	8292	0.6	1	8098 194
66	10546	0.6	1	10318 228
67	11442	0.6	1	11197 245
68	7774	0.6	1	7600 174
69	5546	0.6	1	5402 144
70	11074	0.6	1	10887 187
71	2250	0.6	1	2148 102
72	5585	0.6	1	5452 133
73	6080	0.6	1	5936 144
74	6149	0.6	1	6028 121
75	5972	0.6	1	5874 98
76	1747	0.6	1	1691 56
77	3256	0.6	1	3179 77
78	3603	0.6	1	3514 89
79	3275	0.6	1	3196 79
80	3177	0.6	1	3096 81
81	2732	0.6	1	2651 81
82	2427	0.6	1	2354 73
83	2270	0.6	1	2211 59
84	2044	0.6	1	1977 67
85	1863	0.6	1	1796 67
86	1811	0.6	1	1759 52
87	1701	0.6	1	1634 67
88	1535	0.6	1	1481 54
89	1392	0.6	1	1335 57
90	1267	0.6	1	1218 49
91	1159	0.6	1	1102 57
92	1134	0.6	1	1079 55
93	937	0.6	1	877 60
94	812	0.6	1	780 32
95	690	0.6	1	657 33
96	719	0.6	1	682 37
97	689	0.6	1	650 39
98	632	0.6	1	611 21
99	603	0.6	1	570 33
100	595	0.6	1	562 33
101	505	0.6	1	478 27
102	435	0.6	1	410 25
103	458	0.6	1	425 33
104	375	0.6	1	356 19
105	360	0.6	1	331 29
106	303	0.6	1	277 26
107	420	0.6	1	390 30
108	331	0.6	1	306 25
109	305	0.6	1	273 32
110	286	0.6	1	266 20
111	267	0.6	1	230 37
112	234	0.6	1	212 22
113	192	0.6	1	164 28
114	191	0.6	1	180 11
115	191	0.6	1	159 32
116	161	0.6	1	137 24
117	174	0.6	1	156 18
118	145	0.6	1	135 10
119	164	0.6	1	142 22
120	148	0.6	1	120 28
121	135	0.6	1	117 18
122	110	0.6	1	100 10
123	109	0.6	1	100 9
124	78	0.6	1	61 17
125	74	0.6	1	61 13
126	72	0.6	1	65 7
127	94	0.6	1	76 18
128	84	0.6	1	67 17
129	109	0.6	1	89 20
130	210	0.6	1	193 17
131	2169	0.6	1	1955 214
132	99	0.6	1	79 20
133	85	0.6	1	68 17
134	179	0.6	1	173 6
135	83	0.6	1	75 8
136	70	0.6	1	59 11
137	116	0.6	1	108 8
138	327	0.6	1	325 2
139	94	0.6	1	91 3
140	118	0.6	1	115 3
141	233	0.6	1	226 7
142	165	0.6	1	154 11
143	182	0.6	1	179 3
144	265	0.6	1	252 13
145	235	0.6	1	222 13
146	373	0.6	1	357 16
147	347	0.6	1	319 28
148	298	0.6	1	275 23
149	375	0.6	1	220 155
150	18897	0.6	1	12684 6213

RUN STATISTICS FOR INPUT FILE: /vortexfs1/omics/tepolt/raw_reads/C_maenas/Cm_yrv_2023/25-175_R2_001.fastq.gz
=============================================
37714009 sequences processed in total

Total number of sequences analysed for the sequence pair length validation: 37714009

Number of sequence pairs removed because at least one read was shorter than the length cutoff (20 bp): 528946 (1.40%)
