
SUMMARISING RUN PARAMETERS
==========================
Input filename: /vortexfs1/omics/tepolt/raw_reads/C_maenas/Cm_yrv_2023/25-120_R1_001.fastq.gz
Trimming mode: paired-end
Trim Galore version: 0.6.6
Cutadapt version: 3.5
Python version: could not detect
Number of cores used for trimming: 8
Quality Phred score cutoff: 20
Quality encoding type selected: ASCII+33
Adapter sequence: 'AGATCGGAAGAGC' (Illumina TruSeq, Sanger iPCR; user defined)
Maximum trimming error rate: 0.1 (default)
Minimum required adapter overlap (stringency): 1 bp
Minimum required sequence length for both reads before a sequence pair gets removed: 20 bp
Running FastQC on the data once trimming has completed
Running FastQC with the following extra arguments: --outdir /vortexfs1/scratch/yaamini.venkataraman/wc-green-crab/output/06b-trimgalore     --threads 28
Output file will be GZIP compressed


This is cutadapt 3.5 with Python 3.9.5
Command line parameters: -j 8 -e 0.1 -q 20 -O 1 -a AGATCGGAAGAGC /vortexfs1/omics/tepolt/raw_reads/C_maenas/Cm_yrv_2023/25-120_R1_001.fastq.gz
Processing reads on 8 cores in single-end mode ...
Finished in 124.63 s (2 µs/read; 27.07 M reads/minute).

=== Summary ===

Total reads processed:              56,223,361
Reads with adapters:                31,099,354 (55.3%)
Reads written (passing filters):    56,223,361 (100.0%)

Total basepairs processed: 8,433,504,150 bp
Quality-trimmed:              18,070,085 bp (0.2%)
Total written (filtered):  7,755,906,653 bp (92.0%)

=== Adapter 1 ===

Sequence: AGATCGGAAGAGC; Type: regular 3'; Length: 13; Trimmed: 31099354 times

Minimum overlap: 1
No. of allowed errors:
1-9 bp: 0; 10-13 bp: 1

Bases preceding removed adapters:
  A: 19.3%
  C: 28.3%
  G: 25.3%
  T: 24.0%
  none/other: 3.2%

Overview of removed sequences
length	count	expect	max.err	error counts
1	9629334	14055840.2	0	9629334
2	2777363	3513960.1	0	2777363
3	1319216	878490.0	0	1319216
4	505072	219622.5	0	505072
5	377924	54905.6	0	377924
6	340126	13726.4	0	340126
7	338708	3431.6	0	338708
8	332167	857.9	0	332167
9	325599	214.5	0	323252 2347
10	328028	53.6	1	321476 6552
11	325569	13.4	1	318727 6842
12	329746	3.4	1	322591 7155
13	339829	0.8	1	331649 8180
14	347473	0.8	1	339270 8203
15	363432	0.8	1	354480 8952
16	344229	0.8	1	336107 8122
17	340649	0.8	1	331775 8874
18	333379	0.8	1	325953 7426
19	335850	0.8	1	327860 7990
20	332806	0.8	1	324805 8001
21	325087	0.8	1	316894 8193
22	318931	0.8	1	311551 7380
23	324866	0.8	1	317071 7795
24	321165	0.8	1	313572 7593
25	324062	0.8	1	316028 8034
26	319623	0.8	1	311831 7792
27	315337	0.8	1	307641 7696
28	308538	0.8	1	300644 7894
29	295760	0.8	1	288799 6961
30	287063	0.8	1	280594 6469
31	292272	0.8	1	285479 6793
32	293769	0.8	1	286498 7271
33	289846	0.8	1	282583 7263
34	287022	0.8	1	279798 7224
35	282685	0.8	1	275269 7416
36	280263	0.8	1	272894 7369
37	268989	0.8	1	262327 6662
38	275328	0.8	1	267985 7343
39	257394	0.8	1	250741 6653
40	253440	0.8	1	247074 6366
41	241121	0.8	1	234796 6325
42	236931	0.8	1	230682 6249
43	229170	0.8	1	222158 7012
44	308335	0.8	1	299711 8624
45	201804	0.8	1	195888 5916
46	266746	0.8	1	261956 4790
47	132748	0.8	1	124246 8502
48	615611	0.8	1	607686 7925
49	200846	0.8	1	196833 4013
50	54023	0.8	1	51182 2841
51	154451	0.8	1	151555 2896
52	151756	0.8	1	149626 2130
53	61673	0.8	1	58910 2763
54	195124	0.8	1	193453 1671
55	42193	0.8	1	40272 1921
56	105392	0.8	1	103956 1436
57	62657	0.8	1	61091 1566
58	82124	0.8	1	79106 3018
59	210867	0.8	1	208679 2188
60	54288	0.8	1	51953 2335
61	124996	0.8	1	123837 1159
62	11076	0.8	1	10309 767
63	20438	0.8	1	19616 822
64	53481	0.8	1	51675 1806
65	136515	0.8	1	135462 1053
66	7785	0.8	1	7222 563
67	5242	0.8	1	4714 528
68	35471	0.8	1	34719 752
69	37972	0.8	1	37197 775
70	39930	0.8	1	39233 697
71	30362	0.8	1	29913 449
72	12243	0.8	1	11938 305
73	9670	0.8	1	9263 407
74	23552	0.8	1	23041 511
75	25257	0.8	1	24756 501
76	24992	0.8	1	24449 543
77	23094	0.8	1	22549 545
78	21254	0.8	1	20754 500
79	19375	0.8	1	18946 429
80	17620	0.8	1	17187 433
81	15706	0.8	1	15307 399
82	14316	0.8	1	13925 391
83	12981	0.8	1	12613 368
84	11571	0.8	1	11271 300
85	11197	0.8	1	10930 267
86	10591	0.8	1	10298 293
87	9697	0.8	1	9449 248
88	9092	0.8	1	8854 238
89	8358	0.8	1	8112 246
90	7662	0.8	1	7451 211
91	6982	0.8	1	6775 207
92	6467	0.8	1	6256 211
93	5676	0.8	1	5481 195
94	5115	0.8	1	4962 153
95	4742	0.8	1	4607 135
96	4461	0.8	1	4317 144
97	4263	0.8	1	4152 111
98	4137	0.8	1	3999 138
99	3816	0.8	1	3704 112
100	3322	0.8	1	3204 118
101	2933	0.8	1	2826 107
102	2601	0.8	1	2490 111
103	2529	0.8	1	2433 96
104	2196	0.8	1	2100 96
105	1965	0.8	1	1896 69
106	2002	0.8	1	1917 85
107	2083	0.8	1	2006 77
108	1885	0.8	1	1812 73
109	1649	0.8	1	1569 80
110	1589	0.8	1	1500 89
111	1574	0.8	1	1381 193
112	1278	0.8	1	1109 169
113	1158	0.8	1	999 159
114	986	0.8	1	886 100
115	911	0.8	1	802 109
116	751	0.8	1	683 68
117	734	0.8	1	676 58
118	743	0.8	1	681 62
119	686	0.8	1	632 54
120	781	0.8	1	728 53
121	826	0.8	1	776 50
122	649	0.8	1	597 52
123	440	0.8	1	410 30
124	323	0.8	1	282 41
125	244	0.8	1	195 49
126	303	0.8	1	248 55
127	282	0.8	1	228 54
128	323	0.8	1	252 71
129	328	0.8	1	240 88
130	1077	0.8	1	915 162
131	29649	0.8	1	29057 592
132	418	0.8	1	327 91
133	358	0.8	1	267 91
134	660	0.8	1	551 109
135	473	0.8	1	352 121
136	372	0.8	1	267 105
137	469	0.8	1	348 121
138	811	0.8	1	682 129
139	498	0.8	1	379 119
140	538	0.8	1	411 127
141	1025	0.8	1	868 157
142	612	0.8	1	450 162
143	822	0.8	1	649 173
144	1027	0.8	1	763 264
145	1017	0.8	1	738 279
146	1198	0.8	1	914 284
147	1482	0.8	1	897 585
148	1512	0.8	1	732 780
149	15120	0.8	1	487 14633
150	969188	0.8	1	14308 954880

RUN STATISTICS FOR INPUT FILE: /vortexfs1/omics/tepolt/raw_reads/C_maenas/Cm_yrv_2023/25-120_R1_001.fastq.gz
=============================================
56223361 sequences processed in total

