
SUMMARISING RUN PARAMETERS
==========================
Input filename: /vortexfs1/omics/tepolt/raw_reads/C_maenas/Cm_yrv_2023/25-167_R2_001.fastq.gz
Trimming mode: paired-end
Trim Galore version: 0.6.6
Cutadapt version: 3.5
Python version: could not detect
Number of cores used for trimming: 8
Quality Phred score cutoff: 20
Quality encoding type selected: ASCII+33
Adapter sequence: 'AGATCGGAAGAGC' (Illumina TruSeq, Sanger iPCR; user defined)
Maximum trimming error rate: 0.1 (default)
Minimum required adapter overlap (stringency): 1 bp
Minimum required sequence length for both reads before a sequence pair gets removed: 20 bp
Running FastQC on the data once trimming has completed
Running FastQC with the following extra arguments: --outdir /vortexfs1/scratch/yaamini.venkataraman/wc-green-crab/output/06b-trimgalore     --threads 28
Output file will be GZIP compressed


This is cutadapt 3.5 with Python 3.9.5
Command line parameters: -j 8 -e 0.1 -q 20 -O 1 -a AGATCGGAAGAGC /vortexfs1/omics/tepolt/raw_reads/C_maenas/Cm_yrv_2023/25-167_R2_001.fastq.gz
Processing reads on 8 cores in single-end mode ...
Finished in 89.11 s (2 µs/read; 25.20 M reads/minute).

=== Summary ===

Total reads processed:              37,431,573
Reads with adapters:                19,710,795 (52.7%)
Reads written (passing filters):    37,431,573 (100.0%)

Total basepairs processed: 5,614,735,950 bp
Quality-trimmed:              31,967,317 bp (0.6%)
Total written (filtered):  5,299,114,488 bp (94.4%)

=== Adapter 1 ===

Sequence: AGATCGGAAGAGC; Type: regular 3'; Length: 13; Trimmed: 19710795 times

Minimum overlap: 1
No. of allowed errors:
1-9 bp: 0; 10-13 bp: 1

Bases preceding removed adapters:
  A: 23.3%
  C: 32.5%
  G: 26.2%
  T: 17.9%
  none/other: 0.1%

Overview of removed sequences
length	count	expect	max.err	error counts
1	7440179	9357893.2	0	7440179
2	1976583	2339473.3	0	1976583
3	750078	584868.3	0	750078
4	347987	146217.1	0	347987
5	255211	36554.3	0	255211
6	228860	9138.6	0	228860
7	226963	2284.6	0	226963
8	217064	571.2	0	217064
9	211089	142.8	0	210259 830
10	213966	35.7	1	209659 4307
11	207299	8.9	1	202901 4398
12	217907	2.2	1	212578 5329
13	215048	0.6	1	210242 4806
14	229787	0.6	1	223681 6106
15	247533	0.6	1	240865 6668
16	214130	0.6	1	208500 5630
17	218003	0.6	1	211582 6421
18	211948	0.6	1	205360 6588
19	232041	0.6	1	224224 7817
20	210076	0.6	1	204180 5896
21	185275	0.6	1	180110 5165
22	186851	0.6	1	181633 5218
23	194179	0.6	1	188578 5601
24	208138	0.6	1	201162 6976
25	180729	0.6	1	175572 5157
26	189598	0.6	1	183900 5698
27	206673	0.6	1	200402 6271
28	168180	0.6	1	163580 4600
29	164070	0.6	1	159699 4371
30	164564	0.6	1	160422 4142
31	156608	0.6	1	153044 3564
32	162391	0.6	1	158233 4158
33	171991	0.6	1	167450 4541
34	154006	0.6	1	150298 3708
35	163149	0.6	1	158592 4557
36	168524	0.6	1	164338 4186
37	142372	0.6	1	138779 3593
38	144683	0.6	1	141256 3427
39	162731	0.6	1	158843 3888
40	124849	0.6	1	121874 2975
41	132282	0.6	1	129169 3113
42	113284	0.6	1	110709 2575
43	118340	0.6	1	115432 2908
44	109960	0.6	1	107357 2603
45	125395	0.6	1	121966 3429
46	104915	0.6	1	102307 2608
47	93921	0.6	1	91620 2301
48	105936	0.6	1	103394 2542
49	88120	0.6	1	85997 2123
50	81441	0.6	1	79478 1963
51	79208	0.6	1	77063 2145
52	80345	0.6	1	78320 2025
53	65732	0.6	1	64258 1474
54	68554	0.6	1	66798 1756
55	68987	0.6	1	67132 1855
56	58411	0.6	1	57040 1371
57	63466	0.6	1	61775 1691
58	68826	0.6	1	67235 1591
59	43905	0.6	1	42794 1111
60	52350	0.6	1	51271 1079
61	45638	0.6	1	44644 994
62	43734	0.6	1	42728 1006
63	35390	0.6	1	34645 745
64	39363	0.6	1	38503 860
65	28239	0.6	1	27660 579
66	28629	0.6	1	27967 662
67	28206	0.6	1	27587 619
68	23709	0.6	1	23191 518
69	18966	0.6	1	18553 413
70	24478	0.6	1	23988 490
71	10880	0.6	1	10598 282
72	13952	0.6	1	13657 295
73	14290	0.6	1	13988 302
74	14136	0.6	1	13823 313
75	13880	0.6	1	13654 226
76	3950	0.6	1	3818 132
77	8603	0.6	1	8424 179
78	8480	0.6	1	8316 164
79	7653	0.6	1	7474 179
80	6828	0.6	1	6659 169
81	6294	0.6	1	6123 171
82	5407	0.6	1	5267 140
83	4764	0.6	1	4610 154
84	4286	0.6	1	4154 132
85	4060	0.6	1	3908 152
86	3835	0.6	1	3727 108
87	3492	0.6	1	3402 90
88	3253	0.6	1	3157 96
89	2886	0.6	1	2797 89
90	2656	0.6	1	2572 84
91	2351	0.6	1	2283 68
92	2184	0.6	1	2121 63
93	2119	0.6	1	2049 70
94	1683	0.6	1	1636 47
95	1495	0.6	1	1448 47
96	1338	0.6	1	1291 47
97	1399	0.6	1	1351 48
98	1241	0.6	1	1198 43
99	1152	0.6	1	1099 53
100	990	0.6	1	955 35
101	924	0.6	1	884 40
102	848	0.6	1	823 25
103	838	0.6	1	798 40
104	727	0.6	1	689 38
105	694	0.6	1	666 28
106	637	0.6	1	608 29
107	702	0.6	1	664 38
108	692	0.6	1	659 33
109	501	0.6	1	478 23
110	536	0.6	1	511 25
111	448	0.6	1	432 16
112	415	0.6	1	393 22
113	345	0.6	1	323 22
114	323	0.6	1	298 25
115	327	0.6	1	297 30
116	291	0.6	1	268 23
117	260	0.6	1	239 21
118	289	0.6	1	271 18
119	261	0.6	1	239 22
120	318	0.6	1	277 41
121	382	0.6	1	313 69
122	262	0.6	1	241 21
123	169	0.6	1	151 18
124	127	0.6	1	111 16
125	95	0.6	1	83 12
126	84	0.6	1	75 9
127	99	0.6	1	86 13
128	124	0.6	1	105 19
129	117	0.6	1	97 20
130	388	0.6	1	323 65
131	13666	0.6	1	12594 1072
132	133	0.6	1	110 23
133	138	0.6	1	119 19
134	199	0.6	1	194 5
135	133	0.6	1	125 8
136	141	0.6	1	135 6
137	146	0.6	1	143 3
138	299	0.6	1	287 12
139	173	0.6	1	159 14
140	220	0.6	1	211 9
141	420	0.6	1	411 9
142	252	0.6	1	249 3
143	350	0.6	1	343 7
144	437	0.6	1	425 12
145	419	0.6	1	414 5
146	607	0.6	1	590 17
147	554	0.6	1	531 23
148	497	0.6	1	470 27
149	276	0.6	1	218 58
150	8932	0.6	1	7343 1589

RUN STATISTICS FOR INPUT FILE: /vortexfs1/omics/tepolt/raw_reads/C_maenas/Cm_yrv_2023/25-167_R2_001.fastq.gz
=============================================
37431573 sequences processed in total

Total number of sequences analysed for the sequence pair length validation: 37431573

Number of sequence pairs removed because at least one read was shorter than the length cutoff (20 bp): 528868 (1.41%)
