
SUMMARISING RUN PARAMETERS
==========================
Input filename: /vortexfs1/omics/tepolt/raw_reads/C_maenas/Cm_yrv_2023/25-195_R2_001.fastq.gz
Trimming mode: paired-end
Trim Galore version: 0.6.6
Cutadapt version: 3.5
Python version: could not detect
Number of cores used for trimming: 8
Quality Phred score cutoff: 20
Quality encoding type selected: ASCII+33
Adapter sequence: 'AGATCGGAAGAGC' (Illumina TruSeq, Sanger iPCR; user defined)
Maximum trimming error rate: 0.1 (default)
Minimum required adapter overlap (stringency): 1 bp
Minimum required sequence length for both reads before a sequence pair gets removed: 20 bp
Running FastQC on the data once trimming has completed
Running FastQC with the following extra arguments: --outdir /vortexfs1/scratch/yaamini.venkataraman/wc-green-crab/output/06b-trimgalore     --threads 28
Output file will be GZIP compressed


This is cutadapt 3.5 with Python 3.9.5
Command line parameters: -j 8 -e 0.1 -q 20 -O 1 -a AGATCGGAAGAGC /vortexfs1/omics/tepolt/raw_reads/C_maenas/Cm_yrv_2023/25-195_R2_001.fastq.gz
Processing reads on 8 cores in single-end mode ...
Finished in 79.37 s (2 µs/read; 25.77 M reads/minute).

=== Summary ===

Total reads processed:              34,083,306
Reads with adapters:                17,511,347 (51.4%)
Reads written (passing filters):    34,083,306 (100.0%)

Total basepairs processed: 5,112,495,900 bp
Quality-trimmed:              15,137,181 bp (0.3%)
Total written (filtered):  4,840,553,359 bp (94.7%)

=== Adapter 1 ===

Sequence: AGATCGGAAGAGC; Type: regular 3'; Length: 13; Trimmed: 17511347 times

Minimum overlap: 1
No. of allowed errors:
1-9 bp: 0; 10-13 bp: 1

Bases preceding removed adapters:
  A: 22.5%
  C: 32.3%
  G: 26.8%
  T: 18.3%
  none/other: 0.1%

Overview of removed sequences
length	count	expect	max.err	error counts
1	6558929	8520826.5	0	6558929
2	1834927	2130206.6	0	1834927
3	699890	532551.7	0	699890
4	308275	133137.9	0	308275
5	227322	33284.5	0	227322
6	199424	8321.1	0	199424
7	198639	2080.3	0	198639
8	189841	520.1	0	189841
9	185855	130.0	0	185130 725
10	189687	32.5	1	186013 3674
11	186424	8.1	1	182817 3607
12	193021	2.0	1	188571 4450
13	184767	0.5	1	181134 3633
14	188859	0.5	1	184218 4641
15	200053	0.5	1	195154 4899
16	179291	0.5	1	175315 3976
17	186229	0.5	1	180883 5346
18	182249	0.5	1	177240 5009
19	199353	0.5	1	193018 6335
20	178568	0.5	1	173957 4611
21	157996	0.5	1	154183 3813
22	160528	0.5	1	156497 4031
23	167503	0.5	1	163188 4315
24	181135	0.5	1	175503 5632
25	158052	0.5	1	153994 4058
26	163595	0.5	1	159167 4428
27	175400	0.5	1	170591 4809
28	149519	0.5	1	145574 3945
29	145403	0.5	1	141825 3578
30	151439	0.5	1	147754 3685
31	132928	0.5	1	130179 2749
32	145181	0.5	1	141867 3314
33	136025	0.5	1	133110 2915
34	169780	0.5	1	165733 4047
35	108922	0.5	1	106570 2352
36	140850	0.5	1	137695 3155
37	128309	0.5	1	125441 2868
38	128784	0.5	1	126254 2530
39	110290	0.5	1	108150 2140
40	145411	0.5	1	142315 3096
41	90535	0.5	1	88497 2038
42	105122	0.5	1	102973 2149
43	110741	0.5	1	108246 2495
44	97971	0.5	1	95797 2174
45	116551	0.5	1	113771 2780
46	87801	0.5	1	85722 2079
47	86082	0.5	1	84179 1903
48	95514	0.5	1	93480 2034
49	82227	0.5	1	80372 1855
50	75507	0.5	1	73858 1649
51	73085	0.5	1	71207 1878
52	76679	0.5	1	74854 1825
53	61114	0.5	1	59807 1307
54	63635	0.5	1	62166 1469
55	63415	0.5	1	61903 1512
56	55234	0.5	1	54025 1209
57	58969	0.5	1	57496 1473
58	62368	0.5	1	61048 1320
59	42635	0.5	1	41692 943
60	46771	0.5	1	45893 878
61	39484	0.5	1	38743 741
62	40072	0.5	1	39259 813
63	31857	0.5	1	31247 610
64	37837	0.5	1	37051 786
65	28046	0.5	1	27499 547
66	28296	0.5	1	27771 525
67	29027	0.5	1	28474 553
68	23021	0.5	1	22592 429
69	19152	0.5	1	18788 364
70	25562	0.5	1	25099 463
71	11609	0.5	1	11309 300
72	15267	0.5	1	14948 319
73	15142	0.5	1	14816 326
74	15213	0.5	1	14862 351
75	15619	0.5	1	15387 232
76	5115	0.5	1	4961 154
77	9447	0.5	1	9268 179
78	9150	0.5	1	8947 203
79	8651	0.5	1	8433 218
80	7610	0.5	1	7445 165
81	6894	0.5	1	6722 172
82	6309	0.5	1	6162 147
83	5491	0.5	1	5355 136
84	4915	0.5	1	4766 149
85	4661	0.5	1	4513 148
86	4496	0.5	1	4368 128
87	3974	0.5	1	3847 127
88	3660	0.5	1	3545 115
89	3591	0.5	1	3480 111
90	3334	0.5	1	3235 99
91	2876	0.5	1	2793 83
92	2734	0.5	1	2663 71
93	2358	0.5	1	2276 82
94	2153	0.5	1	2078 75
95	1800	0.5	1	1740 60
96	1819	0.5	1	1764 55
97	1721	0.5	1	1654 67
98	1685	0.5	1	1611 74
99	1470	0.5	1	1424 46
100	1393	0.5	1	1351 42
101	1242	0.5	1	1183 59
102	1108	0.5	1	1062 46
103	1057	0.5	1	1017 40
104	913	0.5	1	870 43
105	884	0.5	1	834 50
106	803	0.5	1	760 43
107	775	0.5	1	734 41
108	706	0.5	1	677 29
109	765	0.5	1	729 36
110	698	0.5	1	665 33
111	643	0.5	1	608 35
112	562	0.5	1	521 41
113	485	0.5	1	454 31
114	470	0.5	1	435 35
115	402	0.5	1	380 22
116	370	0.5	1	347 23
117	324	0.5	1	304 20
118	311	0.5	1	294 17
119	279	0.5	1	254 25
120	295	0.5	1	276 19
121	283	0.5	1	256 27
122	232	0.5	1	212 20
123	245	0.5	1	212 33
124	158	0.5	1	142 16
125	149	0.5	1	134 15
126	136	0.5	1	110 26
127	144	0.5	1	122 22
128	136	0.5	1	117 19
129	163	0.5	1	147 16
130	282	0.5	1	246 36
131	1001	0.5	1	915 86
132	191	0.5	1	159 32
133	194	0.5	1	166 28
134	475	0.5	1	456 19
135	274	0.5	1	258 16
136	174	0.5	1	164 10
137	233	0.5	1	224 9
138	672	0.5	1	660 12
139	270	0.5	1	265 5
140	264	0.5	1	258 6
141	768	0.5	1	750 18
142	386	0.5	1	376 10
143	497	0.5	1	484 13
144	524	0.5	1	510 14
145	445	0.5	1	439 6
146	598	0.5	1	584 14
147	602	0.5	1	570 32
148	856	0.5	1	827 29
149	549	0.5	1	449 100
150	24234	0.5	1	21543 2691

RUN STATISTICS FOR INPUT FILE: /vortexfs1/omics/tepolt/raw_reads/C_maenas/Cm_yrv_2023/25-195_R2_001.fastq.gz
=============================================
34083306 sequences processed in total

Total number of sequences analysed for the sequence pair length validation: 34083306

Number of sequence pairs removed because at least one read was shorter than the length cutoff (20 bp): 877674 (2.58%)
