
SUMMARISING RUN PARAMETERS
==========================
Input filename: /vortexfs1/omics/tepolt/raw_reads/C_maenas/Cm_yrv_2023/25-114_R2_001.fastq.gz
Trimming mode: paired-end
Trim Galore version: 0.6.6
Cutadapt version: 3.5
Python version: could not detect
Number of cores used for trimming: 8
Quality Phred score cutoff: 20
Quality encoding type selected: ASCII+33
Adapter sequence: 'AGATCGGAAGAGC' (Illumina TruSeq, Sanger iPCR; user defined)
Maximum trimming error rate: 0.1 (default)
Minimum required adapter overlap (stringency): 1 bp
Minimum required sequence length for both reads before a sequence pair gets removed: 20 bp
Running FastQC on the data once trimming has completed
Running FastQC with the following extra arguments: --outdir /vortexfs1/scratch/yaamini.venkataraman/wc-green-crab/output/06b-trimgalore     --threads 28
Output file will be GZIP compressed


This is cutadapt 3.5 with Python 3.9.5
Command line parameters: -j 8 -e 0.1 -q 20 -O 1 -a AGATCGGAAGAGC /vortexfs1/omics/tepolt/raw_reads/C_maenas/Cm_yrv_2023/25-114_R2_001.fastq.gz
Processing reads on 8 cores in single-end mode ...
Finished in 151.88 s (2 µs/read; 26.81 M reads/minute).

=== Summary ===

Total reads processed:              67,866,400
Reads with adapters:                30,344,915 (44.7%)
Reads written (passing filters):    67,866,400 (100.0%)

Total basepairs processed: 10,179,960,000 bp
Quality-trimmed:              28,084,934 bp (0.3%)
Total written (filtered):  9,877,141,219 bp (97.0%)

=== Adapter 1 ===

Sequence: AGATCGGAAGAGC; Type: regular 3'; Length: 13; Trimmed: 30344915 times

Minimum overlap: 1
No. of allowed errors:
1-9 bp: 0; 10-13 bp: 1

Bases preceding removed adapters:
  A: 26.8%
  C: 28.3%
  G: 24.2%
  T: 20.7%
  none/other: 0.1%

Overview of removed sequences
length	count	expect	max.err	error counts
1	15607518	16966600.0	0	15607518
2	4034372	4241650.0	0	4034372
3	1413506	1060412.5	0	1413506
4	553983	265103.1	0	553983
5	335465	66275.8	0	335465
6	279605	16568.9	0	279605
7	270767	4142.2	0	270767
8	259279	1035.6	0	259279
9	247005	258.9	0	245804 1201
10	248852	64.7	1	244005 4847
11	240911	16.2	1	235953 4958
12	244928	4.0	1	239391 5537
13	231684	1.0	1	227326 4358
14	237764	1.0	1	232138 5626
15	250707	1.0	1	244849 5858
16	223723	1.0	1	218743 4980
17	227362	1.0	1	221092 6270
18	221887	1.0	1	215806 6081
19	242495	1.0	1	235185 7310
20	215682	1.0	1	210471 5211
21	183557	1.0	1	179113 4444
22	182474	1.0	1	177912 4562
23	190073	1.0	1	185148 4925
24	201503	1.0	1	195368 6135
25	173455	1.0	1	168955 4500
26	179488	1.0	1	174553 4935
27	189448	1.0	1	184350 5098
28	157266	1.0	1	153194 4072
29	152444	1.0	1	148713 3731
30	153645	1.0	1	149988 3657
31	131982	1.0	1	129424 2558
32	144694	1.0	1	141506 3188
33	136128	1.0	1	133255 2873
34	164551	1.0	1	160707 3844
35	103989	1.0	1	101829 2160
36	131974	1.0	1	129033 2941
37	119215	1.0	1	116708 2507
38	119108	1.0	1	116826 2282
39	100094	1.0	1	98275 1819
40	127560	1.0	1	124836 2724
41	79019	1.0	1	77329 1690
42	88060	1.0	1	86201 1859
43	91718	1.0	1	89612 2106
44	81260	1.0	1	79575 1685
45	95536	1.0	1	93289 2247
46	70750	1.0	1	69067 1683
47	68662	1.0	1	67171 1491
48	75016	1.0	1	73396 1620
49	63133	1.0	1	61821 1312
50	57079	1.0	1	55848 1231
51	54441	1.0	1	53107 1334
52	55609	1.0	1	54246 1363
53	43539	1.0	1	42664 875
54	44702	1.0	1	43687 1015
55	45184	1.0	1	44040 1144
56	38702	1.0	1	37848 854
57	40256	1.0	1	39286 970
58	39677	1.0	1	38810 867
59	31326	1.0	1	30637 689
60	29711	1.0	1	29105 606
61	27529	1.0	1	26941 588
62	28273	1.0	1	27684 589
63	20791	1.0	1	20394 397
64	25374	1.0	1	24877 497
65	17788	1.0	1	17411 377
66	18478	1.0	1	18087 391
67	18656	1.0	1	18264 392
68	14931	1.0	1	14605 326
69	12030	1.0	1	11765 265
70	16132	1.0	1	15818 314
71	7432	1.0	1	7245 187
72	9648	1.0	1	9433 215
73	9770	1.0	1	9512 258
74	9250	1.0	1	9001 249
75	9795	1.0	1	9594 201
76	3167	1.0	1	3024 143
77	6183	1.0	1	6010 173
78	6235	1.0	1	6059 176
79	5620	1.0	1	5414 206
80	5233	1.0	1	4989 244
81	5248	1.0	1	4878 370
82	5810	1.0	1	4953 857
83	5113	1.0	1	4580 533
84	3705	1.0	1	3476 229
85	3257	1.0	1	2999 258
86	3061	1.0	1	2904 157
87	3102	1.0	1	2965 137
88	2714	1.0	1	2594 120
89	2612	1.0	1	2491 121
90	2450	1.0	1	2347 103
91	2265	1.0	1	2157 108
92	1987	1.0	1	1892 95
93	1824	1.0	1	1724 100
94	1624	1.0	1	1542 82
95	1453	1.0	1	1362 91
96	1363	1.0	1	1289 74
97	1367	1.0	1	1246 121
98	1441	1.0	1	1322 119
99	1540	1.0	1	1433 107
100	1264	1.0	1	1169 95
101	1084	1.0	1	1001 83
102	984	1.0	1	916 68
103	995	1.0	1	903 92
104	909	1.0	1	827 82
105	860	1.0	1	760 100
106	946	1.0	1	840 106
107	2853	1.0	1	2755 98
108	863	1.0	1	730 133
109	1026	1.0	1	936 90
110	733	1.0	1	638 95
111	863	1.0	1	751 112
112	711	1.0	1	600 111
113	756	1.0	1	658 98
114	685	1.0	1	596 89
115	794	1.0	1	654 140
116	766	1.0	1	633 133
117	843	1.0	1	706 137
118	805	1.0	1	657 148
119	833	1.0	1	651 182
120	957	1.0	1	750 207
121	1725	1.0	1	1273 452
122	759	1.0	1	630 129
123	447	1.0	1	403 44
124	284	1.0	1	243 41
125	263	1.0	1	217 46
126	255	1.0	1	212 43
127	277	1.0	1	210 67
128	385	1.0	1	280 105
129	416	1.0	1	305 111
130	3721	1.0	1	3089 632
131	142325	1.0	1	132061 10264
132	1281	1.0	1	1183 98
133	375	1.0	1	332 43
134	486	1.0	1	458 28
135	360	1.0	1	344 16
136	176	1.0	1	156 20
137	213	1.0	1	200 13
138	444	1.0	1	428 16
139	162	1.0	1	153 9
140	191	1.0	1	185 6
141	435	1.0	1	417 18
142	201	1.0	1	187 14
143	315	1.0	1	309 6
144	287	1.0	1	275 12
145	228	1.0	1	210 18
146	303	1.0	1	297 6
147	346	1.0	1	299 47
148	409	1.0	1	376 33
149	545	1.0	1	390 155
150	18997	1.0	1	15217 3780

RUN STATISTICS FOR INPUT FILE: /vortexfs1/omics/tepolt/raw_reads/C_maenas/Cm_yrv_2023/25-114_R2_001.fastq.gz
=============================================
67866400 sequences processed in total

Total number of sequences analysed for the sequence pair length validation: 67866400

Number of sequence pairs removed because at least one read was shorter than the length cutoff (20 bp): 1215420 (1.79%)
