
SUMMARISING RUN PARAMETERS
==========================
Input filename: /vortexfs1/omics/tepolt/raw_reads/C_maenas/Cm_yrv_2023/25-112_R2_001.fastq.gz
Trimming mode: paired-end
Trim Galore version: 0.6.6
Cutadapt version: 3.5
Python version: could not detect
Number of cores used for trimming: 8
Quality Phred score cutoff: 20
Quality encoding type selected: ASCII+33
Adapter sequence: 'AGATCGGAAGAGC' (Illumina TruSeq, Sanger iPCR; user defined)
Maximum trimming error rate: 0.1 (default)
Minimum required adapter overlap (stringency): 1 bp
Minimum required sequence length for both reads before a sequence pair gets removed: 20 bp
Running FastQC on the data once trimming has completed
Running FastQC with the following extra arguments: --outdir /vortexfs1/scratch/yaamini.venkataraman/wc-green-crab/output/06b-trimgalore     --threads 28
Output file will be GZIP compressed


This is cutadapt 3.5 with Python 3.9.5
Command line parameters: -j 8 -e 0.1 -q 20 -O 1 -a AGATCGGAAGAGC /vortexfs1/omics/tepolt/raw_reads/C_maenas/Cm_yrv_2023/25-112_R2_001.fastq.gz
Processing reads on 8 cores in single-end mode ...
Finished in 112.07 s (2 µs/read; 25.14 M reads/minute).

=== Summary ===

Total reads processed:              46,964,893
Reads with adapters:                19,755,005 (42.1%)
Reads written (passing filters):    46,964,893 (100.0%)

Total basepairs processed: 7,044,733,950 bp
Quality-trimmed:              20,612,217 bp (0.3%)
Total written (filtered):  6,897,873,622 bp (97.9%)

=== Adapter 1 ===

Sequence: AGATCGGAAGAGC; Type: regular 3'; Length: 13; Trimmed: 19755005 times

Minimum overlap: 1
No. of allowed errors:
1-9 bp: 0; 10-13 bp: 1

Bases preceding removed adapters:
  A: 28.5%
  C: 26.6%
  G: 24.4%
  T: 20.5%
  none/other: 0.0%

Overview of removed sequences
length	count	expect	max.err	error counts
1	11347144	11741223.2	0	11347144
2	2964626	2935305.8	0	2964626
3	1009840	733826.5	0	1009840
4	343628	183456.6	0	343628
5	190505	45864.2	0	190505
6	144607	11466.0	0	144607
7	138269	2866.5	0	138269
8	130091	716.6	0	130091
9	123381	179.2	0	122582 799
10	123900	44.8	1	121012 2888
11	119667	11.2	1	116690 2977
12	120800	2.8	1	117799 3001
13	113031	0.7	1	110654 2377
14	114598	0.7	1	111640 2958
15	121888	0.7	1	118865 3023
16	106844	0.7	1	104261 2583
17	109336	0.7	1	106193 3143
18	106269	0.7	1	103145 3124
19	114216	0.7	1	110357 3859
20	101927	0.7	1	99222 2705
21	86824	0.7	1	84558 2266
22	87954	0.7	1	85489 2465
23	91095	0.7	1	88535 2560
24	96058	0.7	1	92925 3133
25	82710	0.7	1	80410 2300
26	84501	0.7	1	82013 2488
27	87090	0.7	1	84611 2479
28	73525	0.7	1	71468 2057
29	72296	0.7	1	70445 1851
30	72221	0.7	1	70385 1836
31	59502	0.7	1	58310 1192
32	65627	0.7	1	63963 1664
33	67427	0.7	1	65868 1559
34	56113	0.7	1	54735 1378
35	58129	0.7	1	56788 1341
36	69379	0.7	1	67627 1752
37	55458	0.7	1	54138 1320
38	52675	0.7	1	51657 1018
39	38753	0.7	1	37958 795
40	44084	0.7	1	43165 919
41	44270	0.7	1	43225 1045
42	43369	0.7	1	42155 1214
43	42853	0.7	1	41885 968
44	35181	0.7	1	34350 831
45	48731	0.7	1	47562 1169
46	28232	0.7	1	27443 789
47	28624	0.7	1	27934 690
48	34859	0.7	1	34134 725
49	26153	0.7	1	25527 626
50	24484	0.7	1	23877 607
51	23321	0.7	1	22739 582
52	26219	0.7	1	25541 678
53	17317	0.7	1	16904 413
54	20188	0.7	1	19698 490
55	19580	0.7	1	19079 501
56	16348	0.7	1	15939 409
57	18093	0.7	1	17627 466
58	17946	0.7	1	17555 391
59	13458	0.7	1	13151 307
60	12611	0.7	1	12299 312
61	10505	0.7	1	10241 264
62	12489	0.7	1	12227 262
63	7839	0.7	1	7639 200
64	11255	0.7	1	11008 247
65	6738	0.7	1	6556 182
66	7519	0.7	1	7363 156
67	7862	0.7	1	7675 187
68	5714	0.7	1	5566 148
69	4693	0.7	1	4540 153
70	7651	0.7	1	7474 177
71	2312	0.7	1	2203 109
72	4010	0.7	1	3897 113
73	4105	0.7	1	3974 131
74	4044	0.7	1	3917 127
75	4201	0.7	1	4120 81
76	1413	0.7	1	1357 56
77	2411	0.7	1	2341 70
78	2602	0.7	1	2507 95
79	2472	0.7	1	2367 105
80	2231	0.7	1	2138 93
81	2122	0.7	1	2031 91
82	1852	0.7	1	1750 102
83	1781	0.7	1	1711 70
84	1525	0.7	1	1444 81
85	1475	0.7	1	1395 80
86	1410	0.7	1	1339 71
87	1384	0.7	1	1297 87
88	1208	0.7	1	1157 51
89	1195	0.7	1	1128 67
90	1113	0.7	1	1057 56
91	1039	0.7	1	985 54
92	917	0.7	1	849 68
93	782	0.7	1	733 49
94	734	0.7	1	700 34
95	710	0.7	1	666 44
96	653	0.7	1	606 47
97	642	0.7	1	592 50
98	672	0.7	1	618 54
99	673	0.7	1	627 46
100	596	0.7	1	546 50
101	557	0.7	1	520 37
102	1101	0.7	1	922 179
103	560	0.7	1	487 73
104	456	0.7	1	424 32
105	403	0.7	1	359 44
106	461	0.7	1	389 72
107	623	0.7	1	536 87
108	1457	0.7	1	1049 408
109	365	0.7	1	319 46
110	502	0.7	1	414 88
111	304	0.7	1	274 30
112	342	0.7	1	289 53
113	313	0.7	1	276 37
114	425	0.7	1	337 88
115	705	0.7	1	556 149
116	537	0.7	1	417 120
117	474	0.7	1	385 89
118	292	0.7	1	253 39
119	335	0.7	1	265 70
120	909	0.7	1	652 257
121	441	0.7	1	326 115
122	903	0.7	1	761 142
123	198	0.7	1	168 30
124	107	0.7	1	88 19
125	129	0.7	1	112 17
126	99	0.7	1	88 11
127	145	0.7	1	130 15
128	146	0.7	1	117 29
129	149	0.7	1	115 34
130	382	0.7	1	315 67
131	6894	0.7	1	6271 623
132	201	0.7	1	181 20
133	110	0.7	1	98 12
134	272	0.7	1	259 13
135	127	0.7	1	120 7
136	116	0.7	1	102 14
137	137	0.7	1	127 10
138	154	0.7	1	148 6
139	135	0.7	1	128 7
140	146	0.7	1	136 10
141	247	0.7	1	237 10
142	162	0.7	1	158 4
143	196	0.7	1	192 4
144	222	0.7	1	214 8
145	267	0.7	1	253 14
146	282	0.7	1	271 11
147	283	0.7	1	256 27
148	224	0.7	1	211 13
149	218	0.7	1	173 45
150	8418	0.7	1	7464 954

RUN STATISTICS FOR INPUT FILE: /vortexfs1/omics/tepolt/raw_reads/C_maenas/Cm_yrv_2023/25-112_R2_001.fastq.gz
=============================================
46964893 sequences processed in total

Total number of sequences analysed for the sequence pair length validation: 46964893

Number of sequence pairs removed because at least one read was shorter than the length cutoff (20 bp): 380724 (0.81%)
