
SUMMARISING RUN PARAMETERS
==========================
Input filename: /vortexfs1/omics/tepolt/raw_reads/C_maenas/Cm_yrv_2023/25-177_R2_001.fastq.gz
Trimming mode: paired-end
Trim Galore version: 0.6.6
Cutadapt version: 3.5
Python version: could not detect
Number of cores used for trimming: 8
Quality Phred score cutoff: 20
Quality encoding type selected: ASCII+33
Adapter sequence: 'AGATCGGAAGAGC' (Illumina TruSeq, Sanger iPCR; user defined)
Maximum trimming error rate: 0.1 (default)
Minimum required adapter overlap (stringency): 1 bp
Minimum required sequence length for both reads before a sequence pair gets removed: 20 bp
Running FastQC on the data once trimming has completed
Running FastQC with the following extra arguments: --outdir /vortexfs1/scratch/yaamini.venkataraman/wc-green-crab/output/06b-trimgalore     --threads 28
Output file will be GZIP compressed


This is cutadapt 3.5 with Python 3.9.5
Command line parameters: -j 8 -e 0.1 -q 20 -O 1 -a AGATCGGAAGAGC /vortexfs1/omics/tepolt/raw_reads/C_maenas/Cm_yrv_2023/25-177_R2_001.fastq.gz
Processing reads on 8 cores in single-end mode ...
Finished in 99.44 s (2 µs/read; 26.42 M reads/minute).

=== Summary ===

Total reads processed:              43,793,074
Reads with adapters:                19,325,181 (44.1%)
Reads written (passing filters):    43,793,074 (100.0%)

Total basepairs processed: 6,568,961,100 bp
Quality-trimmed:              18,204,231 bp (0.3%)
Total written (filtered):  6,404,117,246 bp (97.5%)

=== Adapter 1 ===

Sequence: AGATCGGAAGAGC; Type: regular 3'; Length: 13; Trimmed: 19325181 times

Minimum overlap: 1
No. of allowed errors:
1-9 bp: 0; 10-13 bp: 1

Bases preceding removed adapters:
  A: 29.4%
  C: 25.6%
  G: 23.3%
  T: 21.7%
  none/other: 0.1%

Overview of removed sequences
length	count	expect	max.err	error counts
1	10728408	10948268.5	0	10728408
2	2625485	2737067.1	0	2625485
3	907738	684266.8	0	907738
4	341358	171066.7	0	341358
5	199520	42766.7	0	199520
6	163165	10691.7	0	163165
7	157094	2672.9	0	157094
8	146925	668.2	0	146925
9	139075	167.1	0	138335 740
10	137716	41.8	1	134920 2796
11	133461	10.4	1	130585 2876
12	135202	2.6	1	132168 3034
13	130528	0.7	1	127883 2645
14	131349	0.7	1	128283 3066
15	140726	0.7	1	137461 3265
16	124205	0.7	1	121369 2836
17	124921	0.7	1	121644 3277
18	122166	0.7	1	118819 3347
19	121173	0.7	1	117817 3356
20	136663	0.7	1	132878 3785
21	93068	0.7	1	90593 2475
22	98569	0.7	1	96001 2568
23	104265	0.7	1	101602 2663
24	108342	0.7	1	105072 3270
25	95462	0.7	1	92968 2494
26	95290	0.7	1	92877 2413
27	99536	0.7	1	96809 2727
28	81404	0.7	1	79323 2081
29	80974	0.7	1	79082 1892
30	74287	0.7	1	72709 1578
31	77508	0.7	1	75505 2003
32	71134	0.7	1	69628 1506
33	76694	0.7	1	74771 1923
34	63998	0.7	1	62742 1256
35	66571	0.7	1	64993 1578
36	68144	0.7	1	66386 1758
37	68168	0.7	1	66534 1634
38	60540	0.7	1	59324 1216
39	55456	0.7	1	54264 1192
40	57687	0.7	1	56383 1304
41	50504	0.7	1	49335 1169
42	45047	0.7	1	44152 895
43	47175	0.7	1	46028 1147
44	42218	0.7	1	41331 887
45	47833	0.7	1	46526 1307
46	37250	0.7	1	36294 956
47	36625	0.7	1	35819 806
48	38917	0.7	1	38117 800
49	32519	0.7	1	31839 680
50	29943	0.7	1	29243 700
51	28099	0.7	1	27380 719
52	28629	0.7	1	27881 748
53	23127	0.7	1	22628 499
54	23398	0.7	1	22822 576
55	23525	0.7	1	22875 650
56	20201	0.7	1	19757 444
57	20943	0.7	1	20452 491
58	21207	0.7	1	20701 506
59	16762	0.7	1	16377 385
60	15718	0.7	1	15395 323
61	14387	0.7	1	14060 327
62	15294	0.7	1	14947 347
63	11546	0.7	1	11322 224
64	13535	0.7	1	13260 275
65	9808	0.7	1	9594 214
66	10065	0.7	1	9830 235
67	9791	0.7	1	9574 217
68	8425	0.7	1	8246 179
69	7039	0.7	1	6881 158
70	8349	0.7	1	8166 183
71	4636	0.7	1	4508 128
72	5368	0.7	1	5208 160
73	5595	0.7	1	5458 137
74	5121	0.7	1	4988 133
75	5524	0.7	1	5426 98
76	1722	0.7	1	1640 82
77	3589	0.7	1	3501 88
78	3453	0.7	1	3334 119
79	3253	0.7	1	3131 122
80	3090	0.7	1	2952 138
81	2976	0.7	1	2769 207
82	3141	0.7	1	2827 314
83	2753	0.7	1	2510 243
84	2336	0.7	1	2205 131
85	2161	0.7	1	1894 267
86	1956	0.7	1	1810 146
87	1905	0.7	1	1822 83
88	1654	0.7	1	1570 84
89	1603	0.7	1	1529 74
90	1559	0.7	1	1481 78
91	1414	0.7	1	1340 74
92	1315	0.7	1	1262 53
93	1238	0.7	1	1150 88
94	1190	0.7	1	1114 76
95	1017	0.7	1	964 53
96	895	0.7	1	837 58
97	908	0.7	1	838 70
98	1024	0.7	1	935 89
99	2448	0.7	1	2156 292
100	1313	0.7	1	1215 98
101	837	0.7	1	779 58
102	864	0.7	1	791 73
103	719	0.7	1	652 67
104	671	0.7	1	618 53
105	596	0.7	1	539 57
106	605	0.7	1	552 53
107	1447	0.7	1	1378 69
108	728	0.7	1	645 83
109	583	0.7	1	535 48
110	496	0.7	1	462 34
111	486	0.7	1	436 50
112	543	0.7	1	469 74
113	518	0.7	1	471 47
114	499	0.7	1	445 54
115	480	0.7	1	419 61
116	498	0.7	1	436 62
117	460	0.7	1	386 74
118	513	0.7	1	463 50
119	434	0.7	1	376 58
120	642	0.7	1	530 112
121	1082	0.7	1	866 216
122	432	0.7	1	368 64
123	237	0.7	1	201 36
124	178	0.7	1	160 18
125	166	0.7	1	151 15
126	147	0.7	1	133 14
127	196	0.7	1	180 16
128	221	0.7	1	174 47
129	253	0.7	1	211 42
130	3281	0.7	1	3106 175
131	29279	0.7	1	26852 2427
132	375	0.7	1	331 44
133	203	0.7	1	170 33
134	307	0.7	1	295 12
135	231	0.7	1	218 13
136	150	0.7	1	141 9
137	157	0.7	1	151 6
138	264	0.7	1	256 8
139	188	0.7	1	180 8
140	175	0.7	1	168 7
141	355	0.7	1	347 8
142	185	0.7	1	182 3
143	265	0.7	1	260 5
144	277	0.7	1	269 8
145	267	0.7	1	258 9
146	336	0.7	1	323 13
147	386	0.7	1	360 26
148	383	0.7	1	356 27
149	617	0.7	1	389 228
150	13958	0.7	1	12164 1794

RUN STATISTICS FOR INPUT FILE: /vortexfs1/omics/tepolt/raw_reads/C_maenas/Cm_yrv_2023/25-177_R2_001.fastq.gz
=============================================
43793074 sequences processed in total

Total number of sequences analysed for the sequence pair length validation: 43793074

Number of sequence pairs removed because at least one read was shorter than the length cutoff (20 bp): 546347 (1.25%)
