
SUMMARISING RUN PARAMETERS
==========================
Input filename: /vortexfs1/omics/tepolt/raw_reads/C_maenas/Cm_yrv_2023/25-193_R2_001.fastq.gz
Trimming mode: paired-end
Trim Galore version: 0.6.6
Cutadapt version: 3.5
Python version: could not detect
Number of cores used for trimming: 8
Quality Phred score cutoff: 20
Quality encoding type selected: ASCII+33
Adapter sequence: 'AGATCGGAAGAGC' (Illumina TruSeq, Sanger iPCR; user defined)
Maximum trimming error rate: 0.1 (default)
Minimum required adapter overlap (stringency): 1 bp
Minimum required sequence length for both reads before a sequence pair gets removed: 20 bp
Running FastQC on the data once trimming has completed
Running FastQC with the following extra arguments: --outdir /vortexfs1/scratch/yaamini.venkataraman/wc-green-crab/output/06b-trimgalore     --threads 28
Output file will be GZIP compressed


This is cutadapt 3.5 with Python 3.9.5
Command line parameters: -j 8 -e 0.1 -q 20 -O 1 -a AGATCGGAAGAGC /vortexfs1/omics/tepolt/raw_reads/C_maenas/Cm_yrv_2023/25-193_R2_001.fastq.gz
Processing reads on 8 cores in single-end mode ...
Finished in 57.87 s (2 µs/read; 28.47 M reads/minute).

=== Summary ===

Total reads processed:              27,463,768
Reads with adapters:                13,990,296 (50.9%)
Reads written (passing filters):    27,463,768 (100.0%)

Total basepairs processed: 4,119,565,200 bp
Quality-trimmed:              11,656,778 bp (0.3%)
Total written (filtered):  3,873,241,301 bp (94.0%)

=== Adapter 1 ===

Sequence: AGATCGGAAGAGC; Type: regular 3'; Length: 13; Trimmed: 13990296 times

Minimum overlap: 1
No. of allowed errors:
1-9 bp: 0; 10-13 bp: 1

Bases preceding removed adapters:
  A: 24.8%
  C: 25.8%
  G: 27.0%
  T: 22.2%
  none/other: 0.2%

Overview of removed sequences
length	count	expect	max.err	error counts
1	5827266	6865942.0	0	5827266
2	1353985	1716485.5	0	1353985
3	445019	429121.4	0	445019
4	197845	107280.3	0	197845
5	129298	26820.1	0	129298
6	109987	6705.0	0	109987
7	107729	1676.3	0	107729
8	101397	419.1	0	101397
9	96043	104.8	0	95674 369
10	95980	26.2	1	94284 1696
11	95532	6.5	1	93802 1730
12	102440	1.6	1	100230 2210
13	103541	0.4	1	101592 1949
14	108158	0.4	1	105711 2447
15	129175	0.4	1	126182 2993
16	109016	0.4	1	106571 2445
17	111380	0.4	1	108496 2884
18	110374	0.4	1	107489 2885
19	116786	0.4	1	113364 3422
20	111821	0.4	1	109060 2761
21	94272	0.4	1	91992 2280
22	98319	0.4	1	95967 2352
23	114133	0.4	1	111437 2696
24	112827	0.4	1	109785 3042
25	116330	0.4	1	113355 2975
26	109870	0.4	1	106986 2884
27	118288	0.4	1	115057 3231
28	95715	0.4	1	93366 2349
29	95859	0.4	1	93586 2273
30	92972	0.4	1	90888 2084
31	93007	0.4	1	91167 1840
32	96725	0.4	1	94668 2057
33	105993	0.4	1	103534 2459
34	107421	0.4	1	105120 2301
35	92027	0.4	1	90175 1852
36	107718	0.4	1	105483 2235
37	96894	0.4	1	94865 2029
38	108316	0.4	1	105927 2389
39	119364	0.4	1	116959 2405
40	74219	0.4	1	72562 1657
41	87582	0.4	1	85776 1806
42	81725	0.4	1	80178 1547
43	90399	0.4	1	88404 1995
44	84789	0.4	1	83139 1650
45	104245	0.4	1	101889 2356
46	86130	0.4	1	84225 1905
47	83911	0.4	1	82292 1619
48	100549	0.4	1	98580 1969
49	79562	0.4	1	78032 1530
50	73867	0.4	1	72369 1498
51	72398	0.4	1	70782 1616
52	76227	0.4	1	74629 1598
53	64792	0.4	1	63617 1175
54	67947	0.4	1	66528 1419
55	72928	0.4	1	71297 1631
56	66291	0.4	1	64938 1353
57	72996	0.4	1	71538 1458
58	83231	0.4	1	81598 1633
59	56908	0.4	1	55684 1224
60	59690	0.4	1	58707 983
61	50030	0.4	1	49135 895
62	54216	0.4	1	53220 996
63	42291	0.4	1	41591 700
64	54597	0.4	1	53670 927
65	39162	0.4	1	38471 691
66	44366	0.4	1	43576 790
67	44502	0.4	1	43742 760
68	36819	0.4	1	36238 581
69	30209	0.4	1	29665 544
70	38521	0.4	1	37865 656
71	17450	0.4	1	17066 384
72	21888	0.4	1	21508 380
73	22475	0.4	1	22054 421
74	23534	0.4	1	23134 400
75	25629	0.4	1	25292 337
76	7576	0.4	1	7352 224
77	16105	0.4	1	15862 243
78	16468	0.4	1	16189 279
79	14775	0.4	1	14498 277
80	13164	0.4	1	12923 241
81	11996	0.4	1	11767 229
82	10533	0.4	1	10317 216
83	9299	0.4	1	9116 183
84	8628	0.4	1	8473 155
85	8578	0.4	1	8421 157
86	8521	0.4	1	8357 164
87	8783	0.4	1	8629 154
88	8005	0.4	1	7857 148
89	7260	0.4	1	7092 168
90	6570	0.4	1	6431 139
91	6003	0.4	1	5902 101
92	5653	0.4	1	5537 116
93	4579	0.4	1	4489 90
94	4535	0.4	1	4469 66
95	3943	0.4	1	3870 73
96	3809	0.4	1	3732 77
97	3873	0.4	1	3783 90
98	3782	0.4	1	3710 72
99	3456	0.4	1	3390 66
100	3232	0.4	1	3165 67
101	2937	0.4	1	2882 55
102	2167	0.4	1	2131 36
103	2450	0.4	1	2397 53
104	2125	0.4	1	2079 46
105	1982	0.4	1	1944 38
106	1948	0.4	1	1911 37
107	2183	0.4	1	2148 35
108	1923	0.4	1	1878 45
109	1591	0.4	1	1550 41
110	1511	0.4	1	1486 25
111	1251	0.4	1	1215 36
112	1092	0.4	1	1066 26
113	838	0.4	1	818 20
114	1392	0.4	1	1361 31
115	730	0.4	1	713 17
116	894	0.4	1	870 24
117	630	0.4	1	618 12
118	734	0.4	1	711 23
119	564	0.4	1	544 20
120	534	0.4	1	514 20
121	544	0.4	1	529 15
122	300	0.4	1	294 6
123	278	0.4	1	266 12
124	250	0.4	1	237 13
125	195	0.4	1	185 10
126	236	0.4	1	227 9
127	203	0.4	1	195 8
128	218	0.4	1	212 6
129	205	0.4	1	200 5
130	283	0.4	1	267 16
131	845	0.4	1	773 72
132	231	0.4	1	220 11
133	250	0.4	1	238 12
134	559	0.4	1	548 11
135	307	0.4	1	300 7
136	243	0.4	1	234 9
137	353	0.4	1	345 8
138	909	0.4	1	892 17
139	363	0.4	1	347 16
140	547	0.4	1	538 9
141	1049	0.4	1	1027 22
142	468	0.4	1	463 5
143	747	0.4	1	732 15
144	884	0.4	1	868 16
145	827	0.4	1	813 14
146	1156	0.4	1	1141 15
147	905	0.4	1	872 33
148	677	0.4	1	657 20
149	507	0.4	1	412 95
150	22258	0.4	1	18866 3392

RUN STATISTICS FOR INPUT FILE: /vortexfs1/omics/tepolt/raw_reads/C_maenas/Cm_yrv_2023/25-193_R2_001.fastq.gz
=============================================
27463768 sequences processed in total

Total number of sequences analysed for the sequence pair length validation: 27463768

Number of sequence pairs removed because at least one read was shorter than the length cutoff (20 bp): 758879 (2.76%)
