
SUMMARISING RUN PARAMETERS
==========================
Input filename: /vortexfs1/omics/tepolt/raw_reads/C_maenas/Cm_yrv_2023/25-180_R1_001.fastq.gz
Trimming mode: paired-end
Trim Galore version: 0.6.6
Cutadapt version: 3.5
Python version: could not detect
Number of cores used for trimming: 8
Quality Phred score cutoff: 20
Quality encoding type selected: ASCII+33
Adapter sequence: 'AGATCGGAAGAGC' (Illumina TruSeq, Sanger iPCR; user defined)
Maximum trimming error rate: 0.1 (default)
Minimum required adapter overlap (stringency): 1 bp
Minimum required sequence length for both reads before a sequence pair gets removed: 20 bp
Running FastQC on the data once trimming has completed
Running FastQC with the following extra arguments: --outdir /vortexfs1/scratch/yaamini.venkataraman/wc-green-crab/output/06b-trimgalore     --threads 28
Output file will be GZIP compressed


This is cutadapt 3.5 with Python 3.9.5
Command line parameters: -j 8 -e 0.1 -q 20 -O 1 -a AGATCGGAAGAGC /vortexfs1/omics/tepolt/raw_reads/C_maenas/Cm_yrv_2023/25-180_R1_001.fastq.gz
Processing reads on 8 cores in single-end mode ...
Finished in 101.22 s (2 µs/read; 32.31 M reads/minute).

=== Summary ===

Total reads processed:              54,512,346
Reads with adapters:                33,203,443 (60.9%)
Reads written (passing filters):    54,512,346 (100.0%)

Total basepairs processed: 8,176,851,900 bp
Quality-trimmed:              37,669,773 bp (0.5%)
Total written (filtered):  6,674,835,403 bp (81.6%)

=== Adapter 1 ===

Sequence: AGATCGGAAGAGC; Type: regular 3'; Length: 13; Trimmed: 33203443 times

Minimum overlap: 1
No. of allowed errors:
1-9 bp: 0; 10-13 bp: 1

Bases preceding removed adapters:
  A: 16.5%
  C: 24.7%
  G: 20.4%
  T: 22.7%
  none/other: 15.8%

Overview of removed sequences
length	count	expect	max.err	error counts
1	8555030	13628086.5	0	8555030
2	2098258	3407021.6	0	2098258
3	972029	851755.4	0	972029
4	346623	212938.9	0	346623
5	268375	53234.7	0	268375
6	236191	13308.7	0	236191
7	236074	3327.2	0	236074
8	218120	831.8	0	218120
9	215149	207.9	0	213727 1422
10	217022	52.0	1	212100 4922
11	215516	13.0	1	210709 4807
12	221663	3.2	1	216574 5089
13	229215	0.8	1	223295 5920
14	231371	0.8	1	225744 5627
15	254605	0.8	1	248202 6403
16	233957	0.8	1	227927 6030
17	237142	0.8	1	230478 6664
18	231607	0.8	1	226261 5346
19	236166	0.8	1	230244 5922
20	239758	0.8	1	233736 6022
21	225204	0.8	1	219051 6153
22	223051	0.8	1	217564 5487
23	231865	0.8	1	225967 5898
24	229550	0.8	1	223788 5762
25	237882	0.8	1	231628 6254
26	229238	0.8	1	223383 5855
27	227122	0.8	1	220974 6148
28	222274	0.8	1	216189 6085
29	216656	0.8	1	211085 5571
30	211261	0.8	1	206146 5115
31	216661	0.8	1	210928 5733
32	217925	0.8	1	212035 5890
33	212073	0.8	1	206687 5386
34	213066	0.8	1	207542 5524
35	216445	0.8	1	210578 5867
36	223525	0.8	1	217131 6394
37	221244	0.8	1	214803 6441
38	221411	0.8	1	215158 6253
39	213952	0.8	1	208050 5902
40	215563	0.8	1	209053 6510
41	212735	0.8	1	206133 6602
42	208913	0.8	1	202171 6742
43	214059	0.8	1	204647 9412
44	334371	0.8	1	322314 12057
45	228340	0.8	1	219413 8927
46	327719	0.8	1	321104 6615
47	122083	0.8	1	103938 18145
48	1478641	0.8	1	1460601 18040
49	559257	0.8	1	548767 10490
50	125673	0.8	1	121251 4422
51	83912	0.8	1	80169 3743
52	231358	0.8	1	228818 2540
53	37913	0.8	1	35010 2903
54	183423	0.8	1	181925 1498
55	25186	0.8	1	23719 1467
56	55473	0.8	1	54510 963
57	31672	0.8	1	30270 1402
58	85755	0.8	1	82183 3572
59	270439	0.8	1	267768 2671
60	38850	0.8	1	36310 2540
61	102663	0.8	1	101258 1405
62	13820	0.8	1	12930 890
63	16027	0.8	1	14767 1260
64	84216	0.8	1	81226 2990
65	237761	0.8	1	235421 2340
66	40829	0.8	1	39482 1347
67	11570	0.8	1	10551 1019
68	54007	0.8	1	52557 1450
69	85820	0.8	1	84062 1758
70	95914	0.8	1	94175 1739
71	82274	0.8	1	80966 1308
72	42156	0.8	1	41202 954
73	30449	0.8	1	29166 1283
74	82124	0.8	1	80519 1605
75	97539	0.8	1	95659 1880
76	99498	0.8	1	97480 2018
77	99575	0.8	1	97405 2170
78	97573	0.8	1	95352 2221
79	95230	0.8	1	93155 2075
80	90442	0.8	1	88387 2055
81	87550	0.8	1	85538 2012
82	85031	0.8	1	83058 1973
83	77622	0.8	1	75854 1768
84	72352	0.8	1	70674 1678
85	71511	0.8	1	69940 1571
86	76423	0.8	1	74580 1843
87	73281	0.8	1	71662 1619
88	69416	0.8	1	67855 1561
89	66013	0.8	1	64451 1562
90	61119	0.8	1	59782 1337
91	59385	0.8	1	58073 1312
92	57327	0.8	1	56140 1187
93	48308	0.8	1	47265 1043
94	44075	0.8	1	43106 969
95	39536	0.8	1	38758 778
96	36831	0.8	1	36065 766
97	35678	0.8	1	34932 746
98	34306	0.8	1	33548 758
99	32101	0.8	1	31351 750
100	28171	0.8	1	27574 597
101	24297	0.8	1	23746 551
102	20749	0.8	1	20284 465
103	19005	0.8	1	18542 463
104	15656	0.8	1	15295 361
105	13632	0.8	1	13288 344
106	12362	0.8	1	12056 306
107	11628	0.8	1	11333 295
108	10395	0.8	1	10083 312
109	9254	0.8	1	8980 274
110	8100	0.8	1	7851 249
111	6697	0.8	1	6453 244
112	5616	0.8	1	5392 224
113	4416	0.8	1	4224 192
114	3911	0.8	1	3716 195
115	3112	0.8	1	2928 184
116	2978	0.8	1	2808 170
117	2292	0.8	1	2140 152
118	2391	0.8	1	2225 166
119	2005	0.8	1	1848 157
120	1851	0.8	1	1664 187
121	1577	0.8	1	1410 167
122	1263	0.8	1	1044 219
123	1862	0.8	1	1661 201
124	1012	0.8	1	803 209
125	795	0.8	1	540 255
126	836	0.8	1	511 325
127	957	0.8	1	600 357
128	1062	0.8	1	654 408
129	1145	0.8	1	736 409
130	1773	0.8	1	1291 482
131	6526	0.8	1	5879 647
132	1409	0.8	1	810 599
133	1288	0.8	1	669 619
134	5835	0.8	1	5086 749
135	1874	0.8	1	1176 698
136	1372	0.8	1	697 675
137	2573	0.8	1	1760 813
138	5975	0.8	1	5184 791
139	2145	0.8	1	1327 818
140	2064	0.8	1	1157 907
141	5701	0.8	1	4707 994
142	3136	0.8	1	1982 1154
143	2884	0.8	1	1702 1182
144	2996	0.8	1	1540 1456
145	3086	0.8	1	1185 1901
146	3805	0.8	1	1740 2065
147	5681	0.8	1	1415 4266
148	7985	0.8	1	2063 5922
149	103136	0.8	1	3372 99764
150	5150209	0.8	1	171849 4978360

RUN STATISTICS FOR INPUT FILE: /vortexfs1/omics/tepolt/raw_reads/C_maenas/Cm_yrv_2023/25-180_R1_001.fastq.gz
=============================================
54512346 sequences processed in total

