
SUMMARISING RUN PARAMETERS
==========================
Input filename: /vortexfs1/omics/tepolt/raw_reads/C_maenas/Cm_yrv_2023/25-117_R2_001.fastq.gz
Trimming mode: paired-end
Trim Galore version: 0.6.6
Cutadapt version: 3.5
Python version: could not detect
Number of cores used for trimming: 8
Quality Phred score cutoff: 20
Quality encoding type selected: ASCII+33
Adapter sequence: 'AGATCGGAAGAGC' (Illumina TruSeq, Sanger iPCR; user defined)
Maximum trimming error rate: 0.1 (default)
Minimum required adapter overlap (stringency): 1 bp
Minimum required sequence length for both reads before a sequence pair gets removed: 20 bp
Running FastQC on the data once trimming has completed
Running FastQC with the following extra arguments: --outdir /vortexfs1/scratch/yaamini.venkataraman/wc-green-crab/output/06b-trimgalore     --threads 28
Output file will be GZIP compressed


This is cutadapt 3.5 with Python 3.9.5
Command line parameters: -j 8 -e 0.1 -q 20 -O 1 -a AGATCGGAAGAGC /vortexfs1/omics/tepolt/raw_reads/C_maenas/Cm_yrv_2023/25-117_R2_001.fastq.gz
Processing reads on 8 cores in single-end mode ...
Finished in 93.20 s (2 µs/read; 25.05 M reads/minute).

=== Summary ===

Total reads processed:              38,909,636
Reads with adapters:                20,079,707 (51.6%)
Reads written (passing filters):    38,909,636 (100.0%)

Total basepairs processed: 5,836,445,400 bp
Quality-trimmed:              18,886,941 bp (0.3%)
Total written (filtered):  5,418,691,605 bp (92.8%)

=== Adapter 1 ===

Sequence: AGATCGGAAGAGC; Type: regular 3'; Length: 13; Trimmed: 20079707 times

Minimum overlap: 1
No. of allowed errors:
1-9 bp: 0; 10-13 bp: 1

Bases preceding removed adapters:
  A: 21.4%
  C: 29.8%
  G: 30.0%
  T: 18.7%
  none/other: 0.1%

Overview of removed sequences
length	count	expect	max.err	error counts
1	7479303	9727409.0	0	7479303
2	2059423	2431852.2	0	2059423
3	736349	607963.1	0	736349
4	292696	151990.8	0	292696
5	191042	37997.7	0	191042
6	159945	9499.4	0	159945
7	155006	2374.9	0	155006
8	149988	593.7	0	149988
9	145141	148.4	0	144509 632
10	149591	37.1	1	146526 3065
11	148728	9.3	1	145635 3093
12	154646	2.3	1	151120 3526
13	151070	0.6	1	147999 3071
14	155455	0.6	1	151758 3697
15	167479	0.6	1	163701 3778
16	151429	0.6	1	147932 3497
17	151899	0.6	1	147896 4003
18	150310	0.6	1	146167 4143
19	149675	0.6	1	145390 4285
20	169103	0.6	1	164323 4780
21	126223	0.6	1	122849 3374
22	139938	0.6	1	136372 3566
23	150418	0.6	1	146599 3819
24	159329	0.6	1	154504 4825
25	142883	0.6	1	139029 3854
26	146679	0.6	1	142687 3992
27	156504	0.6	1	152273 4231
28	129312	0.6	1	126143 3169
29	133014	0.6	1	129930 3084
30	125075	0.6	1	122397 2678
31	134897	0.6	1	131582 3315
32	130854	0.6	1	128095 2759
33	146487	0.6	1	143019 3468
34	127414	0.6	1	124946 2468
35	135668	0.6	1	132752 2916
36	141603	0.6	1	137884 3719
37	144075	0.6	1	140573 3502
38	131230	0.6	1	128693 2537
39	119760	0.6	1	117426 2334
40	128261	0.6	1	125469 2792
41	118531	0.6	1	115829 2702
42	112732	0.6	1	110550 2182
43	123614	0.6	1	120819 2795
44	116182	0.6	1	113790 2392
45	138734	0.6	1	135326 3408
46	116360	0.6	1	113706 2654
47	113363	0.6	1	110932 2431
48	126268	0.6	1	123625 2643
49	106383	0.6	1	104213 2170
50	101953	0.6	1	99906 2047
51	102375	0.6	1	100007 2368
52	108964	0.6	1	106391 2573
53	94315	0.6	1	92496 1819
54	102784	0.6	1	100617 2167
55	110503	0.6	1	108052 2451
56	97416	0.6	1	95437 1979
57	108815	0.6	1	106386 2429
58	123155	0.6	1	120590 2565
59	87500	0.6	1	85624 1876
60	95522	0.6	1	93883 1639
61	81937	0.6	1	80564 1373
62	85465	0.6	1	83866 1599
63	76359	0.6	1	75026 1333
64	96373	0.6	1	94645 1728
65	75331	0.6	1	74080 1251
66	85778	0.6	1	84289 1489
67	86862	0.6	1	85259 1603
68	78359	0.6	1	76986 1373
69	66547	0.6	1	65402 1145
70	88843	0.6	1	87326 1517
71	46003	0.6	1	45004 999
72	59383	0.6	1	58377 1006
73	65347	0.6	1	64218 1129
74	70868	0.6	1	69720 1148
75	78867	0.6	1	77930 937
76	23230	0.6	1	22567 663
77	53900	0.6	1	53071 829
78	55626	0.6	1	54676 950
79	52224	0.6	1	51313 911
80	48350	0.6	1	47491 859
81	45601	0.6	1	44746 855
82	42909	0.6	1	42134 775
83	38965	0.6	1	38283 682
84	37696	0.6	1	37031 665
85	37769	0.6	1	37069 700
86	37912	0.6	1	37216 696
87	38743	0.6	1	38050 693
88	35858	0.6	1	35270 588
89	33156	0.6	1	32606 550
90	29615	0.6	1	29069 546
91	26561	0.6	1	26128 433
92	24246	0.6	1	23800 446
93	20858	0.6	1	20487 371
94	20243	0.6	1	19894 349
95	18421	0.6	1	18143 278
96	17422	0.6	1	17132 290
97	17027	0.6	1	16734 293
98	15800	0.6	1	15551 249
99	14279	0.6	1	14054 225
100	12245	0.6	1	12021 224
101	10571	0.6	1	10399 172
102	8810	0.6	1	8659 151
103	7870	0.6	1	7746 124
104	6658	0.6	1	6536 122
105	6135	0.6	1	6015 120
106	5710	0.6	1	5601 109
107	5872	0.6	1	5754 118
108	5125	0.6	1	5027 98
109	4601	0.6	1	4519 82
110	4042	0.6	1	3981 61
111	3414	0.6	1	3346 68
112	2846	0.6	1	2781 65
113	2257	0.6	1	2205 52
114	2208	0.6	1	2166 42
115	1696	0.6	1	1661 35
116	1629	0.6	1	1582 47
117	1381	0.6	1	1342 39
118	1469	0.6	1	1433 36
119	1185	0.6	1	1155 30
120	1082	0.6	1	1051 31
121	1082	0.6	1	1054 28
122	732	0.6	1	711 21
123	509	0.6	1	496 13
124	408	0.6	1	390 18
125	318	0.6	1	303 15
126	273	0.6	1	254 19
127	242	0.6	1	230 12
128	263	0.6	1	247 16
129	229	0.6	1	214 15
130	331	0.6	1	324 7
131	860	0.6	1	783 77
132	284	0.6	1	249 35
133	253	0.6	1	233 20
134	605	0.6	1	590 15
135	422	0.6	1	405 17
136	381	0.6	1	364 17
137	411	0.6	1	396 15
138	643	0.6	1	626 17
139	465	0.6	1	456 9
140	628	0.6	1	617 11
141	911	0.6	1	897 14
142	580	0.6	1	566 14
143	780	0.6	1	764 16
144	914	0.6	1	897 17
145	906	0.6	1	879 27
146	1197	0.6	1	1170 27
147	1042	0.6	1	1005 37
148	772	0.6	1	740 32
149	375	0.6	1	306 69
150	13981	0.6	1	11322 2659

RUN STATISTICS FOR INPUT FILE: /vortexfs1/omics/tepolt/raw_reads/C_maenas/Cm_yrv_2023/25-117_R2_001.fastq.gz
=============================================
38909636 sequences processed in total

Total number of sequences analysed for the sequence pair length validation: 38909636

Number of sequence pairs removed because at least one read was shorter than the length cutoff (20 bp): 596042 (1.53%)
