
SUMMARISING RUN PARAMETERS
==========================
Input filename: /vortexfs1/omics/tepolt/raw_reads/C_maenas/Cm_yrv_2023/25-170_R1_001.fastq.gz
Trimming mode: paired-end
Trim Galore version: 0.6.6
Cutadapt version: 3.5
Python version: could not detect
Number of cores used for trimming: 8
Quality Phred score cutoff: 20
Quality encoding type selected: ASCII+33
Adapter sequence: 'AGATCGGAAGAGC' (Illumina TruSeq, Sanger iPCR; user defined)
Maximum trimming error rate: 0.1 (default)
Minimum required adapter overlap (stringency): 1 bp
Minimum required sequence length for both reads before a sequence pair gets removed: 20 bp
Running FastQC on the data once trimming has completed
Running FastQC with the following extra arguments: --outdir /vortexfs1/scratch/yaamini.venkataraman/wc-green-crab/output/06b-trimgalore     --threads 28
Output file will be GZIP compressed


This is cutadapt 3.5 with Python 3.9.5
Command line parameters: -j 8 -e 0.1 -q 20 -O 1 -a AGATCGGAAGAGC /vortexfs1/omics/tepolt/raw_reads/C_maenas/Cm_yrv_2023/25-170_R1_001.fastq.gz
Processing reads on 8 cores in single-end mode ...
Finished in 115.30 s (2 µs/read; 25.88 M reads/minute).

=== Summary ===

Total reads processed:              49,733,846
Reads with adapters:                22,322,591 (44.9%)
Reads written (passing filters):    49,733,846 (100.0%)

Total basepairs processed: 7,460,076,900 bp
Quality-trimmed:              11,915,528 bp (0.2%)
Total written (filtered):  7,153,313,699 bp (95.9%)

=== Adapter 1 ===

Sequence: AGATCGGAAGAGC; Type: regular 3'; Length: 13; Trimmed: 22322591 times

Minimum overlap: 1
No. of allowed errors:
1-9 bp: 0; 10-13 bp: 1

Bases preceding removed adapters:
  A: 23.3%
  C: 28.3%
  G: 21.6%
  T: 24.1%
  none/other: 2.8%

Overview of removed sequences
length	count	expect	max.err	error counts
1	10453167	12433461.5	0	10453167
2	2803191	3108365.4	0	2803191
3	1065701	777091.3	0	1065701
4	388012	194272.8	0	388012
5	266707	48568.2	0	266707
6	221648	12142.1	0	221648
7	217004	3035.5	0	217004
8	206174	758.9	0	206174
9	200429	189.7	0	199090 1339
10	200778	47.4	1	196084 4694
11	193548	11.9	1	189454 4094
12	193031	3.0	1	189002 4029
13	191229	0.7	1	186767 4462
14	190054	0.7	1	185817 4237
15	199084	0.7	1	194418 4666
16	188035	0.7	1	183613 4422
17	182850	0.7	1	178346 4504
18	176941	0.7	1	173268 3673
19	176550	0.7	1	172411 4139
20	172746	0.7	1	168890 3856
21	164642	0.7	1	160722 3920
22	159949	0.7	1	156445 3504
23	158201	0.7	1	154626 3575
24	154755	0.7	1	151325 3430
25	154761	0.7	1	151117 3644
26	147576	0.7	1	144249 3327
27	141785	0.7	1	138353 3432
28	137690	0.7	1	134132 3558
29	128601	0.7	1	125642 2959
30	123351	0.7	1	120668 2683
31	120328	0.7	1	117626 2702
32	119042	0.7	1	116158 2884
33	114876	0.7	1	112149 2727
34	112363	0.7	1	109736 2627
35	105340	0.7	1	102748 2592
36	105615	0.7	1	102907 2708
37	100912	0.7	1	98556 2356
38	98542	0.7	1	96045 2497
39	91911	0.7	1	89509 2402
40	89281	0.7	1	86999 2282
41	81131	0.7	1	79139 1992
42	78775	0.7	1	76650 2125
43	76138	0.7	1	73739 2399
44	104590	0.7	1	101533 3057
45	63699	0.7	1	61726 1973
46	92658	0.7	1	91273 1385
47	19212	0.7	1	17542 1670
48	125803	0.7	1	123159 2644
49	125720	0.7	1	124069 1651
50	25758	0.7	1	24789 969
51	33424	0.7	1	32579 845
52	48960	0.7	1	48317 643
53	14022	0.7	1	13316 706
54	52099	0.7	1	51661 438
55	10177	0.7	1	9707 470
56	24180	0.7	1	23825 355
57	13038	0.7	1	12685 353
58	18665	0.7	1	18012 653
59	52240	0.7	1	51655 585
60	11479	0.7	1	10968 511
61	24419	0.7	1	24115 304
62	2480	0.7	1	2291 189
63	3548	0.7	1	3375 173
64	11529	0.7	1	11131 398
65	29583	0.7	1	29329 254
66	2023	0.7	1	1858 165
67	1415	0.7	1	1308 107
68	7016	0.7	1	6827 189
69	8540	0.7	1	8342 198
70	8121	0.7	1	7958 163
71	6344	0.7	1	6230 114
72	2599	0.7	1	2499 100
73	2588	0.7	1	2495 93
74	5320	0.7	1	5198 122
75	5569	0.7	1	5426 143
76	5463	0.7	1	5330 133
77	4986	0.7	1	4832 154
78	4960	0.7	1	4825 135
79	4381	0.7	1	4247 134
80	3937	0.7	1	3795 142
81	3721	0.7	1	3590 131
82	3550	0.7	1	3391 159
83	3012	0.7	1	2870 142
84	2787	0.7	1	2685 102
85	2986	0.7	1	2879 107
86	3385	0.7	1	3250 135
87	2443	0.7	1	2356 87
88	2342	0.7	1	2244 98
89	2163	0.7	1	2089 74
90	1967	0.7	1	1884 83
91	1807	0.7	1	1726 81
92	1669	0.7	1	1611 58
93	1543	0.7	1	1453 90
94	1290	0.7	1	1234 56
95	1228	0.7	1	1166 62
96	1195	0.7	1	1131 64
97	1145	0.7	1	1085 60
98	1085	0.7	1	1028 57
99	1090	0.7	1	1041 49
100	979	0.7	1	929 50
101	957	0.7	1	914 43
102	1095	0.7	1	1029 66
103	856	0.7	1	804 52
104	749	0.7	1	705 44
105	633	0.7	1	601 32
106	684	0.7	1	643 41
107	763	0.7	1	726 37
108	1097	0.7	1	1049 48
109	615	0.7	1	576 39
110	590	0.7	1	547 43
111	587	0.7	1	507 80
112	527	0.7	1	478 49
113	429	0.7	1	367 62
114	505	0.7	1	452 53
115	593	0.7	1	533 60
116	450	0.7	1	412 38
117	487	0.7	1	449 38
118	426	0.7	1	386 40
119	416	0.7	1	371 45
120	671	0.7	1	637 34
121	490	0.7	1	462 28
122	625	0.7	1	586 39
123	293	0.7	1	254 39
124	202	0.7	1	163 39
125	196	0.7	1	171 25
126	183	0.7	1	146 37
127	232	0.7	1	156 76
128	224	0.7	1	160 64
129	235	0.7	1	161 74
130	420	0.7	1	348 72
131	7447	0.7	1	7269 178
132	292	0.7	1	198 94
133	254	0.7	1	158 96
134	435	0.7	1	361 74
135	264	0.7	1	182 82
136	193	0.7	1	127 66
137	213	0.7	1	148 65
138	380	0.7	1	298 82
139	223	0.7	1	141 82
140	225	0.7	1	138 87
141	425	0.7	1	316 109
142	281	0.7	1	177 104
143	303	0.7	1	190 113
144	288	0.7	1	155 133
145	408	0.7	1	180 228
146	415	0.7	1	216 199
147	642	0.7	1	198 444
148	857	0.7	1	269 588
149	10416	0.7	1	348 10068
150	608024	0.7	1	14946 593078

RUN STATISTICS FOR INPUT FILE: /vortexfs1/omics/tepolt/raw_reads/C_maenas/Cm_yrv_2023/25-170_R1_001.fastq.gz
=============================================
49733846 sequences processed in total

