
SUMMARISING RUN PARAMETERS
==========================
Input filename: /vortexfs1/omics/tepolt/raw_reads/C_maenas/Cm_yrv_2023/25-114_R1_001.fastq.gz
Trimming mode: paired-end
Trim Galore version: 0.6.6
Cutadapt version: 3.5
Python version: could not detect
Number of cores used for trimming: 8
Quality Phred score cutoff: 20
Quality encoding type selected: ASCII+33
Adapter sequence: 'AGATCGGAAGAGC' (Illumina TruSeq, Sanger iPCR; user defined)
Maximum trimming error rate: 0.1 (default)
Minimum required adapter overlap (stringency): 1 bp
Minimum required sequence length for both reads before a sequence pair gets removed: 20 bp
Running FastQC on the data once trimming has completed
Running FastQC with the following extra arguments: --outdir /vortexfs1/scratch/yaamini.venkataraman/wc-green-crab/output/06b-trimgalore     --threads 28
Output file will be GZIP compressed


This is cutadapt 3.5 with Python 3.9.5
Command line parameters: -j 8 -e 0.1 -q 20 -O 1 -a AGATCGGAAGAGC /vortexfs1/omics/tepolt/raw_reads/C_maenas/Cm_yrv_2023/25-114_R1_001.fastq.gz
Processing reads on 8 cores in single-end mode ...
Finished in 147.63 s (2 µs/read; 27.58 M reads/minute).

=== Summary ===

Total reads processed:              67,866,400
Reads with adapters:                30,878,936 (45.5%)
Reads written (passing filters):    67,866,400 (100.0%)

Total basepairs processed: 10,179,960,000 bp
Quality-trimmed:              14,468,000 bp (0.1%)
Total written (filtered):  9,736,008,957 bp (95.6%)

=== Adapter 1 ===

Sequence: AGATCGGAAGAGC; Type: regular 3'; Length: 13; Trimmed: 30878936 times

Minimum overlap: 1
No. of allowed errors:
1-9 bp: 0; 10-13 bp: 1

Bases preceding removed adapters:
  A: 25.3%
  C: 26.0%
  G: 20.5%
  T: 24.9%
  none/other: 3.4%

Overview of removed sequences
length	count	expect	max.err	error counts
1	14927599	16966600.0	0	14927599
2	3944339	4241650.0	0	3944339
3	1666854	1060412.5	0	1666854
4	545385	265103.1	0	545385
5	329958	66275.8	0	329958
6	277494	16568.9	0	277494
7	269183	4142.2	0	269183
8	258934	1035.6	0	258934
9	249222	258.9	0	247798 1424
10	248200	64.7	1	242591 5609
11	241616	16.2	1	237132 4484
12	238945	4.0	1	234337 4608
13	237541	1.0	1	232287 5254
14	236719	1.0	1	231734 4985
15	245858	1.0	1	240442 5416
16	232348	1.0	1	227212 5136
17	226796	1.0	1	221496 5300
18	220754	1.0	1	216515 4239
19	222094	1.0	1	217256 4838
20	212363	1.0	1	207964 4399
21	200836	1.0	1	196325 4511
22	191206	1.0	1	187314 3892
23	190803	1.0	1	186702 4101
24	185941	1.0	1	182036 3905
25	185028	1.0	1	180743 4285
26	178331	1.0	1	174532 3799
27	173824	1.0	1	169850 3974
28	165912	1.0	1	161995 3917
29	155848	1.0	1	152523 3325
30	146828	1.0	1	143878 2950
31	145363	1.0	1	142280 3083
32	144697	1.0	1	141364 3333
33	139487	1.0	1	136392 3095
34	135795	1.0	1	132509 3286
35	129114	1.0	1	126239 2875
36	124837	1.0	1	121994 2843
37	121491	1.0	1	118746 2745
38	121175	1.0	1	118388 2787
39	112088	1.0	1	109354 2734
40	107382	1.0	1	104793 2589
41	99009	1.0	1	96712 2297
42	93855	1.0	1	91247 2608
43	91152	1.0	1	88399 2753
44	123381	1.0	1	119832 3549
45	77251	1.0	1	75057 2194
46	111268	1.0	1	109562 1706
47	25171	1.0	1	23303 1868
48	140197	1.0	1	137647 2550
49	90468	1.0	1	88878 1590
50	34478	1.0	1	33447 1031
51	51237	1.0	1	50121 1116
52	68832	1.0	1	67895 937
53	25215	1.0	1	24410 805
54	54715	1.0	1	54094 621
55	24587	1.0	1	24024 563
56	37616	1.0	1	37031 585
57	27964	1.0	1	27431 533
58	28029	1.0	1	27305 724
59	56008	1.0	1	55283 725
60	25390	1.0	1	24781 609
61	39483	1.0	1	39034 449
62	7675	1.0	1	7380 295
63	10348	1.0	1	10087 261
64	17189	1.0	1	16666 523
65	44069	1.0	1	43671 398
66	4469	1.0	1	4239 230
67	2910	1.0	1	2732 178
68	12226	1.0	1	11978 248
69	11350	1.0	1	11100 250
70	11932	1.0	1	11735 197
71	8979	1.0	1	8819 160
72	3405	1.0	1	3316 89
73	3533	1.0	1	3416 117
74	6800	1.0	1	6639 161
75	7110	1.0	1	6940 170
76	6845	1.0	1	6692 153
77	6503	1.0	1	6320 183
78	6310	1.0	1	6130 180
79	5621	1.0	1	5445 176
80	5298	1.0	1	5124 174
81	5439	1.0	1	5249 190
82	7215	1.0	1	6970 245
83	5722	1.0	1	5503 219
84	3823	1.0	1	3713 110
85	4300	1.0	1	4176 124
86	3281	1.0	1	3168 113
87	3086	1.0	1	2974 112
88	2750	1.0	1	2644 106
89	2626	1.0	1	2503 123
90	2511	1.0	1	2424 87
91	2310	1.0	1	2200 110
92	2120	1.0	1	2028 92
93	1927	1.0	1	1818 109
94	1683	1.0	1	1595 88
95	1503	1.0	1	1431 72
96	1426	1.0	1	1362 64
97	1412	1.0	1	1331 81
98	1641	1.0	1	1576 65
99	1405	1.0	1	1311 94
100	1344	1.0	1	1276 68
101	1150	1.0	1	1094 56
102	1016	1.0	1	962 54
103	1038	1.0	1	986 52
104	975	1.0	1	909 66
105	888	1.0	1	826 62
106	998	1.0	1	924 74
107	2834	1.0	1	2737 97
108	900	1.0	1	828 72
109	1056	1.0	1	981 75
110	799	1.0	1	729 70
111	972	1.0	1	849 123
112	787	1.0	1	702 85
113	806	1.0	1	703 103
114	685	1.0	1	617 68
115	830	1.0	1	743 87
116	836	1.0	1	768 68
117	876	1.0	1	827 49
118	874	1.0	1	816 58
119	891	1.0	1	828 63
120	1013	1.0	1	943 70
121	1919	1.0	1	1841 78
122	793	1.0	1	742 51
123	485	1.0	1	439 46
124	294	1.0	1	245 49
125	267	1.0	1	212 55
126	276	1.0	1	219 57
127	279	1.0	1	217 62
128	393	1.0	1	317 76
129	501	1.0	1	397 104
130	3486	1.0	1	3213 273
131	146839	1.0	1	144911 1928
132	1341	1.0	1	1243 98
133	463	1.0	1	354 109
134	586	1.0	1	466 120
135	476	1.0	1	356 120
136	284	1.0	1	165 119
137	309	1.0	1	201 108
138	535	1.0	1	420 115
139	284	1.0	1	142 142
140	329	1.0	1	182 147
141	564	1.0	1	418 146
142	342	1.0	1	189 153
143	489	1.0	1	303 186
144	526	1.0	1	273 253
145	518	1.0	1	212 306
146	611	1.0	1	295 316
147	968	1.0	1	299 669
148	1262	1.0	1	368 894
149	16416	1.0	1	437 15979
150	1023287	1.0	1	15012 1008275

RUN STATISTICS FOR INPUT FILE: /vortexfs1/omics/tepolt/raw_reads/C_maenas/Cm_yrv_2023/25-114_R1_001.fastq.gz
=============================================
67866400 sequences processed in total

