
SUMMARISING RUN PARAMETERS
==========================
Input filename: /vortexfs1/omics/tepolt/raw_reads/C_maenas/Cm_yrv_2023/25-186_R1_001.fastq.gz
Trimming mode: paired-end
Trim Galore version: 0.6.6
Cutadapt version: 3.5
Python version: could not detect
Number of cores used for trimming: 8
Quality Phred score cutoff: 20
Quality encoding type selected: ASCII+33
Adapter sequence: 'AGATCGGAAGAGC' (Illumina TruSeq, Sanger iPCR; user defined)
Maximum trimming error rate: 0.1 (default)
Minimum required adapter overlap (stringency): 1 bp
Minimum required sequence length for both reads before a sequence pair gets removed: 20 bp
Running FastQC on the data once trimming has completed
Running FastQC with the following extra arguments: --outdir /vortexfs1/scratch/yaamini.venkataraman/wc-green-crab/output/06b-trimgalore     --threads 28
Output file will be GZIP compressed


This is cutadapt 3.5 with Python 3.9.5
Command line parameters: -j 8 -e 0.1 -q 20 -O 1 -a AGATCGGAAGAGC /vortexfs1/omics/tepolt/raw_reads/C_maenas/Cm_yrv_2023/25-186_R1_001.fastq.gz
Processing reads on 8 cores in single-end mode ...
Finished in 62.55 s (2 µs/read; 24.93 M reads/minute).

=== Summary ===

Total reads processed:              25,992,262
Reads with adapters:                12,244,525 (47.1%)
Reads written (passing filters):    25,992,262 (100.0%)

Total basepairs processed: 3,898,839,300 bp
Quality-trimmed:               7,701,575 bp (0.2%)
Total written (filtered):  3,686,055,253 bp (94.5%)

=== Adapter 1 ===

Sequence: AGATCGGAAGAGC; Type: regular 3'; Length: 13; Trimmed: 12244525 times

Minimum overlap: 1
No. of allowed errors:
1-9 bp: 0; 10-13 bp: 1

Bases preceding removed adapters:
  A: 22.3%
  C: 27.7%
  G: 22.4%
  T: 25.0%
  none/other: 2.7%

Overview of removed sequences
length	count	expect	max.err	error counts
1	5353968	6498065.5	0	5353968
2	1459640	1624516.4	0	1459640
3	554826	406129.1	0	554826
4	207068	101532.3	0	207068
5	141706	25383.1	0	141706
6	117587	6345.8	0	117587
7	115949	1586.4	0	115949
8	110355	396.6	0	110355
9	108622	99.2	0	107814 808
10	108609	24.8	1	106110 2499
11	106829	6.2	1	104612 2217
12	106392	1.5	1	104009 2383
13	105692	0.4	1	103146 2546
14	104841	0.4	1	102390 2451
15	111316	0.4	1	108576 2740
16	103974	0.4	1	101435 2539
17	102983	0.4	1	100351 2632
18	98592	0.4	1	96368 2224
19	97753	0.4	1	95398 2355
20	96489	0.4	1	94184 2305
21	92538	0.4	1	90139 2399
22	90240	0.4	1	88218 2022
23	91817	0.4	1	89609 2208
24	88232	0.4	1	86201 2031
25	88539	0.4	1	86283 2256
26	84942	0.4	1	82920 2022
27	82704	0.4	1	80691 2013
28	80185	0.4	1	78112 2073
29	75727	0.4	1	73841 1886
30	72226	0.4	1	70647 1579
31	71601	0.4	1	69906 1695
32	71787	0.4	1	70091 1696
33	68434	0.4	1	66896 1538
34	67307	0.4	1	65673 1634
35	65251	0.4	1	63654 1597
36	63583	0.4	1	61885 1698
37	61780	0.4	1	60125 1655
38	60001	0.4	1	58555 1446
39	55746	0.4	1	54243 1503
40	54247	0.4	1	52852 1395
41	51764	0.4	1	50336 1428
42	49860	0.4	1	48458 1402
43	48216	0.4	1	46644 1572
44	65971	0.4	1	64021 1950
45	45631	0.4	1	44238 1393
46	59031	0.4	1	57977 1054
47	20482	0.4	1	18692 1790
48	150267	0.4	1	148292 1975
49	68704	0.4	1	67602 1102
50	15320	0.4	1	14798 522
51	13933	0.4	1	13449 484
52	35735	0.4	1	35373 362
53	6092	0.4	1	5736 356
54	22345	0.4	1	22128 217
55	5292	0.4	1	5085 207
56	8700	0.4	1	8542 158
57	4638	0.4	1	4465 173
58	10584	0.4	1	10279 305
59	26293	0.4	1	25996 297
60	4355	0.4	1	4072 283
61	10183	0.4	1	10041 142
62	1103	0.4	1	1021 82
63	1579	0.4	1	1468 111
64	7486	0.4	1	7252 234
65	16335	0.4	1	16192 143
66	1323	0.4	1	1221 102
67	965	0.4	1	886 79
68	3882	0.4	1	3798 84
69	4623	0.4	1	4521 102
70	4517	0.4	1	4424 93
71	3353	0.4	1	3293 60
72	1492	0.4	1	1434 58
73	1850	0.4	1	1784 66
74	3669	0.4	1	3587 82
75	3911	0.4	1	3813 98
76	3905	0.4	1	3833 72
77	3604	0.4	1	3516 88
78	3307	0.4	1	3235 72
79	3201	0.4	1	3114 87
80	2823	0.4	1	2729 94
81	2657	0.4	1	2565 92
82	2484	0.4	1	2405 79
83	2231	0.4	1	2150 81
84	1797	0.4	1	1739 58
85	1943	0.4	1	1859 84
86	1699	0.4	1	1647 52
87	1684	0.4	1	1640 44
88	1559	0.4	1	1495 64
89	1535	0.4	1	1484 51
90	1405	0.4	1	1357 48
91	1347	0.4	1	1297 50
92	1188	0.4	1	1145 43
93	1074	0.4	1	1026 48
94	935	0.4	1	900 35
95	820	0.4	1	797 23
96	801	0.4	1	767 34
97	763	0.4	1	724 39
98	797	0.4	1	769 28
99	755	0.4	1	721 34
100	661	0.4	1	631 30
101	626	0.4	1	599 27
102	921	0.4	1	889 32
103	542	0.4	1	524 18
104	489	0.4	1	476 13
105	440	0.4	1	418 22
106	523	0.4	1	500 23
107	603	0.4	1	567 36
108	1218	0.4	1	1155 63
109	476	0.4	1	448 28
110	654	0.4	1	626 28
111	447	0.4	1	390 57
112	603	0.4	1	555 48
113	463	0.4	1	429 34
114	504	0.4	1	470 34
115	743	0.4	1	692 51
116	677	0.4	1	639 38
117	645	0.4	1	609 36
118	636	0.4	1	600 36
119	697	0.4	1	666 31
120	1858	0.4	1	1800 58
121	2590	0.4	1	2508 82
122	1335	0.4	1	1293 42
123	422	0.4	1	392 30
124	242	0.4	1	221 21
125	544	0.4	1	500 44
126	244	0.4	1	221 23
127	328	0.4	1	297 31
128	363	0.4	1	314 49
129	551	0.4	1	483 68
130	3799	0.4	1	3566 233
131	261540	0.4	1	257382 4158
132	781	0.4	1	719 62
133	294	0.4	1	258 36
134	263	0.4	1	226 37
135	183	0.4	1	148 35
136	129	0.4	1	93 36
137	170	0.4	1	127 43
138	284	0.4	1	232 52
139	176	0.4	1	133 43
140	201	0.4	1	144 57
141	361	0.4	1	301 60
142	244	0.4	1	186 58
143	304	0.4	1	237 67
144	340	0.4	1	266 74
145	453	0.4	1	317 136
146	532	0.4	1	401 131
147	621	0.4	1	389 232
148	677	0.4	1	338 339
149	6564	0.4	1	213 6351
150	321688	0.4	1	7068 314620

RUN STATISTICS FOR INPUT FILE: /vortexfs1/omics/tepolt/raw_reads/C_maenas/Cm_yrv_2023/25-186_R1_001.fastq.gz
=============================================
25992262 sequences processed in total

