
SUMMARISING RUN PARAMETERS
==========================
Input filename: /vortexfs1/omics/tepolt/raw_reads/C_maenas/Cm_yrv_2023/25-185_R2_001.fastq.gz
Trimming mode: paired-end
Trim Galore version: 0.6.6
Cutadapt version: 3.5
Python version: could not detect
Number of cores used for trimming: 8
Quality Phred score cutoff: 20
Quality encoding type selected: ASCII+33
Adapter sequence: 'AGATCGGAAGAGC' (Illumina TruSeq, Sanger iPCR; user defined)
Maximum trimming error rate: 0.1 (default)
Minimum required adapter overlap (stringency): 1 bp
Minimum required sequence length for both reads before a sequence pair gets removed: 20 bp
Running FastQC on the data once trimming has completed
Running FastQC with the following extra arguments: --outdir /vortexfs1/scratch/yaamini.venkataraman/wc-green-crab/output/06b-trimgalore     --threads 28
Output file will be GZIP compressed


This is cutadapt 3.5 with Python 3.9.5
Command line parameters: -j 8 -e 0.1 -q 20 -O 1 -a AGATCGGAAGAGC /vortexfs1/omics/tepolt/raw_reads/C_maenas/Cm_yrv_2023/25-185_R2_001.fastq.gz
Processing reads on 8 cores in single-end mode ...
Finished in 67.82 s (3 µs/read; 23.89 M reads/minute).

=== Summary ===

Total reads processed:              27,001,371
Reads with adapters:                12,467,445 (46.2%)
Reads written (passing filters):    27,001,371 (100.0%)

Total basepairs processed: 4,050,205,650 bp
Quality-trimmed:              13,027,847 bp (0.3%)
Total written (filtered):  3,910,629,112 bp (96.6%)

=== Adapter 1 ===

Sequence: AGATCGGAAGAGC; Type: regular 3'; Length: 13; Trimmed: 12467445 times

Minimum overlap: 1
No. of allowed errors:
1-9 bp: 0; 10-13 bp: 1

Bases preceding removed adapters:
  A: 25.6%
  C: 29.5%
  G: 25.7%
  T: 19.2%
  none/other: 0.1%

Overview of removed sequences
length	count	expect	max.err	error counts
1	5893254	6750342.8	0	5893254
2	1601502	1687585.7	0	1601502
3	569516	421896.4	0	569516
4	233213	105474.1	0	233213
5	153299	26368.5	0	153299
6	127574	6592.1	0	127574
7	125469	1648.0	0	125469
8	118189	412.0	0	118189
9	114886	103.0	0	114384 502
10	115976	25.8	1	113495 2481
11	112922	6.4	1	110309 2613
12	114647	1.6	1	111775 2872
13	110652	0.4	1	108263 2389
14	111986	0.4	1	109013 2973
15	119431	0.4	1	116172 3259
16	105379	0.4	1	102740 2639
17	108577	0.4	1	105392 3185
18	104944	0.4	1	101761 3183
19	111343	0.4	1	107580 3763
20	103558	0.4	1	100636 2922
21	88755	0.4	1	86294 2461
22	90049	0.4	1	87470 2579
23	94004	0.4	1	91404 2600
24	98676	0.4	1	95446 3230
25	86107	0.4	1	83706 2401
26	88727	0.4	1	86028 2699
27	92242	0.4	1	89563 2679
28	77436	0.4	1	75334 2102
29	74396	0.4	1	72399 1997
30	73311	0.4	1	71441 1870
31	70032	0.4	1	68422 1610
32	70167	0.4	1	68419 1748
33	68839	0.4	1	67182 1657
34	74112	0.4	1	72030 2082
35	72895	0.4	1	71090 1805
36	55692	0.4	1	54260 1432
37	57153	0.4	1	55811 1342
38	59031	0.4	1	57597 1434
39	54123	0.4	1	52844 1279
40	52580	0.4	1	51318 1262
41	51414	0.4	1	50182 1232
42	41889	0.4	1	40919 970
43	45004	0.4	1	43878 1126
44	41852	0.4	1	40853 999
45	46081	0.4	1	44822 1259
46	37307	0.4	1	36388 919
47	34774	0.4	1	33939 835
48	36574	0.4	1	35704 870
49	30699	0.4	1	30011 688
50	28072	0.4	1	27409 663
51	26295	0.4	1	25558 737
52	26471	0.4	1	25768 703
53	21819	0.4	1	21321 498
54	22072	0.4	1	21517 555
55	21603	0.4	1	21012 591
56	18536	0.4	1	18096 440
57	19723	0.4	1	19209 514
58	20459	0.4	1	20000 459
59	13547	0.4	1	13188 359
60	14690	0.4	1	14396 294
61	12572	0.4	1	12294 278
62	11828	0.4	1	11555 273
63	9788	0.4	1	9535 253
64	11208	0.4	1	10976 232
65	8334	0.4	1	8152 182
66	8427	0.4	1	8245 182
67	8294	0.4	1	8120 174
68	6979	0.4	1	6833 146
69	5780	0.4	1	5629 151
70	7487	0.4	1	7326 161
71	3469	0.4	1	3360 109
72	4567	0.4	1	4466 101
73	4709	0.4	1	4610 99
74	4556	0.4	1	4461 95
75	4533	0.4	1	4447 86
76	1280	0.4	1	1234 46
77	2924	0.4	1	2838 86
78	2949	0.4	1	2883 66
79	2740	0.4	1	2652 88
80	2616	0.4	1	2540 76
81	2244	0.4	1	2169 75
82	2149	0.4	1	2083 66
83	1929	0.4	1	1855 74
84	1671	0.4	1	1605 66
85	1644	0.4	1	1588 56
86	1589	0.4	1	1526 63
87	1491	0.4	1	1446 45
88	1447	0.4	1	1396 51
89	1382	0.4	1	1335 47
90	1327	0.4	1	1283 44
91	1182	0.4	1	1139 43
92	1070	0.4	1	1031 39
93	938	0.4	1	893 45
94	873	0.4	1	836 37
95	871	0.4	1	831 40
96	793	0.4	1	754 39
97	755	0.4	1	727 28
98	743	0.4	1	723 20
99	719	0.4	1	692 27
100	675	0.4	1	651 24
101	575	0.4	1	551 24
102	547	0.4	1	505 42
103	551	0.4	1	525 26
104	460	0.4	1	435 25
105	395	0.4	1	374 21
106	362	0.4	1	339 23
107	403	0.4	1	370 33
108	419	0.4	1	380 39
109	373	0.4	1	353 20
110	392	0.4	1	361 31
111	293	0.4	1	273 20
112	296	0.4	1	270 26
113	265	0.4	1	249 16
114	268	0.4	1	247 21
115	258	0.4	1	218 40
116	265	0.4	1	233 32
117	231	0.4	1	209 22
118	242	0.4	1	217 25
119	219	0.4	1	190 29
120	414	0.4	1	338 76
121	533	0.4	1	449 84
122	312	0.4	1	262 50
123	177	0.4	1	154 23
124	94	0.4	1	84 10
125	121	0.4	1	97 24
126	81	0.4	1	63 18
127	85	0.4	1	67 18
128	153	0.4	1	116 37
129	160	0.4	1	123 37
130	934	0.4	1	693 241
131	41961	0.4	1	38894 3067
132	200	0.4	1	169 31
133	105	0.4	1	90 15
134	215	0.4	1	197 18
135	98	0.4	1	95 3
136	80	0.4	1	74 6
137	97	0.4	1	93 4
138	187	0.4	1	183 4
139	111	0.4	1	102 9
140	116	0.4	1	111 5
141	252	0.4	1	246 6
142	122	0.4	1	114 8
143	206	0.4	1	196 10
144	218	0.4	1	211 7
145	185	0.4	1	176 9
146	280	0.4	1	269 11
147	267	0.4	1	247 20
148	309	0.4	1	301 8
149	228	0.4	1	169 59
150	8273	0.4	1	7091 1182

RUN STATISTICS FOR INPUT FILE: /vortexfs1/omics/tepolt/raw_reads/C_maenas/Cm_yrv_2023/25-185_R2_001.fastq.gz
=============================================
27001371 sequences processed in total

Total number of sequences analysed for the sequence pair length validation: 27001371

Number of sequence pairs removed because at least one read was shorter than the length cutoff (20 bp): 486006 (1.80%)
