
SUMMARISING RUN PARAMETERS
==========================
Input filename: /vortexfs1/omics/tepolt/raw_reads/C_maenas/Cm_yrv_2023/25-112_R1_001.fastq.gz
Trimming mode: paired-end
Trim Galore version: 0.6.6
Cutadapt version: 3.5
Python version: could not detect
Number of cores used for trimming: 8
Quality Phred score cutoff: 20
Quality encoding type selected: ASCII+33
Adapter sequence: 'AGATCGGAAGAGC' (Illumina TruSeq, Sanger iPCR; user defined)
Maximum trimming error rate: 0.1 (default)
Minimum required adapter overlap (stringency): 1 bp
Minimum required sequence length for both reads before a sequence pair gets removed: 20 bp
Running FastQC on the data once trimming has completed
Running FastQC with the following extra arguments: --outdir /vortexfs1/scratch/yaamini.venkataraman/wc-green-crab/output/06b-trimgalore     --threads 28
Output file will be GZIP compressed


This is cutadapt 3.5 with Python 3.9.5
Command line parameters: -j 8 -e 0.1 -q 20 -O 1 -a AGATCGGAAGAGC /vortexfs1/omics/tepolt/raw_reads/C_maenas/Cm_yrv_2023/25-112_R1_001.fastq.gz
Processing reads on 8 cores in single-end mode ...
Finished in 104.18 s (2 µs/read; 27.05 M reads/minute).

=== Summary ===

Total reads processed:              46,964,893
Reads with adapters:                19,388,508 (41.3%)
Reads written (passing filters):    46,964,893 (100.0%)

Total basepairs processed: 7,044,733,950 bp
Quality-trimmed:               9,612,857 bp (0.1%)
Total written (filtered):  6,856,631,188 bp (97.3%)

=== Adapter 1 ===

Sequence: AGATCGGAAGAGC; Type: regular 3'; Length: 13; Trimmed: 19388508 times

Minimum overlap: 1
No. of allowed errors:
1-9 bp: 0; 10-13 bp: 1

Bases preceding removed adapters:
  A: 26.5%
  C: 26.7%
  G: 20.8%
  T: 24.1%
  none/other: 1.8%

Overview of removed sequences
length	count	expect	max.err	error counts
1	10821028	11741223.2	0	10821028
2	2799605	2935305.8	0	2799605
3	1003555	733826.5	0	1003555
4	315364	183456.6	0	315364
5	183932	45864.2	0	183932
6	141509	11466.0	0	141509
7	137597	2866.5	0	137597
8	129963	716.6	0	129963
9	124486	179.2	0	123539 947
10	123391	44.8	1	120302 3089
11	120032	11.2	1	117499 2533
12	117601	2.8	1	115159 2442
13	116096	0.7	1	113538 2558
14	113935	0.7	1	111566 2369
15	119278	0.7	1	116636 2642
16	111159	0.7	1	108670 2489
17	108914	0.7	1	106267 2647
18	105590	0.7	1	103456 2134
19	104727	0.7	1	102423 2304
20	100397	0.7	1	98206 2191
21	94943	0.7	1	92770 2173
22	91706	0.7	1	89776 1930
23	91222	0.7	1	89180 2042
24	88473	0.7	1	86640 1833
25	88289	0.7	1	86317 1972
26	84098	0.7	1	82378 1720
27	79991	0.7	1	78150 1841
28	77398	0.7	1	75558 1840
29	72884	0.7	1	71267 1617
30	68125	0.7	1	66709 1416
31	66614	0.7	1	65176 1438
32	65101	0.7	1	63625 1476
33	62848	0.7	1	61410 1438
34	61298	0.7	1	59796 1502
35	59130	0.7	1	57809 1321
36	56637	0.7	1	55284 1353
37	54519	0.7	1	53285 1234
38	53840	0.7	1	52583 1257
39	50472	0.7	1	49191 1281
40	48454	0.7	1	47226 1228
41	45198	0.7	1	44115 1083
42	42287	0.7	1	41203 1084
43	41552	0.7	1	40257 1295
44	55366	0.7	1	53714 1652
45	34499	0.7	1	33438 1061
46	49035	0.7	1	48305 730
47	11329	0.7	1	10537 792
48	61670	0.7	1	60458 1212
49	39672	0.7	1	38961 711
50	15308	0.7	1	14850 458
51	22519	0.7	1	22001 518
52	30124	0.7	1	29680 444
53	11442	0.7	1	11094 348
54	24469	0.7	1	24170 299
55	10628	0.7	1	10340 288
56	16482	0.7	1	16224 258
57	12004	0.7	1	11762 242
58	12117	0.7	1	11807 310
59	24184	0.7	1	23832 352
60	10616	0.7	1	10306 310
61	16616	0.7	1	16398 218
62	3257	0.7	1	3136 121
63	4313	0.7	1	4193 120
64	7164	0.7	1	6962 202
65	18930	0.7	1	18739 191
66	1987	0.7	1	1883 104
67	1305	0.7	1	1227 78
68	5281	0.7	1	5149 132
69	5187	0.7	1	5053 134
70	5334	0.7	1	5229 105
71	3865	0.7	1	3779 86
72	1516	0.7	1	1476 40
73	1628	0.7	1	1576 52
74	2974	0.7	1	2905 69
75	3049	0.7	1	2966 83
76	2879	0.7	1	2809 70
77	2813	0.7	1	2729 84
78	2651	0.7	1	2565 86
79	2483	0.7	1	2397 86
80	2222	0.7	1	2138 84
81	2115	0.7	1	2025 90
82	1926	0.7	1	1856 70
83	1846	0.7	1	1737 109
84	1506	0.7	1	1443 63
85	1577	0.7	1	1534 43
86	1421	0.7	1	1352 69
87	1363	0.7	1	1313 50
88	1224	0.7	1	1173 51
89	1197	0.7	1	1145 52
90	1119	0.7	1	1064 55
91	1017	0.7	1	962 55
92	925	0.7	1	886 39
93	820	0.7	1	746 74
94	762	0.7	1	712 50
95	728	0.7	1	680 48
96	662	0.7	1	629 33
97	657	0.7	1	608 49
98	661	0.7	1	624 37
99	643	0.7	1	604 39
100	602	0.7	1	559 43
101	540	0.7	1	502 38
102	1213	0.7	1	1141 72
103	573	0.7	1	543 30
104	487	0.7	1	452 35
105	421	0.7	1	386 35
106	463	0.7	1	439 24
107	630	0.7	1	592 38
108	1629	0.7	1	1564 65
109	367	0.7	1	331 36
110	526	0.7	1	484 42
111	381	0.7	1	286 95
112	354	0.7	1	312 42
113	329	0.7	1	275 54
114	441	0.7	1	400 41
115	815	0.7	1	749 66
116	586	0.7	1	557 29
117	510	0.7	1	472 38
118	311	0.7	1	280 31
119	359	0.7	1	327 32
120	1029	0.7	1	967 62
121	495	0.7	1	469 26
122	982	0.7	1	949 33
123	207	0.7	1	186 21
124	114	0.7	1	87 27
125	143	0.7	1	113 30
126	119	0.7	1	90 29
127	156	0.7	1	131 25
128	170	0.7	1	123 47
129	165	0.7	1	125 40
130	375	0.7	1	316 59
131	7341	0.7	1	7185 156
132	224	0.7	1	179 45
133	152	0.7	1	108 44
134	302	0.7	1	261 41
135	164	0.7	1	120 44
136	152	0.7	1	104 48
137	171	0.7	1	129 42
138	188	0.7	1	142 46
139	186	0.7	1	136 50
140	202	0.7	1	139 63
141	277	0.7	1	224 53
142	215	0.7	1	152 63
143	266	0.7	1	194 72
144	313	0.7	1	208 105
145	410	0.7	1	265 145
146	390	0.7	1	278 112
147	525	0.7	1	259 266
148	548	0.7	1	211 337
149	7310	0.7	1	201 7109
150	351355	0.7	1	7390 343965

RUN STATISTICS FOR INPUT FILE: /vortexfs1/omics/tepolt/raw_reads/C_maenas/Cm_yrv_2023/25-112_R1_001.fastq.gz
=============================================
46964893 sequences processed in total

