
SUMMARISING RUN PARAMETERS
==========================
Input filename: /vortexfs1/omics/tepolt/raw_reads/C_maenas/Cm_yrv_2023/25-113_R2_001.fastq.gz
Trimming mode: paired-end
Trim Galore version: 0.6.6
Cutadapt version: 3.5
Python version: could not detect
Number of cores used for trimming: 8
Quality Phred score cutoff: 20
Quality encoding type selected: ASCII+33
Adapter sequence: 'AGATCGGAAGAGC' (Illumina TruSeq, Sanger iPCR; user defined)
Maximum trimming error rate: 0.1 (default)
Minimum required adapter overlap (stringency): 1 bp
Minimum required sequence length for both reads before a sequence pair gets removed: 20 bp
Running FastQC on the data once trimming has completed
Running FastQC with the following extra arguments: --outdir /vortexfs1/scratch/yaamini.venkataraman/wc-green-crab/output/06b-trimgalore     --threads 28
Output file will be GZIP compressed


This is cutadapt 3.5 with Python 3.9.5
Command line parameters: -j 8 -e 0.1 -q 20 -O 1 -a AGATCGGAAGAGC /vortexfs1/omics/tepolt/raw_reads/C_maenas/Cm_yrv_2023/25-113_R2_001.fastq.gz
Processing reads on 8 cores in single-end mode ...
Finished in 79.85 s (2 µs/read; 24.35 M reads/minute).

=== Summary ===

Total reads processed:              32,410,729
Reads with adapters:                15,248,231 (47.0%)
Reads written (passing filters):    32,410,729 (100.0%)

Total basepairs processed: 4,861,609,350 bp
Quality-trimmed:              15,199,532 bp (0.3%)
Total written (filtered):  4,690,738,771 bp (96.5%)

=== Adapter 1 ===

Sequence: AGATCGGAAGAGC; Type: regular 3'; Length: 13; Trimmed: 15248231 times

Minimum overlap: 1
No. of allowed errors:
1-9 bp: 0; 10-13 bp: 1

Bases preceding removed adapters:
  A: 25.7%
  C: 30.0%
  G: 25.8%
  T: 18.4%
  none/other: 0.1%

Overview of removed sequences
length	count	expect	max.err	error counts
1	7003154	8102682.2	0	7003154
2	1939135	2025670.6	0	1939135
3	711453	506417.6	0	711453
4	302066	126604.4	0	302066
5	205290	31651.1	0	205290
6	174427	7912.8	0	174427
7	170235	1978.2	0	170235
8	158591	494.5	0	158591
9	153754	123.6	0	153050 704
10	155696	30.9	1	152414 3282
11	150617	7.7	1	147210 3407
12	156173	1.9	1	152163 4010
13	147972	0.5	1	144747 3225
14	150190	0.5	1	145952 4238
15	159760	0.5	1	155387 4373
16	140250	0.5	1	136608 3642
17	145546	0.5	1	140824 4722
18	138737	0.5	1	134255 4482
19	151507	0.5	1	146252 5255
20	135518	0.5	1	131655 3863
21	118001	0.5	1	114608 3393
22	116878	0.5	1	113529 3349
23	121837	0.5	1	118324 3513
24	128491	0.5	1	124075 4416
25	113346	0.5	1	109886 3460
26	115218	0.5	1	111627 3591
27	121407	0.5	1	117577 3830
28	97470	0.5	1	94541 2929
29	99381	0.5	1	96611 2770
30	93775	0.5	1	91122 2653
31	85865	0.5	1	83781 2084
32	87354	0.5	1	85017 2337
33	95475	0.5	1	92796 2679
34	75263	0.5	1	73188 2075
35	78944	0.5	1	76856 2088
36	129544	0.5	1	126283 3261
37	42819	0.5	1	41354 1465
38	94171	0.5	1	92107 2064
39	45069	0.5	1	43756 1313
40	68407	0.5	1	67005 1402
41	39592	0.5	1	38594 998
42	49647	0.5	1	48472 1175
43	54177	0.5	1	52919 1258
44	42316	0.5	1	41264 1052
45	64443	0.5	1	62958 1485
46	34844	0.5	1	33861 983
47	31941	0.5	1	31078 863
48	45652	0.5	1	44623 1029
49	27667	0.5	1	27012 655
50	27539	0.5	1	26853 686
51	28115	0.5	1	27370 745
52	30568	0.5	1	29786 782
53	17859	0.5	1	17365 494
54	23784	0.5	1	23220 564
55	22059	0.5	1	21460 599
56	17524	0.5	1	17074 450
57	21499	0.5	1	20933 566
58	23575	0.5	1	23103 472
59	12467	0.5	1	12160 307
60	13017	0.5	1	12743 274
61	9982	0.5	1	9735 247
62	13692	0.5	1	13425 267
63	6830	0.5	1	6645 185
64	11983	0.5	1	11732 251
65	5662	0.5	1	5494 168
66	7327	0.5	1	7168 159
67	7906	0.5	1	7730 176
68	5158	0.5	1	5018 140
69	3651	0.5	1	3535 116
70	7354	0.5	1	7204 150
71	1556	0.5	1	1465 91
72	3545	0.5	1	3447 98
73	3929	0.5	1	3823 106
74	3884	0.5	1	3785 99
75	3764	0.5	1	3684 80
76	1163	0.5	1	1115 48
77	1962	0.5	1	1889 73
78	2405	0.5	1	2341 64
79	2150	0.5	1	2067 83
80	2062	0.5	1	2002 60
81	1813	0.5	1	1763 50
82	1630	0.5	1	1590 40
83	1451	0.5	1	1382 69
84	1322	0.5	1	1265 57
85	1213	0.5	1	1173 40
86	1313	0.5	1	1239 74
87	1128	0.5	1	1076 52
88	1097	0.5	1	1046 51
89	1023	0.5	1	981 42
90	989	0.5	1	941 48
91	907	0.5	1	866 41
92	829	0.5	1	788 41
93	688	0.5	1	639 49
94	654	0.5	1	621 33
95	569	0.5	1	539 30
96	508	0.5	1	489 19
97	553	0.5	1	510 43
98	536	0.5	1	507 29
99	558	0.5	1	524 34
100	479	0.5	1	443 36
101	478	0.5	1	454 24
102	436	0.5	1	400 36
103	395	0.5	1	364 31
104	354	0.5	1	319 35
105	344	0.5	1	311 33
106	317	0.5	1	291 26
107	343	0.5	1	312 31
108	384	0.5	1	331 53
109	303	0.5	1	273 30
110	365	0.5	1	325 40
111	309	0.5	1	275 34
112	286	0.5	1	246 40
113	282	0.5	1	241 41
114	267	0.5	1	231 36
115	324	0.5	1	275 49
116	299	0.5	1	253 46
117	296	0.5	1	242 54
118	284	0.5	1	244 40
119	309	0.5	1	244 65
120	674	0.5	1	525 149
121	806	0.5	1	622 184
122	433	0.5	1	373 60
123	210	0.5	1	172 38
124	177	0.5	1	136 41
125	133	0.5	1	105 28
126	143	0.5	1	103 40
127	153	0.5	1	123 30
128	244	0.5	1	154 90
129	261	0.5	1	185 76
130	1933	0.5	1	1492 441
131	89258	0.5	1	82488 6770
132	254	0.5	1	224 30
133	132	0.5	1	112 20
134	210	0.5	1	199 11
135	122	0.5	1	119 3
136	80	0.5	1	74 6
137	105	0.5	1	101 4
138	289	0.5	1	282 7
139	144	0.5	1	134 10
140	153	0.5	1	146 7
141	306	0.5	1	302 4
142	193	0.5	1	187 6
143	277	0.5	1	268 9
144	321	0.5	1	308 13
145	289	0.5	1	275 14
146	428	0.5	1	409 19
147	421	0.5	1	401 20
148	421	0.5	1	401 20
149	283	0.5	1	188 95
150	10707	0.5	1	8035 2672

RUN STATISTICS FOR INPUT FILE: /vortexfs1/omics/tepolt/raw_reads/C_maenas/Cm_yrv_2023/25-113_R2_001.fastq.gz
=============================================
32410729 sequences processed in total

Total number of sequences analysed for the sequence pair length validation: 32410729

Number of sequence pairs removed because at least one read was shorter than the length cutoff (20 bp): 631442 (1.95%)
