
SUMMARISING RUN PARAMETERS
==========================
Input filename: /vortexfs1/omics/tepolt/raw_reads/C_maenas/Cm_yrv_2023/25-117_R1_001.fastq.gz
Trimming mode: paired-end
Trim Galore version: 0.6.6
Cutadapt version: 3.5
Python version: could not detect
Number of cores used for trimming: 8
Quality Phred score cutoff: 20
Quality encoding type selected: ASCII+33
Adapter sequence: 'AGATCGGAAGAGC' (Illumina TruSeq, Sanger iPCR; user defined)
Maximum trimming error rate: 0.1 (default)
Minimum required adapter overlap (stringency): 1 bp
Minimum required sequence length for both reads before a sequence pair gets removed: 20 bp
Running FastQC on the data once trimming has completed
Running FastQC with the following extra arguments: --outdir /vortexfs1/scratch/yaamini.venkataraman/wc-green-crab/output/06b-trimgalore     --threads 28
Output file will be GZIP compressed


This is cutadapt 3.5 with Python 3.9.5
Command line parameters: -j 8 -e 0.1 -q 20 -O 1 -a AGATCGGAAGAGC /vortexfs1/omics/tepolt/raw_reads/C_maenas/Cm_yrv_2023/25-117_R1_001.fastq.gz
Processing reads on 8 cores in single-end mode ...
Finished in 86.30 s (2 µs/read; 27.05 M reads/minute).

=== Summary ===

Total reads processed:              38,909,636
Reads with adapters:                20,357,975 (52.3%)
Reads written (passing filters):    38,909,636 (100.0%)

Total basepairs processed: 5,836,445,400 bp
Quality-trimmed:              15,193,288 bp (0.3%)
Total written (filtered):  5,343,657,774 bp (91.6%)

=== Adapter 1 ===

Sequence: AGATCGGAAGAGC; Type: regular 3'; Length: 13; Trimmed: 20357975 times

Minimum overlap: 1
No. of allowed errors:
1-9 bp: 0; 10-13 bp: 1

Bases preceding removed adapters:
  A: 20.3%
  C: 27.8%
  G: 25.4%
  T: 23.7%
  none/other: 2.8%

Overview of removed sequences
length	count	expect	max.err	error counts
1	7231569	9727409.0	0	7231569
2	1987786	2431852.2	0	1987786
3	752666	607963.1	0	752666
4	280999	151990.8	0	280999
5	188080	37997.7	0	188080
6	158784	9499.4	0	158784
7	154519	2374.9	0	154519
8	149829	593.7	0	149829
9	146290	148.4	0	145162 1128
10	149054	37.1	1	145936 3118
11	149187	9.3	1	145961 3226
12	151408	2.3	1	148069 3339
13	154351	0.6	1	150643 3708
14	154727	0.6	1	151128 3599
15	165421	0.6	1	161507 3914
16	155792	0.6	1	152000 3792
17	152873	0.6	1	148913 3960
18	149304	0.6	1	146003 3301
19	148115	0.6	1	144604 3511
20	145969	0.6	1	142417 3552
21	144532	0.6	1	140893 3639
22	145085	0.6	1	141716 3369
23	151096	0.6	1	147412 3684
24	148005	0.6	1	144607 3398
25	151192	0.6	1	147433 3759
26	146808	0.6	1	143292 3516
27	142369	0.6	1	138810 3559
28	139721	0.6	1	136104 3617
29	134162	0.6	1	130921 3241
30	129996	0.6	1	127033 2963
31	131564	0.6	1	128368 3196
32	135783	0.6	1	132440 3343
33	134819	0.6	1	131525 3294
34	138159	0.6	1	134660 3499
35	138531	0.6	1	134923 3608
36	138410	0.6	1	134780 3630
37	131091	0.6	1	127788 3303
38	135543	0.6	1	131981 3562
39	125277	0.6	1	122021 3256
40	124741	0.6	1	121434 3307
41	120836	0.6	1	117631 3205
42	124100	0.6	1	120538 3562
43	125259	0.6	1	120905 4354
44	184331	0.6	1	178946 5385
45	120592	0.6	1	116817 3775
46	162511	0.6	1	159439 3072
47	87228	0.6	1	81360 5868
48	460340	0.6	1	454610 5730
49	136269	0.6	1	133273 2996
50	38897	0.6	1	36917 1980
51	106104	0.6	1	104026 2078
52	111694	0.6	1	110083 1611
53	47587	0.6	1	45367 2220
54	175281	0.6	1	173867 1414
55	32412	0.6	1	30833 1579
56	94371	0.6	1	93084 1287
57	59019	0.6	1	57573 1446
58	75550	0.6	1	72784 2766
59	219025	0.6	1	217007 2018
60	56686	0.6	1	54372 2314
61	134241	0.6	1	133096 1145
62	11976	0.6	1	11210 766
63	22093	0.6	1	21228 865
64	63334	0.6	1	61112 2222
65	188059	0.6	1	186666 1393
66	11308	0.6	1	10528 780
67	7884	0.6	1	7130 754
68	53513	0.6	1	52475 1038
69	59715	0.6	1	58587 1128
70	65641	0.6	1	64486 1155
71	52513	0.6	1	51834 679
72	21761	0.6	1	21221 540
73	18670	0.6	1	18011 659
74	47624	0.6	1	46713 911
75	56556	0.6	1	55474 1082
76	58525	0.6	1	57417 1108
77	57599	0.6	1	56376 1223
78	55809	0.6	1	54608 1201
79	52346	0.6	1	51207 1139
80	48276	0.6	1	47233 1043
81	45479	0.6	1	44483 996
82	42867	0.6	1	41930 937
83	39026	0.6	1	38209 817
84	37629	0.6	1	36865 764
85	37848	0.6	1	37039 809
86	37909	0.6	1	37087 822
87	38638	0.6	1	37767 871
88	35949	0.6	1	35205 744
89	33007	0.6	1	32260 747
90	29684	0.6	1	29059 625
91	26481	0.6	1	25953 528
92	24305	0.6	1	23783 522
93	20908	0.6	1	20417 491
94	20345	0.6	1	19943 402
95	18507	0.6	1	18101 406
96	17481	0.6	1	17159 322
97	17110	0.6	1	16729 381
98	15806	0.6	1	15451 355
99	14299	0.6	1	14020 279
100	12286	0.6	1	11999 287
101	10501	0.6	1	10249 252
102	8823	0.6	1	8619 204
103	7907	0.6	1	7708 199
104	6624	0.6	1	6434 190
105	6137	0.6	1	5981 156
106	5729	0.6	1	5592 137
107	5826	0.6	1	5692 134
108	5109	0.6	1	4963 146
109	4575	0.6	1	4434 141
110	4017	0.6	1	3920 97
111	3432	0.6	1	3267 165
112	2829	0.6	1	2713 116
113	2263	0.6	1	2163 100
114	2132	0.6	1	2059 73
115	1680	0.6	1	1613 67
116	1568	0.6	1	1499 69
117	1405	0.6	1	1336 69
118	1452	0.6	1	1411 41
119	1162	0.6	1	1112 50
120	1079	0.6	1	1029 50
121	998	0.6	1	946 52
122	730	0.6	1	676 54
123	517	0.6	1	481 36
124	432	0.6	1	385 47
125	323	0.6	1	299 24
126	283	0.6	1	249 34
127	264	0.6	1	225 39
128	294	0.6	1	251 43
129	260	0.6	1	220 40
130	399	0.6	1	314 85
131	946	0.6	1	865 81
132	330	0.6	1	254 76
133	292	0.6	1	242 50
134	656	0.6	1	586 70
135	475	0.6	1	411 64
136	431	0.6	1	355 76
137	472	0.6	1	387 85
138	680	0.6	1	628 52
139	558	0.6	1	457 101
140	703	0.6	1	605 98
141	997	0.6	1	882 115
142	693	0.6	1	565 128
143	878	0.6	1	767 111
144	1018	0.6	1	886 132
145	1059	0.6	1	877 182
146	1382	0.6	1	1160 222
147	1383	0.6	1	995 388
148	1254	0.6	1	747 507
149	10918	0.6	1	329 10589
150	559394	0.6	1	11162 548232

RUN STATISTICS FOR INPUT FILE: /vortexfs1/omics/tepolt/raw_reads/C_maenas/Cm_yrv_2023/25-117_R1_001.fastq.gz
=============================================
38909636 sequences processed in total

