
SUMMARISING RUN PARAMETERS
==========================
Input filename: /vortexfs1/omics/tepolt/raw_reads/C_maenas/Cm_yrv_2023/25-119_R1_001.fastq.gz
Trimming mode: paired-end
Trim Galore version: 0.6.6
Cutadapt version: 3.5
Python version: could not detect
Number of cores used for trimming: 8
Quality Phred score cutoff: 20
Quality encoding type selected: ASCII+33
Adapter sequence: 'AGATCGGAAGAGC' (Illumina TruSeq, Sanger iPCR; user defined)
Maximum trimming error rate: 0.1 (default)
Minimum required adapter overlap (stringency): 1 bp
Minimum required sequence length for both reads before a sequence pair gets removed: 20 bp
Running FastQC on the data once trimming has completed
Running FastQC with the following extra arguments: --outdir /vortexfs1/scratch/yaamini.venkataraman/wc-green-crab/output/06b-trimgalore     --threads 28
Output file will be GZIP compressed


This is cutadapt 3.5 with Python 3.9.5
Command line parameters: -j 8 -e 0.1 -q 20 -O 1 -a AGATCGGAAGAGC /vortexfs1/omics/tepolt/raw_reads/C_maenas/Cm_yrv_2023/25-119_R1_001.fastq.gz
Processing reads on 8 cores in single-end mode ...
Finished in 103.83 s (2 µs/read; 29.47 M reads/minute).

=== Summary ===

Total reads processed:              50,999,426
Reads with adapters:                21,240,560 (41.6%)
Reads written (passing filters):    50,999,426 (100.0%)

Total basepairs processed: 7,649,913,900 bp
Quality-trimmed:               8,888,931 bp (0.1%)
Total written (filtered):  7,450,686,694 bp (97.4%)

=== Adapter 1 ===

Sequence: AGATCGGAAGAGC; Type: regular 3'; Length: 13; Trimmed: 21240560 times

Minimum overlap: 1
No. of allowed errors:
1-9 bp: 0; 10-13 bp: 1

Bases preceding removed adapters:
  A: 27.6%
  C: 23.7%
  G: 18.1%
  T: 28.5%
  none/other: 2.2%

Overview of removed sequences
length	count	expect	max.err	error counts
1	12516562	12749856.5	0	12516562
2	2923807	3187464.1	0	2923807
3	1275721	796866.0	0	1275721
4	315808	199216.5	0	315808
5	169524	49804.1	0	169524
6	129763	12451.0	0	129763
7	124153	3112.8	0	124153
8	113617	778.2	0	113617
9	109311	194.5	0	108260 1051
10	106789	48.6	1	104047 2742
11	102005	12.2	1	99556 2449
12	103056	3.0	1	100662 2394
13	102878	0.8	1	100162 2716
14	102318	0.8	1	99812 2506
15	113632	0.8	1	110691 2941
16	99695	0.8	1	97068 2627
17	98368	0.8	1	95701 2667
18	93975	0.8	1	91777 2198
19	95524	0.8	1	93040 2484
20	92357	0.8	1	89969 2388
21	83830	0.8	1	81617 2213
22	80972	0.8	1	78959 2013
23	83620	0.8	1	81507 2113
24	79819	0.8	1	77799 2020
25	81541	0.8	1	79381 2160
26	74965	0.8	1	73022 1943
27	71321	0.8	1	69425 1896
28	68125	0.8	1	66366 1759
29	63621	0.8	1	62052 1569
30	60361	0.8	1	58809 1552
31	59060	0.8	1	57540 1520
32	58233	0.8	1	56615 1618
33	56979	0.8	1	55522 1457
34	54430	0.8	1	52966 1464
35	54536	0.8	1	53092 1444
36	53194	0.8	1	51747 1447
37	50977	0.8	1	49639 1338
38	50999	0.8	1	49504 1495
39	47564	0.8	1	46192 1372
40	45757	0.8	1	44495 1262
41	42788	0.8	1	41662 1126
42	39217	0.8	1	38067 1150
43	39788	0.8	1	38281 1507
44	50295	0.8	1	48648 1647
45	35936	0.8	1	34636 1300
46	50216	0.8	1	49407 809
47	11919	0.8	1	10933 986
48	62085	0.8	1	60813 1272
49	32789	0.8	1	32113 676
50	16847	0.8	1	16256 591
51	22838	0.8	1	22216 622
52	28926	0.8	1	28436 490
53	13337	0.8	1	12841 496
54	24331	0.8	1	23997 334
55	11582	0.8	1	11250 332
56	16807	0.8	1	16474 333
57	14121	0.8	1	13782 339
58	13811	0.8	1	13412 399
59	23606	0.8	1	23181 425
60	12069	0.8	1	11701 368
61	17640	0.8	1	17398 242
62	4081	0.8	1	3932 149
63	5631	0.8	1	5471 160
64	8330	0.8	1	8026 304
65	19054	0.8	1	18867 187
66	2532	0.8	1	2414 118
67	1814	0.8	1	1724 90
68	5436	0.8	1	5298 138
69	5149	0.8	1	5036 113
70	5229	0.8	1	5106 123
71	3829	0.8	1	3771 58
72	1521	0.8	1	1467 54
73	1550	0.8	1	1488 62
74	2827	0.8	1	2762 65
75	2843	0.8	1	2765 78
76	2629	0.8	1	2556 73
77	2614	0.8	1	2521 93
78	2436	0.8	1	2343 93
79	2239	0.8	1	2163 76
80	1998	0.8	1	1924 74
81	1953	0.8	1	1879 74
82	1909	0.8	1	1824 85
83	1608	0.8	1	1537 71
84	1342	0.8	1	1308 34
85	1552	0.8	1	1490 62
86	1798	0.8	1	1719 79
87	1244	0.8	1	1199 45
88	1084	0.8	1	1042 42
89	941	0.8	1	893 48
90	934	0.8	1	896 38
91	926	0.8	1	884 42
92	852	0.8	1	807 45
93	696	0.8	1	657 39
94	639	0.8	1	602 37
95	524	0.8	1	485 39
96	505	0.8	1	480 25
97	484	0.8	1	449 35
98	526	0.8	1	500 26
99	462	0.8	1	428 34
100	430	0.8	1	391 39
101	397	0.8	1	376 21
102	352	0.8	1	321 31
103	366	0.8	1	336 30
104	279	0.8	1	257 22
105	330	0.8	1	292 38
106	320	0.8	1	296 24
107	368	0.8	1	348 20
108	292	0.8	1	268 24
109	242	0.8	1	219 23
110	233	0.8	1	214 19
111	236	0.8	1	198 38
112	256	0.8	1	228 28
113	198	0.8	1	170 28
114	267	0.8	1	238 29
115	203	0.8	1	173 30
116	181	0.8	1	159 22
117	170	0.8	1	149 21
118	185	0.8	1	157 28
119	186	0.8	1	153 33
120	241	0.8	1	214 27
121	362	0.8	1	339 23
122	188	0.8	1	166 22
123	129	0.8	1	93 36
124	73	0.8	1	59 14
125	92	0.8	1	65 27
126	88	0.8	1	66 22
127	126	0.8	1	86 40
128	124	0.8	1	77 47
129	168	0.8	1	105 63
130	521	0.8	1	453 68
131	18384	0.8	1	18028 356
132	178	0.8	1	121 57
133	144	0.8	1	78 66
134	302	0.8	1	229 73
135	121	0.8	1	69 52
136	118	0.8	1	49 69
137	132	0.8	1	57 75
138	193	0.8	1	120 73
139	95	0.8	1	35 60
140	143	0.8	1	58 85
141	232	0.8	1	145 87
142	154	0.8	1	52 102
143	199	0.8	1	96 103
144	194	0.8	1	85 109
145	242	0.8	1	68 174
146	256	0.8	1	97 159
147	432	0.8	1	109 323
148	602	0.8	1	128 474
149	8245	0.8	1	257 7988
150	451155	0.8	1	14538 436617

RUN STATISTICS FOR INPUT FILE: /vortexfs1/omics/tepolt/raw_reads/C_maenas/Cm_yrv_2023/25-119_R1_001.fastq.gz
=============================================
50999426 sequences processed in total

