
SUMMARISING RUN PARAMETERS
==========================
Input filename: /vortexfs1/omics/tepolt/raw_reads/C_maenas/Cm_yrv_2023/25-186_R2_001.fastq.gz
Trimming mode: paired-end
Trim Galore version: 0.6.6
Cutadapt version: 3.5
Python version: could not detect
Number of cores used for trimming: 8
Quality Phred score cutoff: 20
Quality encoding type selected: ASCII+33
Adapter sequence: 'AGATCGGAAGAGC' (Illumina TruSeq, Sanger iPCR; user defined)
Maximum trimming error rate: 0.1 (default)
Minimum required adapter overlap (stringency): 1 bp
Minimum required sequence length for both reads before a sequence pair gets removed: 20 bp
Running FastQC on the data once trimming has completed
Running FastQC with the following extra arguments: --outdir /vortexfs1/scratch/yaamini.venkataraman/wc-green-crab/output/06b-trimgalore     --threads 28
Output file will be GZIP compressed


This is cutadapt 3.5 with Python 3.9.5
Command line parameters: -j 8 -e 0.1 -q 20 -O 1 -a AGATCGGAAGAGC /vortexfs1/omics/tepolt/raw_reads/C_maenas/Cm_yrv_2023/25-186_R2_001.fastq.gz
Processing reads on 8 cores in single-end mode ...
Finished in 66.28 s (3 µs/read; 23.53 M reads/minute).

=== Summary ===

Total reads processed:              25,992,262
Reads with adapters:                12,172,931 (46.8%)
Reads written (passing filters):    25,992,262 (100.0%)

Total basepairs processed: 3,898,839,300 bp
Quality-trimmed:              13,591,347 bp (0.3%)
Total written (filtered):  3,728,782,150 bp (95.6%)

=== Adapter 1 ===

Sequence: AGATCGGAAGAGC; Type: regular 3'; Length: 13; Trimmed: 12172931 times

Minimum overlap: 1
No. of allowed errors:
1-9 bp: 0; 10-13 bp: 1

Bases preceding removed adapters:
  A: 24.5%
  C: 29.0%
  G: 27.7%
  T: 18.7%
  none/other: 0.1%

Overview of removed sequences
length	count	expect	max.err	error counts
1	5575499	6498065.5	0	5575499
2	1525377	1624516.4	0	1525377
3	537668	406129.1	0	537668
4	218142	101532.3	0	218142
5	143032	25383.1	0	143032
6	118888	6345.8	0	118888
7	116502	1586.4	0	116502
8	110673	396.6	0	110673
9	107106	99.2	0	106593 513
10	109383	24.8	1	106885 2498
11	106269	6.2	1	103676 2593
12	109741	1.5	1	106656 3085
13	102484	0.4	1	100116 2368
14	105465	0.4	1	102392 3073
15	114132	0.4	1	110895 3237
16	99611	0.4	1	96941 2670
17	103040	0.4	1	99700 3340
18	98917	0.4	1	95762 3155
19	108462	0.4	1	104671 3791
20	96019	0.4	1	93215 2804
21	85409	0.4	1	82902 2507
22	86174	0.4	1	83680 2494
23	91173	0.4	1	88378 2795
24	95576	0.4	1	92105 3471
25	83219	0.4	1	80715 2504
26	85585	0.4	1	82943 2642
27	90184	0.4	1	87347 2837
28	76053	0.4	1	73770 2283
29	74743	0.4	1	72574 2169
30	78011	0.4	1	75803 2208
31	62325	0.4	1	60876 1449
32	72637	0.4	1	70594 2043
33	72937	0.4	1	71086 1851
34	62708	0.4	1	61048 1660
35	63821	0.4	1	62126 1695
36	79008	0.4	1	76758 2250
37	59924	0.4	1	58370 1554
38	59567	0.4	1	58383 1184
39	41664	0.4	1	40717 947
40	49680	0.4	1	48456 1224
41	50302	0.4	1	49025 1277
42	50328	0.4	1	48908 1420
43	48976	0.4	1	47729 1247
44	41162	0.4	1	40152 1010
45	55961	0.4	1	54511 1450
46	35272	0.4	1	34278 994
47	33323	0.4	1	32429 894
48	41410	0.4	1	40457 953
49	30358	0.4	1	29639 719
50	28969	0.4	1	28255 714
51	28510	0.4	1	27719 791
52	30850	0.4	1	30039 811
53	20954	0.4	1	20460 494
54	24657	0.4	1	23968 689
55	23704	0.4	1	23112 592
56	19996	0.4	1	19498 498
57	22785	0.4	1	22141 644
58	24176	0.4	1	23638 538
59	15058	0.4	1	14677 381
60	17539	0.4	1	17143 396
61	11774	0.4	1	11506 268
62	13399	0.4	1	13098 301
63	9874	0.4	1	9648 226
64	13798	0.4	1	13530 268
65	8026	0.4	1	7834 192
66	9361	0.4	1	9149 212
67	9874	0.4	1	9661 213
68	7282	0.4	1	7095 187
69	5575	0.4	1	5434 141
70	9607	0.4	1	9436 171
71	2650	0.4	1	2521 129
72	4836	0.4	1	4722 114
73	5058	0.4	1	4924 134
74	5137	0.4	1	5014 123
75	5247	0.4	1	5134 113
76	1839	0.4	1	1778 61
77	3038	0.4	1	2947 91
78	3280	0.4	1	3183 97
79	3108	0.4	1	3028 80
80	2814	0.4	1	2737 77
81	2607	0.4	1	2519 88
82	2415	0.4	1	2329 86
83	2146	0.4	1	2062 84
84	1788	0.4	1	1719 69
85	1802	0.4	1	1733 69
86	1640	0.4	1	1579 61
87	1667	0.4	1	1612 55
88	1522	0.4	1	1469 53
89	1543	0.4	1	1484 59
90	1375	0.4	1	1328 47
91	1331	0.4	1	1270 61
92	1147	0.4	1	1100 47
93	1028	0.4	1	993 35
94	919	0.4	1	879 40
95	818	0.4	1	790 28
96	750	0.4	1	729 21
97	733	0.4	1	697 36
98	770	0.4	1	740 30
99	713	0.4	1	679 34
100	661	0.4	1	629 32
101	632	0.4	1	592 40
102	869	0.4	1	782 87
103	544	0.4	1	494 50
104	469	0.4	1	427 42
105	448	0.4	1	407 41
106	505	0.4	1	441 64
107	599	0.4	1	513 86
108	1053	0.4	1	828 225
109	442	0.4	1	394 48
110	625	0.4	1	530 95
111	383	0.4	1	315 68
112	508	0.4	1	435 73
113	426	0.4	1	359 67
114	476	0.4	1	404 72
115	662	0.4	1	532 130
116	638	0.4	1	495 143
117	579	0.4	1	453 126
118	600	0.4	1	482 118
119	638	0.4	1	465 173
120	1726	0.4	1	1306 420
121	2297	0.4	1	1686 611
122	1279	0.4	1	1075 204
123	414	0.4	1	336 78
124	263	0.4	1	213 50
125	533	0.4	1	453 80
126	325	0.4	1	240 85
127	350	0.4	1	275 75
128	625	0.4	1	416 209
129	737	0.4	1	478 259
130	5293	0.4	1	3945 1348
131	250820	0.4	1	231256 19564
132	734	0.4	1	670 64
133	268	0.4	1	248 20
134	226	0.4	1	215 11
135	155	0.4	1	146 9
136	93	0.4	1	90 3
137	129	0.4	1	124 5
138	238	0.4	1	231 7
139	148	0.4	1	137 11
140	144	0.4	1	142 2
141	309	0.4	1	305 4
142	193	0.4	1	186 7
143	250	0.4	1	240 10
144	273	0.4	1	264 9
145	327	0.4	1	318 9
146	420	0.4	1	405 15
147	404	0.4	1	386 18
148	350	0.4	1	342 8
149	225	0.4	1	194 31
150	8237	0.4	1	7148 1089

RUN STATISTICS FOR INPUT FILE: /vortexfs1/omics/tepolt/raw_reads/C_maenas/Cm_yrv_2023/25-186_R2_001.fastq.gz
=============================================
25992262 sequences processed in total

Total number of sequences analysed for the sequence pair length validation: 25992262

Number of sequence pairs removed because at least one read was shorter than the length cutoff (20 bp): 608719 (2.34%)
