
SUMMARISING RUN PARAMETERS
==========================
Input filename: /vortexfs1/omics/tepolt/raw_reads/C_maenas/Cm_yrv_2023/25-171_R1_001.fastq.gz
Trimming mode: paired-end
Trim Galore version: 0.6.6
Cutadapt version: 3.5
Python version: could not detect
Number of cores used for trimming: 8
Quality Phred score cutoff: 20
Quality encoding type selected: ASCII+33
Adapter sequence: 'AGATCGGAAGAGC' (Illumina TruSeq, Sanger iPCR; user defined)
Maximum trimming error rate: 0.1 (default)
Minimum required adapter overlap (stringency): 1 bp
Minimum required sequence length for both reads before a sequence pair gets removed: 20 bp
Running FastQC on the data once trimming has completed
Running FastQC with the following extra arguments: --outdir /vortexfs1/scratch/yaamini.venkataraman/wc-green-crab/output/06b-trimgalore     --threads 28
Output file will be GZIP compressed


This is cutadapt 3.5 with Python 3.9.5
Command line parameters: -j 8 -e 0.1 -q 20 -O 1 -a AGATCGGAAGAGC /vortexfs1/omics/tepolt/raw_reads/C_maenas/Cm_yrv_2023/25-171_R1_001.fastq.gz
Processing reads on 8 cores in single-end mode ...
Finished in 99.61 s (2 µs/read; 28.64 M reads/minute).

=== Summary ===

Total reads processed:              47,552,922
Reads with adapters:                19,565,489 (41.1%)
Reads written (passing filters):    47,552,922 (100.0%)

Total basepairs processed: 7,132,938,300 bp
Quality-trimmed:               9,494,020 bp (0.1%)
Total written (filtered):  6,940,860,418 bp (97.3%)

=== Adapter 1 ===

Sequence: AGATCGGAAGAGC; Type: regular 3'; Length: 13; Trimmed: 19565489 times

Minimum overlap: 1
No. of allowed errors:
1-9 bp: 0; 10-13 bp: 1

Bases preceding removed adapters:
  A: 26.5%
  C: 26.8%
  G: 18.4%
  T: 25.9%
  none/other: 2.3%

Overview of removed sequences
length	count	expect	max.err	error counts
1	11426422	11888230.5	0	11426422
2	2786038	2972057.6	0	2786038
3	997829	743014.4	0	997829
4	332779	185753.6	0	332779
5	170125	46438.4	0	170125
6	127668	11609.6	0	127668
7	121064	2902.4	0	121064
8	116178	725.6	0	116178
9	110836	181.4	0	110077 759
10	109789	45.4	1	106996 2793
11	103566	11.3	1	101379 2187
12	100931	2.8	1	98833 2098
13	99870	0.7	1	97564 2306
14	97230	0.7	1	95095 2135
15	102386	0.7	1	99967 2419
16	97438	0.7	1	95323 2115
17	96586	0.7	1	94310 2276
18	91721	0.7	1	89849 1872
19	91513	0.7	1	89454 2059
20	88168	0.7	1	86221 1947
21	81552	0.7	1	79528 2024
22	78337	0.7	1	76625 1712
23	74529	0.7	1	72757 1772
24	76483	0.7	1	74774 1709
25	79694	0.7	1	77831 1863
26	72851	0.7	1	71156 1695
27	71436	0.7	1	69711 1725
28	65631	0.7	1	63977 1654
29	61383	0.7	1	60028 1355
30	58030	0.7	1	56835 1195
31	56161	0.7	1	54857 1304
32	54490	0.7	1	53142 1348
33	52757	0.7	1	51487 1270
34	51033	0.7	1	49722 1311
35	49413	0.7	1	48245 1168
36	47053	0.7	1	45915 1138
37	46049	0.7	1	44941 1108
38	45275	0.7	1	44111 1164
39	42680	0.7	1	41563 1117
40	41227	0.7	1	40203 1024
41	37624	0.7	1	36689 935
42	35244	0.7	1	34217 1027
43	34726	0.7	1	33562 1164
44	42636	0.7	1	41232 1404
45	29581	0.7	1	28640 941
46	40902	0.7	1	40141 761
47	10142	0.7	1	9433 709
48	50119	0.7	1	49036 1083
49	31912	0.7	1	31258 654
50	13289	0.7	1	12859 430
51	20028	0.7	1	19583 445
52	23508	0.7	1	23109 399
53	9485	0.7	1	9181 304
54	20437	0.7	1	20197 240
55	9059	0.7	1	8817 242
56	14194	0.7	1	13942 252
57	11020	0.7	1	10815 205
58	11259	0.7	1	10959 300
59	21232	0.7	1	20886 346
60	9429	0.7	1	9160 269
61	14371	0.7	1	14151 220
62	3169	0.7	1	3028 141
63	4220	0.7	1	4109 111
64	6982	0.7	1	6735 247
65	17363	0.7	1	17169 194
66	1840	0.7	1	1743 97
67	1208	0.7	1	1136 72
68	4854	0.7	1	4731 123
69	4656	0.7	1	4542 114
70	4637	0.7	1	4538 99
71	3468	0.7	1	3410 58
72	1324	0.7	1	1283 41
73	1441	0.7	1	1386 55
74	2767	0.7	1	2698 69
75	2823	0.7	1	2748 75
76	2680	0.7	1	2597 83
77	2556	0.7	1	2471 85
78	2435	0.7	1	2363 72
79	2351	0.7	1	2263 88
80	2271	0.7	1	2161 110
81	2123	0.7	1	2011 112
82	2600	0.7	1	2497 103
83	2162	0.7	1	2053 109
84	1542	0.7	1	1502 40
85	1710	0.7	1	1644 66
86	1462	0.7	1	1407 55
87	1320	0.7	1	1261 59
88	1272	0.7	1	1217 55
89	1162	0.7	1	1103 59
90	1101	0.7	1	1051 50
91	1081	0.7	1	1013 68
92	941	0.7	1	888 53
93	882	0.7	1	828 54
94	836	0.7	1	786 50
95	720	0.7	1	675 45
96	659	0.7	1	626 33
97	655	0.7	1	622 33
98	657	0.7	1	616 41
99	672	0.7	1	621 51
100	604	0.7	1	568 36
101	545	0.7	1	510 35
102	475	0.7	1	451 24
103	507	0.7	1	463 44
104	441	0.7	1	409 32
105	437	0.7	1	403 34
106	391	0.7	1	370 21
107	926	0.7	1	892 34
108	404	0.7	1	370 34
109	410	0.7	1	381 29
110	328	0.7	1	313 15
111	402	0.7	1	344 58
112	346	0.7	1	293 53
113	312	0.7	1	258 54
114	310	0.7	1	267 43
115	281	0.7	1	233 48
116	308	0.7	1	266 42
117	229	0.7	1	202 27
118	272	0.7	1	246 26
119	258	0.7	1	241 17
120	324	0.7	1	295 29
121	464	0.7	1	439 25
122	268	0.7	1	241 27
123	163	0.7	1	138 25
124	138	0.7	1	113 25
125	142	0.7	1	119 23
126	119	0.7	1	84 35
127	125	0.7	1	90 35
128	154	0.7	1	111 43
129	184	0.7	1	146 38
130	1177	0.7	1	1052 125
131	28871	0.7	1	28302 569
132	301	0.7	1	240 61
133	174	0.7	1	113 61
134	260	0.7	1	201 59
135	188	0.7	1	137 51
136	162	0.7	1	90 72
137	172	0.7	1	105 67
138	216	0.7	1	168 48
139	150	0.7	1	94 56
140	221	0.7	1	150 71
141	291	0.7	1	221 70
142	221	0.7	1	143 78
143	284	0.7	1	193 91
144	393	0.7	1	273 120
145	347	0.7	1	196 151
146	461	0.7	1	288 173
147	574	0.7	1	252 322
148	719	0.7	1	262 457
149	8380	0.7	1	232 8148
150	450660	0.7	1	7793 442867

RUN STATISTICS FOR INPUT FILE: /vortexfs1/omics/tepolt/raw_reads/C_maenas/Cm_yrv_2023/25-171_R1_001.fastq.gz
=============================================
47552922 sequences processed in total

