
SUMMARISING RUN PARAMETERS
==========================
Input filename: /vortexfs1/omics/tepolt/raw_reads/C_maenas/Cm_yrv_2023/25-170_R2_001.fastq.gz
Trimming mode: paired-end
Trim Galore version: 0.6.6
Cutadapt version: 3.5
Python version: could not detect
Number of cores used for trimming: 8
Quality Phred score cutoff: 20
Quality encoding type selected: ASCII+33
Adapter sequence: 'AGATCGGAAGAGC' (Illumina TruSeq, Sanger iPCR; user defined)
Maximum trimming error rate: 0.1 (default)
Minimum required adapter overlap (stringency): 1 bp
Minimum required sequence length for both reads before a sequence pair gets removed: 20 bp
Running FastQC on the data once trimming has completed
Running FastQC with the following extra arguments: --outdir /vortexfs1/scratch/yaamini.venkataraman/wc-green-crab/output/06b-trimgalore     --threads 28
Output file will be GZIP compressed


This is cutadapt 3.5 with Python 3.9.5
Command line parameters: -j 8 -e 0.1 -q 20 -O 1 -a AGATCGGAAGAGC /vortexfs1/omics/tepolt/raw_reads/C_maenas/Cm_yrv_2023/25-170_R2_001.fastq.gz
Processing reads on 8 cores in single-end mode ...
Finished in 119.19 s (2 µs/read; 25.04 M reads/minute).

=== Summary ===

Total reads processed:              49,733,846
Reads with adapters:                22,639,792 (45.5%)
Reads written (passing filters):    49,733,846 (100.0%)

Total basepairs processed: 7,460,076,900 bp
Quality-trimmed:              23,009,347 bp (0.3%)
Total written (filtered):  7,231,043,958 bp (96.9%)

=== Adapter 1 ===

Sequence: AGATCGGAAGAGC; Type: regular 3'; Length: 13; Trimmed: 22639792 times

Minimum overlap: 1
No. of allowed errors:
1-9 bp: 0; 10-13 bp: 1

Bases preceding removed adapters:
  A: 26.7%
  C: 29.1%
  G: 25.1%
  T: 19.0%
  none/other: 0.1%

Overview of removed sequences
length	count	expect	max.err	error counts
1	11116768	12433461.5	0	11116768
2	3019854	3108365.4	0	3019854
3	1090292	777091.3	0	1090292
4	424604	194272.8	0	424604
5	272981	48568.2	0	272981
6	225484	12142.1	0	225484
7	217739	3035.5	0	217739
8	206724	758.9	0	206724
9	198792	189.7	0	197787 1005
10	201377	47.4	1	197206 4171
11	192787	11.9	1	188458 4329
12	198164	3.0	1	193451 4713
13	186085	0.7	1	182285 3800
14	190976	0.7	1	186194 4782
15	203096	0.7	1	197958 5138
16	179953	0.7	1	175664 4289
17	184414	0.7	1	179140 5274
18	177631	0.7	1	172520 5111
19	193533	0.7	1	187384 6149
20	173156	0.7	1	168593 4563
21	152345	0.7	1	148391 3954
22	153229	0.7	1	149121 4108
23	157468	0.7	1	153291 4177
24	167807	0.7	1	162374 5433
25	145114	0.7	1	141186 3928
26	148758	0.7	1	144635 4123
27	155082	0.7	1	150689 4393
28	129182	0.7	1	125683 3499
29	127750	0.7	1	124479 3271
30	132015	0.7	1	128708 3307
31	106311	0.7	1	104172 2139
32	119693	0.7	1	116690 3003
33	121335	0.7	1	118622 2713
34	103570	0.7	1	101255 2315
35	105313	0.7	1	102895 2418
36	129682	0.7	1	126419 3263
37	98748	0.7	1	96552 2196
38	97518	0.7	1	95796 1722
39	70136	0.7	1	68719 1417
40	80978	0.7	1	79281 1697
41	80831	0.7	1	78988 1843
42	80874	0.7	1	78796 2078
43	77692	0.7	1	75835 1857
44	65850	0.7	1	64407 1443
45	88011	0.7	1	85941 2070
46	53717	0.7	1	52397 1320
47	51654	0.7	1	50414 1240
48	64235	0.7	1	62871 1364
49	46875	0.7	1	45790 1085
50	44751	0.7	1	43734 1017
51	43681	0.7	1	42567 1114
52	46963	0.7	1	45836 1127
53	32228	0.7	1	31475 753
54	37805	0.7	1	36907 898
55	36140	0.7	1	35379 761
56	29880	0.7	1	29211 669
57	34033	0.7	1	33162 871
58	36386	0.7	1	35629 757
59	21658	0.7	1	21140 518
60	25822	0.7	1	25373 449
61	17393	0.7	1	17010 383
62	20172	0.7	1	19744 428
63	14488	0.7	1	14132 356
64	20227	0.7	1	19795 432
65	11694	0.7	1	11410 284
66	13385	0.7	1	13076 309
67	13874	0.7	1	13588 286
68	10191	0.7	1	9944 247
69	7851	0.7	1	7648 203
70	13764	0.7	1	13514 250
71	3589	0.7	1	3444 145
72	7182	0.7	1	6999 183
73	7514	0.7	1	7326 188
74	7563	0.7	1	7376 187
75	7492	0.7	1	7360 132
76	2412	0.7	1	2335 77
77	4197	0.7	1	4099 98
78	4547	0.7	1	4407 140
79	4439	0.7	1	4314 125
80	3936	0.7	1	3807 129
81	3741	0.7	1	3609 132
82	3452	0.7	1	3330 122
83	3010	0.7	1	2872 138
84	2751	0.7	1	2640 111
85	2648	0.7	1	2530 118
86	2455	0.7	1	2363 92
87	2383	0.7	1	2290 93
88	2265	0.7	1	2169 96
89	2163	0.7	1	2084 79
90	1973	0.7	1	1893 80
91	1827	0.7	1	1757 70
92	1668	0.7	1	1595 73
93	1485	0.7	1	1421 64
94	1318	0.7	1	1247 71
95	1194	0.7	1	1135 59
96	1179	0.7	1	1120 59
97	1126	0.7	1	1076 50
98	1072	0.7	1	1026 46
99	1116	0.7	1	1050 66
100	961	0.7	1	896 65
101	951	0.7	1	899 52
102	1034	0.7	1	936 98
103	798	0.7	1	748 50
104	756	0.7	1	710 46
105	632	0.7	1	587 45
106	664	0.7	1	616 48
107	747	0.7	1	686 61
108	1029	0.7	1	841 188
109	619	0.7	1	573 46
110	583	0.7	1	534 49
111	549	0.7	1	505 44
112	512	0.7	1	450 62
113	398	0.7	1	359 39
114	486	0.7	1	428 58
115	544	0.7	1	452 92
116	415	0.7	1	364 51
117	452	0.7	1	388 64
118	406	0.7	1	354 52
119	398	0.7	1	333 65
120	607	0.7	1	472 135
121	450	0.7	1	360 90
122	581	0.7	1	478 103
123	270	0.7	1	235 35
124	180	0.7	1	141 39
125	181	0.7	1	154 27
126	168	0.7	1	149 19
127	183	0.7	1	145 38
128	184	0.7	1	155 29
129	164	0.7	1	135 29
130	319	0.7	1	270 49
131	6870	0.7	1	5966 904
132	234	0.7	1	189 45
133	192	0.7	1	143 49
134	359	0.7	1	336 23
135	199	0.7	1	180 19
136	137	0.7	1	120 17
137	162	0.7	1	151 11
138	313	0.7	1	301 12
139	149	0.7	1	137 12
140	144	0.7	1	139 5
141	326	0.7	1	307 19
142	179	0.7	1	168 11
143	206	0.7	1	192 14
144	172	0.7	1	160 12
145	203	0.7	1	178 25
146	223	0.7	1	202 21
147	236	0.7	1	195 41
148	291	0.7	1	263 28
149	496	0.7	1	292 204
150	22214	0.7	1	15101 7113

RUN STATISTICS FOR INPUT FILE: /vortexfs1/omics/tepolt/raw_reads/C_maenas/Cm_yrv_2023/25-170_R2_001.fastq.gz
=============================================
49733846 sequences processed in total

Total number of sequences analysed for the sequence pair length validation: 49733846

Number of sequence pairs removed because at least one read was shorter than the length cutoff (20 bp): 645921 (1.30%)
