
SUMMARISING RUN PARAMETERS
==========================
Input filename: /vortexfs1/omics/tepolt/raw_reads/C_maenas/Cm_yrv_2023/25-115_R2_001.fastq.gz
Trimming mode: paired-end
Trim Galore version: 0.6.6
Cutadapt version: 3.5
Python version: could not detect
Number of cores used for trimming: 8
Quality Phred score cutoff: 20
Quality encoding type selected: ASCII+33
Adapter sequence: 'AGATCGGAAGAGC' (Illumina TruSeq, Sanger iPCR; user defined)
Maximum trimming error rate: 0.1 (default)
Minimum required adapter overlap (stringency): 1 bp
Minimum required sequence length for both reads before a sequence pair gets removed: 20 bp
Running FastQC on the data once trimming has completed
Running FastQC with the following extra arguments: --outdir /vortexfs1/scratch/yaamini.venkataraman/wc-green-crab/output/06b-trimgalore     --threads 28
Output file will be GZIP compressed


This is cutadapt 3.5 with Python 3.9.5
Command line parameters: -j 8 -e 0.1 -q 20 -O 1 -a AGATCGGAAGAGC /vortexfs1/omics/tepolt/raw_reads/C_maenas/Cm_yrv_2023/25-115_R2_001.fastq.gz
Processing reads on 8 cores in single-end mode ...
Finished in 94.98 s (2 µs/read; 24.78 M reads/minute).

=== Summary ===

Total reads processed:              39,222,905
Reads with adapters:                19,990,826 (51.0%)
Reads written (passing filters):    39,222,905 (100.0%)

Total basepairs processed: 5,883,435,750 bp
Quality-trimmed:              15,934,117 bp (0.3%)
Total written (filtered):  5,572,522,848 bp (94.7%)

=== Adapter 1 ===

Sequence: AGATCGGAAGAGC; Type: regular 3'; Length: 13; Trimmed: 19990826 times

Minimum overlap: 1
No. of allowed errors:
1-9 bp: 0; 10-13 bp: 1

Bases preceding removed adapters:
  A: 23.2%
  C: 29.8%
  G: 29.8%
  T: 17.2%
  none/other: 0.0%

Overview of removed sequences
length	count	expect	max.err	error counts
1	7892905	9805726.2	0	7892905
2	2231992	2451431.6	0	2231992
3	841707	612857.9	0	841707
4	360970	153214.5	0	360970
5	254239	38303.6	0	254239
6	220380	9575.9	0	220380
7	217776	2394.0	0	217776
8	210291	598.5	0	210291
9	202601	149.6	0	201724 877
10	205920	37.4	1	202171 3749
11	201545	9.4	1	197677 3868
12	207052	2.3	1	202534 4518
13	196691	0.6	1	193059 3632
14	203096	0.6	1	198392 4704
15	216386	0.6	1	211501 4885
16	193993	0.6	1	189817 4176
17	201563	0.6	1	196232 5331
18	196852	0.6	1	191797 5055
19	213364	0.6	1	207193 6171
20	193330	0.6	1	188602 4728
21	170307	0.6	1	166313 3994
22	174298	0.6	1	170024 4274
23	185558	0.6	1	180992 4566
24	191338	0.6	1	185777 5561
25	171029	0.6	1	166848 4181
26	175893	0.6	1	171461 4432
27	187889	0.6	1	182978 4911
28	156814	0.6	1	152913 3901
29	156565	0.6	1	153017 3548
30	159239	0.6	1	155715 3524
31	137412	0.6	1	134928 2484
32	150713	0.6	1	147505 3208
33	142208	0.6	1	139511 2697
34	178667	0.6	1	174830 3837
35	112620	0.6	1	110400 2220
36	145938	0.6	1	142966 2972
37	131766	0.6	1	129059 2707
38	130469	0.6	1	128103 2366
39	113676	0.6	1	111639 2037
40	145971	0.6	1	142999 2972
41	90811	0.6	1	89044 1767
42	104542	0.6	1	102577 1965
43	109654	0.6	1	107425 2229
44	97191	0.6	1	95377 1814
45	113306	0.6	1	110756 2550
46	87816	0.6	1	85930 1886
47	85202	0.6	1	83467 1735
48	93493	0.6	1	91626 1867
49	77203	0.6	1	75595 1608
50	71796	0.6	1	70388 1408
51	68369	0.6	1	66833 1536
52	70685	0.6	1	69145 1540
53	56938	0.6	1	55834 1104
54	58630	0.6	1	57448 1182
55	57852	0.6	1	56667 1185
56	50353	0.6	1	49397 956
57	51589	0.6	1	50453 1136
58	53310	0.6	1	52245 1065
59	40201	0.6	1	39380 821
60	39291	0.6	1	38578 713
61	34717	0.6	1	34066 651
62	34067	0.6	1	33469 598
63	26373	0.6	1	25894 479
64	31231	0.6	1	30702 529
65	22223	0.6	1	21805 418
66	23120	0.6	1	22701 419
67	22810	0.6	1	22359 451
68	18244	0.6	1	17932 312
69	15473	0.6	1	15211 262
70	20750	0.6	1	20376 374
71	8829	0.6	1	8609 220
72	11678	0.6	1	11461 217
73	11655	0.6	1	11414 241
74	11292	0.6	1	11096 196
75	12054	0.6	1	11857 197
76	3562	0.6	1	3437 125
77	6887	0.6	1	6748 139
78	6954	0.6	1	6791 163
79	6352	0.6	1	6217 135
80	5650	0.6	1	5512 138
81	5062	0.6	1	4921 141
82	4550	0.6	1	4401 149
83	4064	0.6	1	3938 126
84	3500	0.6	1	3391 109
85	3338	0.6	1	3215 123
86	3250	0.6	1	3135 115
87	2983	0.6	1	2899 84
88	2647	0.6	1	2565 82
89	2515	0.6	1	2434 81
90	2224	0.6	1	2156 68
91	1975	0.6	1	1910 65
92	1856	0.6	1	1794 62
93	1533	0.6	1	1478 55
94	1411	0.6	1	1372 39
95	1256	0.6	1	1213 43
96	1190	0.6	1	1141 49
97	1179	0.6	1	1126 53
98	1134	0.6	1	1080 54
99	1054	0.6	1	995 59
100	964	0.6	1	915 49
101	894	0.6	1	846 48
102	846	0.6	1	790 56
103	781	0.6	1	731 50
104	699	0.6	1	651 48
105	684	0.6	1	621 63
106	622	0.6	1	566 56
107	725	0.6	1	650 75
108	841	0.6	1	710 131
109	597	0.6	1	532 65
110	673	0.6	1	583 90
111	553	0.6	1	478 75
112	626	0.6	1	526 100
113	533	0.6	1	457 76
114	506	0.6	1	422 84
115	731	0.6	1	598 133
116	758	0.6	1	605 153
117	657	0.6	1	533 124
118	598	0.6	1	483 115
119	786	0.6	1	633 153
120	1752	0.6	1	1310 442
121	2596	0.6	1	1872 724
122	1350	0.6	1	1109 241
123	508	0.6	1	434 74
124	257	0.6	1	210 47
125	321	0.6	1	272 49
126	288	0.6	1	213 75
127	330	0.6	1	251 79
128	468	0.6	1	317 151
129	634	0.6	1	419 215
130	5521	0.6	1	4230 1291
131	310465	0.6	1	287817 22648
132	930	0.6	1	870 60
133	263	0.6	1	239 24
134	216	0.6	1	205 11
135	177	0.6	1	161 16
136	121	0.6	1	118 3
137	130	0.6	1	127 3
138	223	0.6	1	220 3
139	168	0.6	1	159 9
140	187	0.6	1	179 8
141	319	0.6	1	317 2
142	177	0.6	1	176 1
143	283	0.6	1	274 9
144	359	0.6	1	342 17
145	316	0.6	1	309 7
146	474	0.6	1	465 9
147	492	0.6	1	469 23
148	336	0.6	1	326 10
149	214	0.6	1	167 47
150	6980	0.6	1	5751 1229

RUN STATISTICS FOR INPUT FILE: /vortexfs1/omics/tepolt/raw_reads/C_maenas/Cm_yrv_2023/25-115_R2_001.fastq.gz
=============================================
39222905 sequences processed in total

Total number of sequences analysed for the sequence pair length validation: 39222905

Number of sequence pairs removed because at least one read was shorter than the length cutoff (20 bp): 686386 (1.75%)
