
SUMMARISING RUN PARAMETERS
==========================
Input filename: /vortexfs1/omics/tepolt/raw_reads/C_maenas/Cm_yrv_2023/25-168_R1_001.fastq.gz
Trimming mode: paired-end
Trim Galore version: 0.6.6
Cutadapt version: 3.5
Python version: could not detect
Number of cores used for trimming: 8
Quality Phred score cutoff: 20
Quality encoding type selected: ASCII+33
Adapter sequence: 'AGATCGGAAGAGC' (Illumina TruSeq, Sanger iPCR; user defined)
Maximum trimming error rate: 0.1 (default)
Minimum required adapter overlap (stringency): 1 bp
Minimum required sequence length for both reads before a sequence pair gets removed: 20 bp
Running FastQC on the data once trimming has completed
Running FastQC with the following extra arguments: --outdir /vortexfs1/scratch/yaamini.venkataraman/wc-green-crab/output/06b-trimgalore     --threads 28
Output file will be GZIP compressed


This is cutadapt 3.5 with Python 3.9.5
Command line parameters: -j 8 -e 0.1 -q 20 -O 1 -a AGATCGGAAGAGC /vortexfs1/omics/tepolt/raw_reads/C_maenas/Cm_yrv_2023/25-168_R1_001.fastq.gz
Processing reads on 8 cores in single-end mode ...
Finished in 96.15 s (2 µs/read; 27.52 M reads/minute).

=== Summary ===

Total reads processed:              44,104,075
Reads with adapters:                19,674,713 (44.6%)
Reads written (passing filters):    44,104,075 (100.0%)

Total basepairs processed: 6,615,611,250 bp
Quality-trimmed:               9,973,519 bp (0.2%)
Total written (filtered):  6,305,420,257 bp (95.3%)

=== Adapter 1 ===

Sequence: AGATCGGAAGAGC; Type: regular 3'; Length: 13; Trimmed: 19674713 times

Minimum overlap: 1
No. of allowed errors:
1-9 bp: 0; 10-13 bp: 1

Bases preceding removed adapters:
  A: 24.2%
  C: 27.0%
  G: 21.2%
  T: 23.6%
  none/other: 4.1%

Overview of removed sequences
length	count	expect	max.err	error counts
1	9569303	11026018.8	0	9569303
2	2524741	2756504.7	0	2524741
3	967692	689126.2	0	967692
4	308953	172281.5	0	308953
5	189111	43070.4	0	189111
6	152427	10767.6	0	152427
7	149514	2691.9	0	149514
8	142154	673.0	0	142154
9	138427	168.2	0	137413 1014
10	137670	42.1	1	134344 3326
11	135417	10.5	1	132510 2907
12	134505	2.6	1	131471 3034
13	134103	0.7	1	130786 3317
14	132469	0.7	1	129404 3065
15	140798	0.7	1	137325 3473
16	131409	0.7	1	128238 3171
17	128438	0.7	1	125145 3293
18	125456	0.7	1	122758 2698
19	124987	0.7	1	122101 2886
20	122965	0.7	1	119997 2968
21	116181	0.7	1	113366 2815
22	113568	0.7	1	111015 2553
23	116044	0.7	1	113288 2756
24	112478	0.7	1	109805 2673
25	113397	0.7	1	110573 2824
26	108652	0.7	1	105960 2692
27	105937	0.7	1	103244 2693
28	102514	0.7	1	99819 2695
29	97270	0.7	1	94924 2346
30	92317	0.7	1	90193 2124
31	91690	0.7	1	89563 2127
32	91084	0.7	1	88791 2293
33	89670	0.7	1	87604 2066
34	87827	0.7	1	85583 2244
35	83920	0.7	1	81785 2135
36	84269	0.7	1	81994 2275
37	81514	0.7	1	79449 2065
38	81142	0.7	1	79076 2066
39	75921	0.7	1	73835 2086
40	75587	0.7	1	73470 2117
41	69028	0.7	1	67220 1808
42	67929	0.7	1	65941 1988
43	67597	0.7	1	65252 2345
44	94303	0.7	1	91438 2865
45	58324	0.7	1	56439 1885
46	86257	0.7	1	84809 1448
47	18890	0.7	1	17079 1811
48	125040	0.7	1	122252 2788
49	124168	0.7	1	122369 1799
50	26484	0.7	1	25399 1085
51	33697	0.7	1	32728 969
52	50791	0.7	1	50096 695
53	15253	0.7	1	14444 809
54	55040	0.7	1	54501 539
55	11625	0.7	1	11139 486
56	26386	0.7	1	25966 420
57	15081	0.7	1	14668 413
58	21332	0.7	1	20597 735
59	59308	0.7	1	58587 721
60	13904	0.7	1	13269 635
61	28951	0.7	1	28591 360
62	3631	0.7	1	3365 266
63	4774	0.7	1	4541 233
64	14012	0.7	1	13484 528
65	36804	0.7	1	36352 452
66	3223	0.7	1	2995 228
67	2310	0.7	1	2121 189
68	9034	0.7	1	8768 266
69	12206	0.7	1	11951 255
70	10123	0.7	1	9899 224
71	8357	0.7	1	8200 157
72	3363	0.7	1	3237 126
73	3758	0.7	1	3636 122
74	7033	0.7	1	6864 169
75	7523	0.7	1	7336 187
76	7795	0.7	1	7616 179
77	7004	0.7	1	6750 254
78	7954	0.7	1	7744 210
79	6304	0.7	1	6103 201
80	5718	0.7	1	5483 235
81	5430	0.7	1	5211 219
82	5696	0.7	1	5513 183
83	4729	0.7	1	4561 168
84	4419	0.7	1	4278 141
85	5075	0.7	1	4926 149
86	3974	0.7	1	3812 162
87	3695	0.7	1	3581 114
88	3515	0.7	1	3399 116
89	3388	0.7	1	3265 123
90	3114	0.7	1	2998 116
91	3007	0.7	1	2891 116
92	2919	0.7	1	2816 103
93	2508	0.7	1	2408 100
94	2210	0.7	1	2128 82
95	2037	0.7	1	1959 78
96	2068	0.7	1	1995 73
97	2004	0.7	1	1955 49
98	2142	0.7	1	2075 67
99	1886	0.7	1	1829 57
100	1848	0.7	1	1769 79
101	1690	0.7	1	1623 67
102	1640	0.7	1	1576 64
103	1489	0.7	1	1434 55
104	1372	0.7	1	1321 51
105	1258	0.7	1	1203 55
106	1157	0.7	1	1109 48
107	2065	0.7	1	1997 68
108	1395	0.7	1	1330 65
109	1305	0.7	1	1234 71
110	1195	0.7	1	1137 58
111	1134	0.7	1	1045 89
112	1022	0.7	1	934 88
113	993	0.7	1	923 70
114	994	0.7	1	927 67
115	810	0.7	1	747 63
116	816	0.7	1	759 57
117	763	0.7	1	711 52
118	782	0.7	1	731 51
119	734	0.7	1	693 41
120	768	0.7	1	732 36
121	990	0.7	1	931 59
122	688	0.7	1	655 33
123	555	0.7	1	499 56
124	441	0.7	1	397 44
125	386	0.7	1	344 42
126	365	0.7	1	324 41
127	425	0.7	1	322 103
128	466	0.7	1	341 125
129	438	0.7	1	355 83
130	988	0.7	1	876 112
131	22502	0.7	1	22053 449
132	636	0.7	1	461 175
133	513	0.7	1	391 122
134	720	0.7	1	569 151
135	586	0.7	1	443 143
136	437	0.7	1	333 104
137	543	0.7	1	413 130
138	716	0.7	1	595 121
139	606	0.7	1	468 138
140	686	0.7	1	544 142
141	948	0.7	1	784 164
142	680	0.7	1	534 146
143	878	0.7	1	680 198
144	1055	0.7	1	829 226
145	1272	0.7	1	862 410
146	1495	0.7	1	1163 332
147	1690	0.7	1	1010 680
148	1664	0.7	1	819 845
149	14680	0.7	1	522 14158
150	785783	0.7	1	11749 774034

RUN STATISTICS FOR INPUT FILE: /vortexfs1/omics/tepolt/raw_reads/C_maenas/Cm_yrv_2023/25-168_R1_001.fastq.gz
=============================================
44104075 sequences processed in total

