
SUMMARISING RUN PARAMETERS
==========================
Input filename: /vortexfs1/omics/tepolt/raw_reads/C_maenas/Cm_yrv_2023/25-172_R2_001.fastq.gz
Trimming mode: paired-end
Trim Galore version: 0.6.6
Cutadapt version: 3.5
Python version: could not detect
Number of cores used for trimming: 8
Quality Phred score cutoff: 20
Quality encoding type selected: ASCII+33
Adapter sequence: 'AGATCGGAAGAGC' (Illumina TruSeq, Sanger iPCR; user defined)
Maximum trimming error rate: 0.1 (default)
Minimum required adapter overlap (stringency): 1 bp
Minimum required sequence length for both reads before a sequence pair gets removed: 20 bp
Running FastQC on the data once trimming has completed
Running FastQC with the following extra arguments: --outdir /vortexfs1/scratch/yaamini.venkataraman/wc-green-crab/output/06b-trimgalore     --threads 28
Output file will be GZIP compressed


This is cutadapt 3.5 with Python 3.9.5
Command line parameters: -j 8 -e 0.1 -q 20 -O 1 -a AGATCGGAAGAGC /vortexfs1/omics/tepolt/raw_reads/C_maenas/Cm_yrv_2023/25-172_R2_001.fastq.gz
Processing reads on 8 cores in single-end mode ...
Finished in 93.11 s (2 µs/read; 24.01 M reads/minute).

=== Summary ===

Total reads processed:              37,267,613
Reads with adapters:                19,283,135 (51.7%)
Reads written (passing filters):    37,267,613 (100.0%)

Total basepairs processed: 5,590,141,950 bp
Quality-trimmed:              18,652,722 bp (0.3%)
Total written (filtered):  5,299,966,001 bp (94.8%)

=== Adapter 1 ===

Sequence: AGATCGGAAGAGC; Type: regular 3'; Length: 13; Trimmed: 19283135 times

Minimum overlap: 1
No. of allowed errors:
1-9 bp: 0; 10-13 bp: 1

Bases preceding removed adapters:
  A: 22.6%
  C: 31.1%
  G: 28.2%
  T: 18.0%
  none/other: 0.1%

Overview of removed sequences
length	count	expect	max.err	error counts
1	7238500	9316903.2	0	7238500
2	2054261	2329225.8	0	2054261
3	797998	582306.5	0	797998
4	359568	145576.6	0	359568
5	264420	36394.2	0	264420
6	231081	9098.5	0	231081
7	228063	2274.6	0	228063
8	219364	568.7	0	219364
9	215018	142.2	0	214215 803
10	219997	35.5	1	215296 4701
11	217033	8.9	1	212152 4881
12	221052	2.2	1	215576 5476
13	213460	0.6	1	208761 4699
14	218268	0.6	1	212303 5965
15	230880	0.6	1	224720 6160
16	209551	0.6	1	204221 5330
17	213498	0.6	1	207179 6319
18	209423	0.6	1	202991 6432
19	209139	0.6	1	202610 6529
20	236036	0.6	1	228723 7313
21	172795	0.6	1	167680 5115
22	185310	0.6	1	180236 5074
23	195304	0.6	1	189745 5559
24	207194	0.6	1	200241 6953
25	181358	0.6	1	176148 5210
26	186864	0.6	1	181224 5640
27	197575	0.6	1	191656 5919
28	163961	0.6	1	159413 4548
29	165468	0.6	1	161115 4353
30	154815	0.6	1	151105 3710
31	164348	0.6	1	159806 4542
32	153853	0.6	1	150223 3630
33	169233	0.6	1	164548 4685
34	139206	0.6	1	136072 3134
35	148101	0.6	1	144340 3761
36	151184	0.6	1	146707 4477
37	151906	0.6	1	147828 4078
38	137183	0.6	1	134104 3079
39	124056	0.6	1	121202 2854
40	129500	0.6	1	126307 3193
41	115320	0.6	1	112402 2918
42	107257	0.6	1	104890 2367
43	111974	0.6	1	109107 2867
44	101321	0.6	1	99030 2291
45	113938	0.6	1	110838 3100
46	92211	0.6	1	89810 2401
47	86413	0.6	1	84306 2107
48	92800	0.6	1	90518 2282
49	77704	0.6	1	75898 1806
50	71282	0.6	1	69484 1798
51	69225	0.6	1	67405 1820
52	68704	0.6	1	66775 1929
53	56661	0.6	1	55400 1261
54	57527	0.6	1	56082 1445
55	58267	0.6	1	56672 1595
56	47812	0.6	1	46635 1177
57	49753	0.6	1	48494 1259
58	52626	0.6	1	51352 1274
59	38665	0.6	1	37699 966
60	37394	0.6	1	36622 772
61	31738	0.6	1	31044 694
62	32205	0.6	1	31502 703
63	25961	0.6	1	25428 533
64	30727	0.6	1	30058 669
65	21885	0.6	1	21394 491
66	22739	0.6	1	22291 448
67	21851	0.6	1	21377 474
68	18471	0.6	1	18050 421
69	14868	0.6	1	14530 338
70	19476	0.6	1	19074 402
71	9390	0.6	1	9154 236
72	11692	0.6	1	11429 263
73	11688	0.6	1	11375 313
74	11560	0.6	1	11312 248
75	11406	0.6	1	11188 218
76	3264	0.6	1	3130 134
77	7084	0.6	1	6942 142
78	7119	0.6	1	6955 164
79	6391	0.6	1	6210 181
80	5770	0.6	1	5636 134
81	5217	0.6	1	5047 170
82	4926	0.6	1	4751 175
83	4249	0.6	1	4085 164
84	3642	0.6	1	3524 118
85	3452	0.6	1	3335 117
86	3267	0.6	1	3149 118
87	3051	0.6	1	2963 88
88	2956	0.6	1	2852 104
89	2727	0.6	1	2625 102
90	2522	0.6	1	2445 77
91	2197	0.6	1	2123 74
92	2038	0.6	1	1962 76
93	1685	0.6	1	1613 72
94	1545	0.6	1	1477 68
95	1413	0.6	1	1358 55
96	1317	0.6	1	1264 53
97	1221	0.6	1	1174 47
98	1341	0.6	1	1281 60
99	1238	0.6	1	1150 88
100	1126	0.6	1	1086 40
101	980	0.6	1	940 40
102	1004	0.6	1	948 56
103	821	0.6	1	778 43
104	744	0.6	1	704 40
105	686	0.6	1	652 34
106	650	0.6	1	595 55
107	806	0.6	1	752 54
108	707	0.6	1	643 64
109	615	0.6	1	583 32
110	590	0.6	1	543 47
111	595	0.6	1	557 38
112	520	0.6	1	483 37
113	427	0.6	1	388 39
114	475	0.6	1	440 35
115	454	0.6	1	404 50
116	403	0.6	1	341 62
117	447	0.6	1	392 55
118	391	0.6	1	358 33
119	465	0.6	1	413 52
120	681	0.6	1	585 96
121	1004	0.6	1	869 135
122	478	0.6	1	412 66
123	314	0.6	1	274 40
124	201	0.6	1	178 23
125	173	0.6	1	141 32
126	142	0.6	1	115 27
127	157	0.6	1	132 25
128	238	0.6	1	180 58
129	273	0.6	1	201 72
130	1659	0.6	1	1251 408
131	80614	0.6	1	74111 6503
132	369	0.6	1	308 61
133	222	0.6	1	171 51
134	272	0.6	1	260 12
135	177	0.6	1	166 11
136	125	0.6	1	111 14
137	151	0.6	1	144 7
138	281	0.6	1	272 9
139	168	0.6	1	162 6
140	219	0.6	1	215 4
141	379	0.6	1	375 4
142	222	0.6	1	210 12
143	311	0.6	1	303 8
144	387	0.6	1	376 11
145	337	0.6	1	327 10
146	518	0.6	1	502 16
147	501	0.6	1	461 40
148	476	0.6	1	450 26
149	345	0.6	1	251 94
150	10868	0.6	1	9010 1858

RUN STATISTICS FOR INPUT FILE: /vortexfs1/omics/tepolt/raw_reads/C_maenas/Cm_yrv_2023/25-172_R2_001.fastq.gz
=============================================
37267613 sequences processed in total

Total number of sequences analysed for the sequence pair length validation: 37267613

Number of sequence pairs removed because at least one read was shorter than the length cutoff (20 bp): 615740 (1.65%)
