
SUMMARISING RUN PARAMETERS
==========================
Input filename: /vortexfs1/omics/tepolt/raw_reads/C_maenas/Cm_yrv_2023/25-169_R2_001.fastq.gz
Trimming mode: paired-end
Trim Galore version: 0.6.6
Cutadapt version: 3.5
Python version: could not detect
Number of cores used for trimming: 8
Quality Phred score cutoff: 20
Quality encoding type selected: ASCII+33
Adapter sequence: 'AGATCGGAAGAGC' (Illumina TruSeq, Sanger iPCR; user defined)
Maximum trimming error rate: 0.1 (default)
Minimum required adapter overlap (stringency): 1 bp
Minimum required sequence length for both reads before a sequence pair gets removed: 20 bp
Running FastQC on the data once trimming has completed
Running FastQC with the following extra arguments: --outdir /vortexfs1/scratch/yaamini.venkataraman/wc-green-crab/output/06b-trimgalore     --threads 28
Output file will be GZIP compressed


This is cutadapt 3.5 with Python 3.9.5
Command line parameters: -j 8 -e 0.1 -q 20 -O 1 -a AGATCGGAAGAGC /vortexfs1/omics/tepolt/raw_reads/C_maenas/Cm_yrv_2023/25-169_R2_001.fastq.gz
Processing reads on 8 cores in single-end mode ...
Finished in 131.49 s (2 µs/read; 26.34 M reads/minute).

=== Summary ===

Total reads processed:              57,727,336
Reads with adapters:                35,520,256 (61.5%)
Reads written (passing filters):    57,727,336 (100.0%)

Total basepairs processed: 8,659,100,400 bp
Quality-trimmed:              29,532,483 bp (0.3%)
Total written (filtered):  7,651,623,069 bp (88.4%)

=== Adapter 1 ===

Sequence: AGATCGGAAGAGC; Type: regular 3'; Length: 13; Trimmed: 35520256 times

Minimum overlap: 1
No. of allowed errors:
1-9 bp: 0; 10-13 bp: 1

Bases preceding removed adapters:
  A: 18.9%
  C: 34.5%
  G: 29.9%
  T: 16.4%
  none/other: 0.3%

Overview of removed sequences
length	count	expect	max.err	error counts
1	7965760	14431834.0	0	7965760
2	2383247	3607958.5	0	2383247
3	924635	901989.6	0	924635
4	444247	225497.4	0	444247
5	344811	56374.4	0	344811
6	316728	14093.6	0	316728
7	317913	3523.4	0	317913
8	310677	880.8	0	310677
9	311858	220.2	0	310932 926
10	324714	55.1	1	318672 6042
11	321321	13.8	1	314997 6324
12	331980	3.4	1	324694 7286
13	321331	0.9	1	314937 6394
14	332005	0.9	1	323695 8310
15	351711	0.9	1	343355 8356
16	336345	0.9	1	328419 7926
17	360517	0.9	1	350805 9712
18	353039	0.9	1	343146 9893
19	361665	0.9	1	351306 10359
20	413550	0.9	1	401466 12084
21	305763	0.9	1	297389 8374
22	337208	0.9	1	328614 8594
23	347842	0.9	1	338477 9365
24	386951	0.9	1	375445 11506
25	354640	0.9	1	345231 9409
26	372006	0.9	1	361757 10249
27	412568	0.9	1	401197 11371
28	348075	0.9	1	339135 8940
29	363994	0.9	1	355651 8343
30	350190	0.9	1	342739 7451
31	374516	0.9	1	365340 9176
32	357586	0.9	1	349812 7774
33	403014	0.9	1	393039 9975
34	344270	0.9	1	337221 7049
35	369426	0.9	1	361267 8159
36	393545	0.9	1	383161 10384
37	406103	0.9	1	395945 10158
38	384192	0.9	1	376398 7794
39	362236	0.9	1	354559 7677
40	391593	0.9	1	383049 8544
41	363700	0.9	1	355589 8111
42	352396	0.9	1	345467 6929
43	377572	0.9	1	368854 8718
44	345609	0.9	1	338454 7155
45	405990	0.9	1	395904 10086
46	337019	0.9	1	329188 7831
47	340020	0.9	1	332873 7147
48	382522	0.9	1	374483 8039
49	340496	0.9	1	333175 7321
50	322369	0.9	1	315414 6955
51	326903	0.9	1	319112 7791
52	334409	0.9	1	326506 7903
53	289443	0.9	1	283646 5797
54	310733	0.9	1	303895 6838
55	323629	0.9	1	316049 7580
56	288783	0.9	1	282893 5890
57	316124	0.9	1	309207 6917
58	344904	0.9	1	337508 7396
59	282125	0.9	1	276321 5804
60	276233	0.9	1	271202 5031
61	243727	0.9	1	239223 4504
62	250146	0.9	1	245353 4793
63	223290	0.9	1	219256 4034
64	272137	0.9	1	267249 4888
65	203154	0.9	1	199426 3728
66	209806	0.9	1	206036 3770
67	210492	0.9	1	206727 3765
68	187392	0.9	1	184019 3373
69	159747	0.9	1	156822 2925
70	207447	0.9	1	203984 3463
71	110832	0.9	1	108419 2413
72	138289	0.9	1	135835 2454
73	143102	0.9	1	140432 2670
74	144827	0.9	1	142230 2597
75	149846	0.9	1	147825 2021
76	43097	0.9	1	41808 1289
77	97076	0.9	1	95429 1647
78	97030	0.9	1	95144 1886
79	90352	0.9	1	88574 1778
80	84230	0.9	1	82597 1633
81	77332	0.9	1	75797 1535
82	70147	0.9	1	68739 1408
83	63870	0.9	1	62605 1265
84	57490	0.9	1	56372 1118
85	54265	0.9	1	53109 1156
86	52390	0.9	1	51366 1024
87	50725	0.9	1	49724 1001
88	46531	0.9	1	45644 887
89	43785	0.9	1	42938 847
90	40168	0.9	1	39408 760
91	36975	0.9	1	36269 706
92	33780	0.9	1	33120 660
93	29298	0.9	1	28724 574
94	25642	0.9	1	25064 578
95	22868	0.9	1	22400 468
96	21751	0.9	1	21308 443
97	20990	0.9	1	20558 432
98	20342	0.9	1	19907 435
99	18465	0.9	1	18063 402
100	16736	0.9	1	16382 354
101	14557	0.9	1	14257 300
102	12771	0.9	1	12496 275
103	12029	0.9	1	11758 271
104	10746	0.9	1	10516 230
105	9829	0.9	1	9619 210
106	9069	0.9	1	8837 232
107	9080	0.9	1	8880 200
108	8372	0.9	1	8204 168
109	7772	0.9	1	7619 153
110	7205	0.9	1	7046 159
111	6143	0.9	1	5998 145
112	5542	0.9	1	5401 141
113	4638	0.9	1	4542 96
114	4605	0.9	1	4482 123
115	3649	0.9	1	3574 75
116	3474	0.9	1	3401 73
117	2999	0.9	1	2940 59
118	3113	0.9	1	3017 96
119	2655	0.9	1	2591 64
120	2691	0.9	1	2617 74
121	2834	0.9	1	2742 92
122	2034	0.9	1	1981 53
123	1884	0.9	1	1826 58
124	1310	0.9	1	1268 42
125	873	0.9	1	846 27
126	801	0.9	1	770 31
127	815	0.9	1	788 27
128	862	0.9	1	830 32
129	1056	0.9	1	1005 51
130	1325	0.9	1	1245 80
131	5975	0.9	1	5483 492
132	1167	0.9	1	1117 50
133	968	0.9	1	920 48
134	3118	0.9	1	3056 62
135	1264	0.9	1	1233 31
136	1105	0.9	1	1082 23
137	1534	0.9	1	1488 46
138	3663	0.9	1	3605 58
139	2100	0.9	1	2056 44
140	1910	0.9	1	1878 32
141	3795	0.9	1	3733 62
142	2037	0.9	1	1992 45
143	3043	0.9	1	2984 59
144	3235	0.9	1	3166 69
145	2743	0.9	1	2674 69
146	3831	0.9	1	3756 75
147	3395	0.9	1	3278 117
148	3371	0.9	1	3245 126
149	2221	0.9	1	1761 460
150	90728	0.9	1	75954 14774

RUN STATISTICS FOR INPUT FILE: /vortexfs1/omics/tepolt/raw_reads/C_maenas/Cm_yrv_2023/25-169_R2_001.fastq.gz
=============================================
57727336 sequences processed in total

Total number of sequences analysed for the sequence pair length validation: 57727336

Number of sequence pairs removed because at least one read was shorter than the length cutoff (20 bp): 3609367 (6.25%)
