
SUMMARISING RUN PARAMETERS
==========================
Input filename: /vortexfs1/omics/tepolt/raw_reads/C_maenas/Cm_yrv_2023/25-168_R2_001.fastq.gz
Trimming mode: paired-end
Trim Galore version: 0.6.6
Cutadapt version: 3.5
Python version: could not detect
Number of cores used for trimming: 8
Quality Phred score cutoff: 20
Quality encoding type selected: ASCII+33
Adapter sequence: 'AGATCGGAAGAGC' (Illumina TruSeq, Sanger iPCR; user defined)
Maximum trimming error rate: 0.1 (default)
Minimum required adapter overlap (stringency): 1 bp
Minimum required sequence length for both reads before a sequence pair gets removed: 20 bp
Running FastQC on the data once trimming has completed
Running FastQC with the following extra arguments: --outdir /vortexfs1/scratch/yaamini.venkataraman/wc-green-crab/output/06b-trimgalore     --threads 28
Output file will be GZIP compressed


This is cutadapt 3.5 with Python 3.9.5
Command line parameters: -j 8 -e 0.1 -q 20 -O 1 -a AGATCGGAAGAGC /vortexfs1/omics/tepolt/raw_reads/C_maenas/Cm_yrv_2023/25-168_R2_001.fastq.gz
Processing reads on 8 cores in single-end mode ...
Finished in 104.96 s (2 µs/read; 25.21 M reads/minute).

=== Summary ===

Total reads processed:              44,104,075
Reads with adapters:                19,300,567 (43.8%)
Reads written (passing filters):    44,104,075 (100.0%)

Total basepairs processed: 6,615,611,250 bp
Quality-trimmed:              19,013,162 bp (0.3%)
Total written (filtered):  6,414,220,656 bp (97.0%)

=== Adapter 1 ===

Sequence: AGATCGGAAGAGC; Type: regular 3'; Length: 13; Trimmed: 19300567 times

Minimum overlap: 1
No. of allowed errors:
1-9 bp: 0; 10-13 bp: 1

Bases preceding removed adapters:
  A: 27.0%
  C: 28.0%
  G: 25.1%
  T: 19.9%
  none/other: 0.1%

Overview of removed sequences
length	count	expect	max.err	error counts
1	9978623	11026018.8	0	9978623
2	2621863	2756504.7	0	2621863
3	881861	689126.2	0	881861
4	326773	172281.5	0	326773
5	192571	43070.4	0	192571
6	154729	10767.6	0	154729
7	150694	2691.9	0	150694
8	142485	673.0	0	142485
9	137237	168.2	0	136490 747
10	138012	42.1	1	135006 3006
11	135004	10.5	1	132023 2981
12	137060	2.6	1	133634 3426
13	131719	0.7	1	128987 2732
14	132944	0.7	1	129556 3388
15	143008	0.7	1	139541 3467
16	126700	0.7	1	123767 2933
17	128904	0.7	1	125215 3689
18	126449	0.7	1	122776 3673
19	136447	0.7	1	132262 4185
20	124444	0.7	1	121218 3226
21	107688	0.7	1	104929 2759
22	110818	0.7	1	107894 2924
23	115291	0.7	1	112251 3040
24	121875	0.7	1	118078 3797
25	106585	0.7	1	103766 2819
26	108165	0.7	1	105202 2963
27	116714	0.7	1	113459 3255
28	96662	0.7	1	94193 2469
29	94306	0.7	1	91954 2352
30	92379	0.7	1	90092 2287
31	87228	0.7	1	85330 1898
32	89050	0.7	1	86994 2056
33	94315	0.7	1	92019 2296
34	82934	0.7	1	81021 1913
35	88522	0.7	1	86302 2220
36	90540	0.7	1	88422 2118
37	75721	0.7	1	73933 1788
38	77372	0.7	1	75740 1632
39	85485	0.7	1	83564 1921
40	66379	0.7	1	64903 1476
41	71528	0.7	1	69896 1632
42	60977	0.7	1	59587 1390
43	65425	0.7	1	63836 1589
44	59887	0.7	1	58567 1320
45	68883	0.7	1	67071 1812
46	55914	0.7	1	54567 1347
47	51702	0.7	1	50462 1240
48	58521	0.7	1	57250 1271
49	48329	0.7	1	47219 1110
50	44647	0.7	1	43623 1024
51	42960	0.7	1	41869 1091
52	43727	0.7	1	42651 1076
53	36821	0.7	1	35946 875
54	38047	0.7	1	37140 907
55	37965	0.7	1	36970 995
56	32573	0.7	1	31789 784
57	35536	0.7	1	34639 897
58	38190	0.7	1	37273 917
59	24472	0.7	1	23808 664
60	28045	0.7	1	27481 564
61	23787	0.7	1	23310 477
62	23388	0.7	1	22902 486
63	19286	0.7	1	18852 434
64	22306	0.7	1	21759 547
65	16801	0.7	1	16393 408
66	17102	0.7	1	16665 437
67	17238	0.7	1	16806 432
68	14728	0.7	1	14379 349
69	12350	0.7	1	12082 268
70	16071	0.7	1	15703 368
71	7648	0.7	1	7434 214
72	9689	0.7	1	9419 270
73	10285	0.7	1	9987 298
74	10104	0.7	1	9877 227
75	10597	0.7	1	10350 247
76	2991	0.7	1	2863 128
77	6663	0.7	1	6504 159
78	6741	0.7	1	6558 183
79	6437	0.7	1	6250 187
80	5863	0.7	1	5693 170
81	5493	0.7	1	5280 213
82	5248	0.7	1	4918 330
83	4776	0.7	1	4538 238
84	4407	0.7	1	4172 235
85	4183	0.7	1	3856 327
86	4135	0.7	1	3870 265
87	3843	0.7	1	3694 149
88	3464	0.7	1	3324 140
89	3529	0.7	1	3377 152
90	3241	0.7	1	3119 122
91	3148	0.7	1	3006 142
92	2980	0.7	1	2882 98
93	2540	0.7	1	2425 115
94	2318	0.7	1	2195 123
95	2127	0.7	1	2023 104
96	2046	0.7	1	1967 79
97	2074	0.7	1	1981 93
98	2180	0.7	1	2106 74
99	2042	0.7	1	1942 100
100	1845	0.7	1	1768 77
101	1737	0.7	1	1656 81
102	1627	0.7	1	1552 75
103	1455	0.7	1	1393 62
104	1383	0.7	1	1318 65
105	1266	0.7	1	1206 60
106	1190	0.7	1	1137 53
107	2105	0.7	1	2018 87
108	1334	0.7	1	1249 85
109	1311	0.7	1	1240 71
110	1210	0.7	1	1144 66
111	1104	0.7	1	1051 53
112	998	0.7	1	935 63
113	955	0.7	1	889 66
114	987	0.7	1	926 61
115	781	0.7	1	709 72
116	790	0.7	1	746 44
117	713	0.7	1	654 59
118	761	0.7	1	714 47
119	693	0.7	1	640 53
120	774	0.7	1	677 97
121	940	0.7	1	799 141
122	646	0.7	1	588 58
123	509	0.7	1	471 38
124	394	0.7	1	366 28
125	369	0.7	1	333 36
126	346	0.7	1	327 19
127	355	0.7	1	313 42
128	368	0.7	1	338 30
129	359	0.7	1	314 45
130	885	0.7	1	774 111
131	21313	0.7	1	19311 2002
132	479	0.7	1	448 31
133	411	0.7	1	381 30
134	574	0.7	1	548 26
135	456	0.7	1	434 22
136	343	0.7	1	325 18
137	438	0.7	1	421 17
138	610	0.7	1	593 17
139	480	0.7	1	465 15
140	559	0.7	1	541 18
141	815	0.7	1	796 19
142	536	0.7	1	519 17
143	692	0.7	1	671 21
144	857	0.7	1	833 24
145	893	0.7	1	864 29
146	1187	0.7	1	1145 42
147	1041	0.7	1	1000 41
148	830	0.7	1	808 22
149	570	0.7	1	458 112
150	13739	0.7	1	11836 1903

RUN STATISTICS FOR INPUT FILE: /vortexfs1/omics/tepolt/raw_reads/C_maenas/Cm_yrv_2023/25-168_R2_001.fastq.gz
=============================================
44104075 sequences processed in total

Total number of sequences analysed for the sequence pair length validation: 44104075

Number of sequence pairs removed because at least one read was shorter than the length cutoff (20 bp): 851446 (1.93%)
