
SUMMARISING RUN PARAMETERS
==========================
Input filename: /vortexfs1/omics/tepolt/raw_reads/C_maenas/Cm_yrv_2023/25-110_R1_001.fastq.gz
Trimming mode: paired-end
Trim Galore version: 0.6.6
Cutadapt version: 3.5
Python version: could not detect
Number of cores used for trimming: 8
Quality Phred score cutoff: 20
Quality encoding type selected: ASCII+33
Adapter sequence: 'AGATCGGAAGAGC' (Illumina TruSeq, Sanger iPCR; user defined)
Maximum trimming error rate: 0.1 (default)
Minimum required adapter overlap (stringency): 1 bp
Minimum required sequence length for both reads before a sequence pair gets removed: 20 bp
Running FastQC on the data once trimming has completed
Running FastQC with the following extra arguments: --outdir /vortexfs1/scratch/yaamini.venkataraman/wc-green-crab/output/06b-trimgalore     --threads 28
Output file will be GZIP compressed


This is cutadapt 3.5 with Python 3.9.5
Command line parameters: -j 8 -e 0.1 -q 20 -O 1 -a AGATCGGAAGAGC /vortexfs1/omics/tepolt/raw_reads/C_maenas/Cm_yrv_2023/25-110_R1_001.fastq.gz
Processing reads on 8 cores in single-end mode ...
Finished in 76.83 s (2 µs/read; 27.73 M reads/minute).

=== Summary ===

Total reads processed:              35,508,585
Reads with adapters:                16,219,345 (45.7%)
Reads written (passing filters):    35,508,585 (100.0%)

Total basepairs processed: 5,326,287,750 bp
Quality-trimmed:               6,581,399 bp (0.1%)
Total written (filtered):  5,121,993,235 bp (96.2%)

=== Adapter 1 ===

Sequence: AGATCGGAAGAGC; Type: regular 3'; Length: 13; Trimmed: 16219345 times

Minimum overlap: 1
No. of allowed errors:
1-9 bp: 0; 10-13 bp: 1

Bases preceding removed adapters:
  A: 23.9%
  C: 26.1%
  G: 20.9%
  T: 26.9%
  none/other: 2.2%

Overview of removed sequences
length	count	expect	max.err	error counts
1	7851707	8877146.2	0	7851707
2	1980378	2219286.6	0	1980378
3	848541	554821.6	0	848541
4	270015	138705.4	0	270015
5	185645	34676.4	0	185645
6	153436	8669.1	0	153436
7	151704	2167.3	0	151704
8	140624	541.8	0	140624
9	136607	135.5	0	135538 1069
10	135863	33.9	1	132852 3011
11	133083	8.5	1	130274 2809
12	133005	2.1	1	129897 3108
13	132956	0.5	1	129621 3335
14	132827	0.5	1	129679 3148
15	143790	0.5	1	140098 3692
16	129499	0.5	1	126267 3232
17	130991	0.5	1	127602 3389
18	125855	0.5	1	122962 2893
19	127007	0.5	1	123757 3250
20	122501	0.5	1	119386 3115
21	112774	0.5	1	109924 2850
22	110212	0.5	1	107583 2629
23	112438	0.5	1	109661 2777
24	108237	0.5	1	105565 2672
25	109185	0.5	1	106270 2915
26	103515	0.5	1	101008 2507
27	100041	0.5	1	97458 2583
28	95354	0.5	1	92818 2536
29	90169	0.5	1	87911 2258
30	85165	0.5	1	83108 2057
31	84244	0.5	1	82090 2154
32	82650	0.5	1	80454 2196
33	80226	0.5	1	78219 2007
34	76793	0.5	1	74789 2004
35	76385	0.5	1	74342 2043
36	74716	0.5	1	72760 1956
37	71193	0.5	1	69362 1831
38	71006	0.5	1	69093 1913
39	66098	0.5	1	64376 1722
40	62283	0.5	1	60667 1616
41	59337	0.5	1	57778 1559
42	54167	0.5	1	52697 1470
43	54522	0.5	1	52707 1815
44	70772	0.5	1	68584 2188
45	49229	0.5	1	47649 1580
46	66485	0.5	1	65467 1018
47	15168	0.5	1	13852 1316
48	80229	0.5	1	78614 1615
49	47014	0.5	1	46094 920
50	21935	0.5	1	21220 715
51	30336	0.5	1	29604 732
52	38891	0.5	1	38265 626
53	17730	0.5	1	17118 612
54	32444	0.5	1	32043 401
55	15356	0.5	1	14916 440
56	22054	0.5	1	21674 380
57	17804	0.5	1	17420 384
58	17325	0.5	1	16795 530
59	30423	0.5	1	29952 471
60	15325	0.5	1	14869 456
61	22138	0.5	1	21864 274
62	4974	0.5	1	4769 205
63	6524	0.5	1	6346 178
64	9752	0.5	1	9406 346
65	23381	0.5	1	23135 246
66	3047	0.5	1	2930 117
67	1991	0.5	1	1889 102
68	6788	0.5	1	6633 155
69	6179	0.5	1	6028 151
70	6265	0.5	1	6133 132
71	4769	0.5	1	4699 70
72	1901	0.5	1	1836 65
73	1915	0.5	1	1844 71
74	3426	0.5	1	3356 70
75	3497	0.5	1	3417 80
76	3299	0.5	1	3212 87
77	3042	0.5	1	2946 96
78	2902	0.5	1	2835 67
79	2769	0.5	1	2684 85
80	2407	0.5	1	2314 93
81	2165	0.5	1	2111 54
82	1986	0.5	1	1920 66
83	1783	0.5	1	1726 57
84	1525	0.5	1	1486 39
85	1668	0.5	1	1616 52
86	2031	0.5	1	1963 68
87	1258	0.5	1	1199 59
88	1228	0.5	1	1163 65
89	981	0.5	1	932 49
90	1009	0.5	1	955 54
91	967	0.5	1	912 55
92	944	0.5	1	910 34
93	719	0.5	1	682 37
94	705	0.5	1	665 40
95	627	0.5	1	600 27
96	508	0.5	1	486 22
97	502	0.5	1	476 26
98	484	0.5	1	455 29
99	462	0.5	1	441 21
100	409	0.5	1	389 20
101	366	0.5	1	347 19
102	358	0.5	1	337 21
103	354	0.5	1	335 19
104	315	0.5	1	296 19
105	303	0.5	1	287 16
106	289	0.5	1	266 23
107	274	0.5	1	254 20
108	269	0.5	1	251 18
109	220	0.5	1	203 17
110	224	0.5	1	200 24
111	215	0.5	1	189 26
112	205	0.5	1	177 28
113	200	0.5	1	168 32
114	176	0.5	1	148 28
115	153	0.5	1	133 20
116	156	0.5	1	131 25
117	157	0.5	1	139 18
118	128	0.5	1	118 10
119	149	0.5	1	129 20
120	158	0.5	1	140 18
121	198	0.5	1	177 21
122	137	0.5	1	123 14
123	88	0.5	1	71 17
124	81	0.5	1	57 24
125	89	0.5	1	63 26
126	81	0.5	1	62 19
127	100	0.5	1	65 35
128	90	0.5	1	68 22
129	124	0.5	1	90 34
130	384	0.5	1	328 56
131	12516	0.5	1	12262 254
132	188	0.5	1	132 56
133	108	0.5	1	70 38
134	234	0.5	1	204 30
135	124	0.5	1	74 50
136	107	0.5	1	62 45
137	148	0.5	1	92 56
138	179	0.5	1	132 47
139	136	0.5	1	84 52
140	169	0.5	1	111 58
141	303	0.5	1	235 68
142	188	0.5	1	125 63
143	264	0.5	1	191 73
144	342	0.5	1	230 112
145	353	0.5	1	219 134
146	488	0.5	1	335 153
147	524	0.5	1	281 243
148	696	0.5	1	294 402
149	7348	0.5	1	202 7146
150	350698	0.5	1	8023 342675

RUN STATISTICS FOR INPUT FILE: /vortexfs1/omics/tepolt/raw_reads/C_maenas/Cm_yrv_2023/25-110_R1_001.fastq.gz
=============================================
35508585 sequences processed in total

