
SUMMARISING RUN PARAMETERS
==========================
Input filename: /vortexfs1/omics/tepolt/raw_reads/C_maenas/Cm_yrv_2023/25-171_R2_001.fastq.gz
Trimming mode: paired-end
Trim Galore version: 0.6.6
Cutadapt version: 3.5
Python version: could not detect
Number of cores used for trimming: 8
Quality Phred score cutoff: 20
Quality encoding type selected: ASCII+33
Adapter sequence: 'AGATCGGAAGAGC' (Illumina TruSeq, Sanger iPCR; user defined)
Maximum trimming error rate: 0.1 (default)
Minimum required adapter overlap (stringency): 1 bp
Minimum required sequence length for both reads before a sequence pair gets removed: 20 bp
Running FastQC on the data once trimming has completed
Running FastQC with the following extra arguments: --outdir /vortexfs1/scratch/yaamini.venkataraman/wc-green-crab/output/06b-trimgalore     --threads 28
Output file will be GZIP compressed


This is cutadapt 3.5 with Python 3.9.5
Command line parameters: -j 8 -e 0.1 -q 20 -O 1 -a AGATCGGAAGAGC /vortexfs1/omics/tepolt/raw_reads/C_maenas/Cm_yrv_2023/25-171_R2_001.fastq.gz
Processing reads on 8 cores in single-end mode ...
Finished in 108.17 s (2 µs/read; 26.38 M reads/minute).

=== Summary ===

Total reads processed:              47,552,922
Reads with adapters:                20,223,316 (42.5%)
Reads written (passing filters):    47,552,922 (100.0%)

Total basepairs processed: 7,132,938,300 bp
Quality-trimmed:              20,336,254 bp (0.3%)
Total written (filtered):  6,996,557,988 bp (98.1%)

=== Adapter 1 ===

Sequence: AGATCGGAAGAGC; Type: regular 3'; Length: 13; Trimmed: 20223316 times

Minimum overlap: 1
No. of allowed errors:
1-9 bp: 0; 10-13 bp: 1

Bases preceding removed adapters:
  A: 30.9%
  C: 23.7%
  G: 22.3%
  T: 23.0%
  none/other: 0.0%

Overview of removed sequences
length	count	expect	max.err	error counts
1	12257243	11888230.5	0	12257243
2	3083787	2972057.6	0	3083787
3	970942	743014.4	0	970942
4	346679	185753.6	0	346679
5	172886	46438.4	0	172886
6	129940	11609.6	0	129940
7	122359	2902.4	0	122359
8	116013	725.6	0	116013
9	110186	181.4	0	109458 728
10	109805	45.4	1	107313 2492
11	103726	11.3	1	101040 2686
12	103054	2.8	1	100470 2584
13	98006	0.7	1	95985 2021
14	97702	0.7	1	95343 2359
15	104337	0.7	1	101872 2465
16	94103	0.7	1	91861 2242
17	96814	0.7	1	94051 2763
18	92287	0.7	1	89716 2571
19	97531	0.7	1	94497 3034
20	92152	0.7	1	89783 2369
21	74240	0.7	1	72222 2018
22	75229	0.7	1	73303 1926
23	74273	0.7	1	72274 1999
24	82529	0.7	1	80034 2495
25	74950	0.7	1	73026 1924
26	72949	0.7	1	71006 1943
27	77608	0.7	1	75415 2193
28	62008	0.7	1	60439 1569
29	59853	0.7	1	58443 1410
30	57291	0.7	1	55959 1332
31	54666	0.7	1	53451 1215
32	52924	0.7	1	51818 1106
33	52750	0.7	1	51644 1106
34	55322	0.7	1	53906 1416
35	55306	0.7	1	54072 1234
36	42243	0.7	1	41310 933
37	42682	0.7	1	41729 953
38	45349	0.7	1	44393 956
39	40942	0.7	1	40040 902
40	40944	0.7	1	40057 887
41	39262	0.7	1	38303 959
42	31205	0.7	1	30583 622
43	34321	0.7	1	33544 777
44	30281	0.7	1	29608 673
45	34043	0.7	1	33183 860
46	26695	0.7	1	26043 652
47	25368	0.7	1	24771 597
48	27804	0.7	1	27195 609
49	22849	0.7	1	22342 507
50	20503	0.7	1	19991 512
51	19674	0.7	1	19203 471
52	19022	0.7	1	18571 451
53	15999	0.7	1	15632 367
54	16592	0.7	1	16163 429
55	16507	0.7	1	16095 412
56	14477	0.7	1	14126 351
57	15635	0.7	1	15259 376
58	16002	0.7	1	15636 366
59	12282	0.7	1	11992 290
60	10691	0.7	1	10452 239
61	9939	0.7	1	9711 228
62	10500	0.7	1	10251 249
63	8030	0.7	1	7841 189
64	10250	0.7	1	10021 229
65	7263	0.7	1	7108 155
66	7189	0.7	1	7016 173
67	7114	0.7	1	6950 164
68	5914	0.7	1	5763 151
69	4963	0.7	1	4845 118
70	6110	0.7	1	5952 158
71	3139	0.7	1	3046 93
72	3768	0.7	1	3666 102
73	3784	0.7	1	3684 100
74	3774	0.7	1	3663 111
75	3852	0.7	1	3772 80
76	1164	0.7	1	1115 49
77	2408	0.7	1	2341 67
78	2437	0.7	1	2359 78
79	2346	0.7	1	2256 90
80	2231	0.7	1	2142 89
81	2055	0.7	1	1920 135
82	2201	0.7	1	1965 236
83	1999	0.7	1	1828 171
84	1565	0.7	1	1481 84
85	1477	0.7	1	1365 112
86	1428	0.7	1	1354 74
87	1339	0.7	1	1269 70
88	1244	0.7	1	1200 44
89	1209	0.7	1	1140 69
90	1106	0.7	1	1053 53
91	1061	0.7	1	1015 46
92	911	0.7	1	860 51
93	867	0.7	1	813 54
94	843	0.7	1	801 42
95	716	0.7	1	666 50
96	662	0.7	1	610 52
97	665	0.7	1	613 52
98	660	0.7	1	610 50
99	789	0.7	1	733 56
100	595	0.7	1	532 63
101	541	0.7	1	511 30
102	484	0.7	1	459 25
103	479	0.7	1	442 37
104	439	0.7	1	394 45
105	444	0.7	1	399 45
106	403	0.7	1	373 30
107	934	0.7	1	894 40
108	403	0.7	1	367 36
109	414	0.7	1	385 29
110	337	0.7	1	309 28
111	366	0.7	1	341 25
112	327	0.7	1	297 30
113	310	0.7	1	273 37
114	299	0.7	1	264 35
115	259	0.7	1	221 38
116	287	0.7	1	248 39
117	221	0.7	1	186 35
118	283	0.7	1	241 42
119	247	0.7	1	214 33
120	298	0.7	1	250 48
121	450	0.7	1	371 79
122	248	0.7	1	217 31
123	154	0.7	1	128 26
124	141	0.7	1	120 21
125	127	0.7	1	113 14
126	109	0.7	1	89 20
127	120	0.7	1	99 21
128	145	0.7	1	113 32
129	165	0.7	1	137 28
130	1404	0.7	1	1224 180
131	27380	0.7	1	24918 2462
132	248	0.7	1	224 24
133	120	0.7	1	107 13
134	222	0.7	1	201 21
135	146	0.7	1	137 9
136	92	0.7	1	88 4
137	107	0.7	1	103 4
138	178	0.7	1	171 7
139	97	0.7	1	89 8
140	168	0.7	1	150 18
141	235	0.7	1	226 9
142	152	0.7	1	144 8
143	208	0.7	1	202 6
144	285	0.7	1	271 14
145	208	0.7	1	200 8
146	312	0.7	1	297 15
147	278	0.7	1	241 37
148	263	0.7	1	246 17
149	311	0.7	1	205 106
150	9079	0.7	1	7929 1150

RUN STATISTICS FOR INPUT FILE: /vortexfs1/omics/tepolt/raw_reads/C_maenas/Cm_yrv_2023/25-171_R2_001.fastq.gz
=============================================
47552922 sequences processed in total

Total number of sequences analysed for the sequence pair length validation: 47552922

Number of sequence pairs removed because at least one read was shorter than the length cutoff (20 bp): 504439 (1.06%)
