
SUMMARISING RUN PARAMETERS
==========================
Input filename: /vortexfs1/omics/tepolt/raw_reads/C_maenas/Cm_yrv_2023/25-195_R1_001.fastq.gz
Trimming mode: paired-end
Trim Galore version: 0.6.6
Cutadapt version: 3.5
Python version: could not detect
Number of cores used for trimming: 8
Quality Phred score cutoff: 20
Quality encoding type selected: ASCII+33
Adapter sequence: 'AGATCGGAAGAGC' (Illumina TruSeq, Sanger iPCR; user defined)
Maximum trimming error rate: 0.1 (default)
Minimum required adapter overlap (stringency): 1 bp
Minimum required sequence length for both reads before a sequence pair gets removed: 20 bp
Running FastQC on the data once trimming has completed
Running FastQC with the following extra arguments: --outdir /vortexfs1/scratch/yaamini.venkataraman/wc-green-crab/output/06b-trimgalore     --threads 28
Output file will be GZIP compressed


This is cutadapt 3.5 with Python 3.9.5
Command line parameters: -j 8 -e 0.1 -q 20 -O 1 -a AGATCGGAAGAGC /vortexfs1/omics/tepolt/raw_reads/C_maenas/Cm_yrv_2023/25-195_R1_001.fastq.gz
Processing reads on 8 cores in single-end mode ...
Finished in 76.11 s (2 µs/read; 26.87 M reads/minute).

=== Summary ===

Total reads processed:              34,083,306
Reads with adapters:                18,007,794 (52.8%)
Reads written (passing filters):    34,083,306 (100.0%)

Total basepairs processed: 5,112,495,900 bp
Quality-trimmed:              12,379,031 bp (0.2%)
Total written (filtered):  4,720,868,561 bp (92.3%)

=== Adapter 1 ===

Sequence: AGATCGGAAGAGC; Type: regular 3'; Length: 13; Trimmed: 18007794 times

Minimum overlap: 1
No. of allowed errors:
1-9 bp: 0; 10-13 bp: 1

Bases preceding removed adapters:
  A: 20.2%
  C: 28.5%
  G: 23.1%
  T: 23.5%
  none/other: 4.7%

Overview of removed sequences
length	count	expect	max.err	error counts
1	6267766	8520826.5	0	6267766
2	1737764	2130206.6	0	1737764
3	725149	532551.7	0	725149
4	297912	133137.9	0	297912
5	227075	33284.5	0	227075
6	198044	8321.1	0	198044
7	198176	2080.3	0	198176
8	189316	520.1	0	189316
9	187116	130.0	0	186041 1075
10	188805	32.5	1	184763 4042
11	187203	8.1	1	183424 3779
12	187475	2.0	1	183470 4005
13	189826	0.5	1	185378 4448
14	187759	0.5	1	183606 4153
15	195610	0.5	1	190819 4791
16	186248	0.5	1	181857 4391
17	185863	0.5	1	180937 4926
18	181248	0.5	1	177333 3915
19	180582	0.5	1	176328 4254
20	177418	0.5	1	173235 4183
21	172392	0.5	1	168131 4261
22	168099	0.5	1	164469 3630
23	168059	0.5	1	164140 3919
24	166609	0.5	1	162801 3808
25	168386	0.5	1	164208 4178
26	162316	0.5	1	158582 3734
27	160114	0.5	1	156103 4011
28	157206	0.5	1	153058 4148
29	149141	0.5	1	145553 3588
30	144633	0.5	1	141450 3183
31	145812	0.5	1	142176 3636
32	153607	0.5	1	148771 4836
33	250214	0.5	1	246611 3603
34	19687	0.5	1	17595 2092
35	134672	0.5	1	131791 2881
36	132820	0.5	1	129364 3456
37	132723	0.5	1	129446 3277
38	128112	0.5	1	125124 2988
39	122891	0.5	1	119767 3124
40	121526	0.5	1	118243 3283
41	117270	0.5	1	114199 3071
42	110312	0.5	1	107338 2974
43	112562	0.5	1	108965 3597
44	153978	0.5	1	149409 4569
45	100747	0.5	1	97769 2978
46	135199	0.5	1	132971 2228
47	45427	0.5	1	41911 3516
48	279770	0.5	1	274937 4833
49	225529	0.5	1	222674 2855
50	51881	0.5	1	50332 1549
51	42482	0.5	1	41138 1344
52	96800	0.5	1	95803 997
53	21336	0.5	1	20298 1038
54	80268	0.5	1	79679 589
55	13709	0.5	1	13041 668
56	29294	0.5	1	28836 458
57	19716	0.5	1	19168 548
58	27776	0.5	1	26764 1012
59	79622	0.5	1	78754 868
60	18468	0.5	1	17707 761
61	32631	0.5	1	32203 428
62	3357	0.5	1	3117 240
63	6209	0.5	1	5921 288
64	19843	0.5	1	19175 668
65	52262	0.5	1	51730 532
66	3949	0.5	1	3701 248
67	2393	0.5	1	2179 214
68	13795	0.5	1	13469 326
69	15868	0.5	1	15539 329
70	16065	0.5	1	15816 249
71	12599	0.5	1	12398 201
72	5559	0.5	1	5427 132
73	4342	0.5	1	4165 177
74	10320	0.5	1	10105 215
75	11237	0.5	1	10995 242
76	10880	0.5	1	10640 240
77	10128	0.5	1	9875 253
78	9276	0.5	1	9078 198
79	8623	0.5	1	8427 196
80	7699	0.5	1	7455 244
81	6879	0.5	1	6639 240
82	6298	0.5	1	6139 159
83	5505	0.5	1	5354 151
84	4951	0.5	1	4828 123
85	4772	0.5	1	4625 147
86	4516	0.5	1	4385 131
87	3992	0.5	1	3877 115
88	3715	0.5	1	3601 114
89	3554	0.5	1	3438 116
90	3350	0.5	1	3250 100
91	2932	0.5	1	2824 108
92	2775	0.5	1	2690 85
93	2384	0.5	1	2290 94
94	2194	0.5	1	2115 79
95	1837	0.5	1	1761 76
96	1852	0.5	1	1785 67
97	1750	0.5	1	1689 61
98	1711	0.5	1	1645 66
99	1522	0.5	1	1468 54
100	1402	0.5	1	1352 50
101	1246	0.5	1	1200 46
102	1123	0.5	1	1073 50
103	1081	0.5	1	1038 43
104	931	0.5	1	893 38
105	881	0.5	1	844 37
106	803	0.5	1	761 42
107	781	0.5	1	749 32
108	701	0.5	1	662 39
109	765	0.5	1	724 41
110	697	0.5	1	663 34
111	685	0.5	1	610 75
112	569	0.5	1	518 51
113	522	0.5	1	470 52
114	483	0.5	1	429 54
115	417	0.5	1	380 37
116	384	0.5	1	340 44
117	346	0.5	1	311 35
118	329	0.5	1	295 34
119	285	0.5	1	264 21
120	311	0.5	1	270 41
121	295	0.5	1	263 32
122	247	0.5	1	216 31
123	251	0.5	1	209 42
124	175	0.5	1	140 35
125	173	0.5	1	134 39
126	167	0.5	1	124 43
127	167	0.5	1	122 45
128	185	0.5	1	127 58
129	231	0.5	1	157 74
130	365	0.5	1	256 109
131	1105	0.5	1	1001 104
132	256	0.5	1	161 95
133	301	0.5	1	177 124
134	568	0.5	1	468 100
135	372	0.5	1	270 102
136	276	0.5	1	169 107
137	361	0.5	1	235 126
138	769	0.5	1	648 121
139	384	0.5	1	261 123
140	402	0.5	1	263 139
141	904	0.5	1	751 153
142	522	0.5	1	377 145
143	661	0.5	1	473 188
144	729	0.5	1	501 228
145	708	0.5	1	435 273
146	883	0.5	1	577 306
147	1234	0.5	1	585 649
148	1650	0.5	1	816 834
149	15765	0.5	1	541 15224
150	841902	0.5	1	21205 820697

RUN STATISTICS FOR INPUT FILE: /vortexfs1/omics/tepolt/raw_reads/C_maenas/Cm_yrv_2023/25-195_R1_001.fastq.gz
=============================================
34083306 sequences processed in total

