
SUMMARISING RUN PARAMETERS
==========================
Input filename: /vortexfs1/omics/tepolt/raw_reads/C_maenas/Cm_yrv_2023/25-119_R2_001.fastq.gz
Trimming mode: paired-end
Trim Galore version: 0.6.6
Cutadapt version: 3.5
Python version: could not detect
Number of cores used for trimming: 8
Quality Phred score cutoff: 20
Quality encoding type selected: ASCII+33
Adapter sequence: 'AGATCGGAAGAGC' (Illumina TruSeq, Sanger iPCR; user defined)
Maximum trimming error rate: 0.1 (default)
Minimum required adapter overlap (stringency): 1 bp
Minimum required sequence length for both reads before a sequence pair gets removed: 20 bp
Running FastQC on the data once trimming has completed
Running FastQC with the following extra arguments: --outdir /vortexfs1/scratch/yaamini.venkataraman/wc-green-crab/output/06b-trimgalore     --threads 28
Output file will be GZIP compressed


This is cutadapt 3.5 with Python 3.9.5
Command line parameters: -j 8 -e 0.1 -q 20 -O 1 -a AGATCGGAAGAGC /vortexfs1/omics/tepolt/raw_reads/C_maenas/Cm_yrv_2023/25-119_R2_001.fastq.gz
Processing reads on 8 cores in single-end mode ...
Finished in 111.87 s (2 µs/read; 27.35 M reads/minute).

=== Summary ===

Total reads processed:              50,999,426
Reads with adapters:                21,428,609 (42.0%)
Reads written (passing filters):    50,999,426 (100.0%)

Total basepairs processed: 7,649,913,900 bp
Quality-trimmed:              21,722,835 bp (0.3%)
Total written (filtered):  7,504,533,480 bp (98.1%)

=== Adapter 1 ===

Sequence: AGATCGGAAGAGC; Type: regular 3'; Length: 13; Trimmed: 21428609 times

Minimum overlap: 1
No. of allowed errors:
1-9 bp: 0; 10-13 bp: 1

Bases preceding removed adapters:
  A: 31.7%
  C: 22.7%
  G: 21.1%
  T: 24.3%
  none/other: 0.1%

Overview of removed sequences
length	count	expect	max.err	error counts
1	13356241	12749856.5	0	13356241
2	3069245	3187464.1	0	3069245
3	930510	796866.0	0	930510
4	325598	199216.5	0	325598
5	169477	49804.1	0	169477
6	130541	12451.0	0	130541
7	124908	3112.8	0	124908
8	113615	778.2	0	113615
9	108172	194.5	0	107575 597
10	106997	48.6	1	104499 2498
11	101456	12.2	1	99194 2262
12	105543	3.0	1	102832 2711
13	100186	0.8	1	97994 2192
14	102803	0.8	1	100036 2767
15	115143	0.8	1	112154 2989
16	96684	0.8	1	94167 2517
17	98235	0.8	1	95360 2875
18	94383	0.8	1	91602 2781
19	102161	0.8	1	98855 3306
20	94619	0.8	1	91957 2662
21	77332	0.8	1	75224 2108
22	77290	0.8	1	75189 2101
23	82874	0.8	1	80630 2244
24	81980	0.8	1	79390 2590
25	79542	0.8	1	77284 2258
26	75014	0.8	1	72784 2230
27	80076	0.8	1	77676 2400
28	62528	0.8	1	60817 1711
29	62236	0.8	1	60544 1692
30	59999	0.8	1	58449 1550
31	56520	0.8	1	55179 1341
32	57058	0.8	1	55628 1430
33	59085	0.8	1	57542 1543
34	58793	0.8	1	57311 1482
35	47983	0.8	1	46903 1080
36	55129	0.8	1	53733 1396
37	49018	0.8	1	47825 1193
38	51848	0.8	1	50543 1305
39	57089	0.8	1	55671 1418
40	36011	0.8	1	35097 914
41	40545	0.8	1	39568 977
42	37040	0.8	1	36218 822
43	39468	0.8	1	38421 1047
44	34759	0.8	1	33940 819
45	40972	0.8	1	39907 1065
46	32350	0.8	1	31478 872
47	29539	0.8	1	28846 693
48	37544	0.8	1	36675 869
49	27257	0.8	1	26618 639
50	24004	0.8	1	23405 599
51	22909	0.8	1	22284 625
52	23886	0.8	1	23250 636
53	19719	0.8	1	19274 445
54	19724	0.8	1	19199 525
55	20456	0.8	1	19842 614
56	16907	0.8	1	16481 426
57	18349	0.8	1	17891 458
58	20676	0.8	1	20158 518
59	13941	0.8	1	13574 367
60	13466	0.8	1	13176 290
61	11592	0.8	1	11304 288
62	12300	0.8	1	12005 295
63	9613	0.8	1	9416 197
64	11689	0.8	1	11389 300
65	7734	0.8	1	7557 177
66	8070	0.8	1	7872 198
67	8081	0.8	1	7872 209
68	6497	0.8	1	6352 145
69	5285	0.8	1	5166 119
70	6903	0.8	1	6719 184
71	3098	0.8	1	2998 100
72	3851	0.8	1	3750 101
73	4084	0.8	1	3989 95
74	3920	0.8	1	3810 110
75	3823	0.8	1	3733 90
76	1150	0.8	1	1086 64
77	2435	0.8	1	2358 77
78	2372	0.8	1	2294 78
79	2277	0.8	1	2190 87
80	1974	0.8	1	1902 72
81	1921	0.8	1	1853 68
82	1788	0.8	1	1711 77
83	1527	0.8	1	1433 94
84	1371	0.8	1	1313 58
85	1262	0.8	1	1176 86
86	1268	0.8	1	1195 73
87	1172	0.8	1	1100 72
88	1070	0.8	1	1018 52
89	928	0.8	1	877 51
90	915	0.8	1	874 41
91	951	0.8	1	894 57
92	818	0.8	1	775 43
93	682	0.8	1	651 31
94	629	0.8	1	592 37
95	481	0.8	1	454 27
96	469	0.8	1	436 33
97	467	0.8	1	445 22
98	532	0.8	1	494 38
99	446	0.8	1	412 34
100	425	0.8	1	385 40
101	418	0.8	1	382 36
102	333	0.8	1	305 28
103	352	0.8	1	319 33
104	281	0.8	1	251 30
105	322	0.8	1	283 39
106	308	0.8	1	280 28
107	361	0.8	1	339 22
108	274	0.8	1	240 34
109	234	0.8	1	215 19
110	239	0.8	1	208 31
111	210	0.8	1	184 26
112	251	0.8	1	222 29
113	173	0.8	1	155 18
114	249	0.8	1	223 26
115	204	0.8	1	164 40
116	168	0.8	1	147 21
117	158	0.8	1	129 29
118	176	0.8	1	147 29
119	172	0.8	1	145 27
120	194	0.8	1	160 34
121	354	0.8	1	275 79
122	174	0.8	1	148 26
123	102	0.8	1	79 23
124	71	0.8	1	59 12
125	71	0.8	1	57 14
126	74	0.8	1	54 20
127	83	0.8	1	63 20
128	91	0.8	1	59 32
129	99	0.8	1	73 26
130	483	0.8	1	365 118
131	17220	0.8	1	15423 1797
132	131	0.8	1	106 25
133	99	0.8	1	69 30
134	238	0.8	1	226 12
135	78	0.8	1	67 11
136	55	0.8	1	48 7
137	62	0.8	1	56 6
138	135	0.8	1	122 13
139	35	0.8	1	33 2
140	57	0.8	1	55 2
141	162	0.8	1	155 7
142	51	0.8	1	45 6
143	94	0.8	1	92 2
144	93	0.8	1	85 8
145	73	0.8	1	66 7
146	111	0.8	1	91 20
147	126	0.8	1	99 27
148	144	0.8	1	128 16
149	289	0.8	1	183 106
150	19374	0.8	1	14748 4626

RUN STATISTICS FOR INPUT FILE: /vortexfs1/omics/tepolt/raw_reads/C_maenas/Cm_yrv_2023/25-119_R2_001.fastq.gz
=============================================
50999426 sequences processed in total

Total number of sequences analysed for the sequence pair length validation: 50999426

Number of sequence pairs removed because at least one read was shorter than the length cutoff (20 bp): 497851 (0.98%)
