
SUMMARISING RUN PARAMETERS
==========================
Input filename: /vortexfs1/omics/tepolt/raw_reads/C_maenas/Cm_yrv_2023/25-174_R2_001.fastq.gz
Trimming mode: paired-end
Trim Galore version: 0.6.6
Cutadapt version: 3.5
Python version: could not detect
Number of cores used for trimming: 8
Quality Phred score cutoff: 20
Quality encoding type selected: ASCII+33
Adapter sequence: 'AGATCGGAAGAGC' (Illumina TruSeq, Sanger iPCR; user defined)
Maximum trimming error rate: 0.1 (default)
Minimum required adapter overlap (stringency): 1 bp
Minimum required sequence length for both reads before a sequence pair gets removed: 20 bp
Running FastQC on the data once trimming has completed
Running FastQC with the following extra arguments: --outdir /vortexfs1/scratch/yaamini.venkataraman/wc-green-crab/output/06b-trimgalore     --threads 28
Output file will be GZIP compressed


This is cutadapt 3.5 with Python 3.9.5
Command line parameters: -j 8 -e 0.1 -q 20 -O 1 -a AGATCGGAAGAGC /vortexfs1/omics/tepolt/raw_reads/C_maenas/Cm_yrv_2023/25-174_R2_001.fastq.gz
Processing reads on 8 cores in single-end mode ...
Finished in 86.71 s (2 µs/read; 25.08 M reads/minute).

=== Summary ===

Total reads processed:              36,240,014
Reads with adapters:                18,320,958 (50.6%)
Reads written (passing filters):    36,240,014 (100.0%)

Total basepairs processed: 5,436,002,100 bp
Quality-trimmed:              17,280,775 bp (0.3%)
Total written (filtered):  5,161,544,054 bp (95.0%)

=== Adapter 1 ===

Sequence: AGATCGGAAGAGC; Type: regular 3'; Length: 13; Trimmed: 18320958 times

Minimum overlap: 1
No. of allowed errors:
1-9 bp: 0; 10-13 bp: 1

Bases preceding removed adapters:
  A: 24.0%
  C: 29.1%
  G: 27.3%
  T: 19.6%
  none/other: 0.1%

Overview of removed sequences
length	count	expect	max.err	error counts
1	7450164	9060003.5	0	7450164
2	1999341	2265000.9	0	1999341
3	745967	566250.2	0	745967
4	333269	141562.6	0	333269
5	241134	35390.6	0	241134
6	209053	8847.7	0	209053
7	207245	2211.9	0	207245
8	197992	553.0	0	197992
9	191222	138.2	0	190474 748
10	195012	34.6	1	190941 4071
11	189551	8.6	1	185548 4003
12	193304	2.2	1	188662 4642
13	185382	0.5	1	181377 4005
14	188916	0.5	1	183964 4952
15	205011	0.5	1	199651 5360
16	182119	0.5	1	177584 4535
17	188188	0.5	1	182649 5539
18	185024	0.5	1	179405 5619
19	201255	0.5	1	194726 6529
20	182540	0.5	1	177427 5113
21	159163	0.5	1	154783 4380
22	163152	0.5	1	158522 4630
23	167337	0.5	1	162516 4821
24	177693	0.5	1	171929 5764
25	155560	0.5	1	151291 4269
26	158476	0.5	1	153802 4674
27	170547	0.5	1	165456 5091
28	141132	0.5	1	137200 3932
29	136427	0.5	1	132780 3647
30	136822	0.5	1	133445 3377
31	127043	0.5	1	124128 2915
32	130227	0.5	1	127064 3163
33	137639	0.5	1	134023 3616
34	120505	0.5	1	117555 2950
35	127920	0.5	1	124531 3389
36	130683	0.5	1	127495 3188
37	109753	0.5	1	107040 2713
38	111812	0.5	1	109265 2547
39	123576	0.5	1	120689 2887
40	93952	0.5	1	91840 2112
41	101535	0.5	1	99209 2326
42	85573	0.5	1	83733 1840
43	91074	0.5	1	88859 2215
44	83125	0.5	1	81265 1860
45	94781	0.5	1	92265 2516
46	77725	0.5	1	75784 1941
47	70064	0.5	1	68372 1692
48	80923	0.5	1	79144 1779
49	64400	0.5	1	62868 1532
50	59489	0.5	1	58086 1403
51	56447	0.5	1	54957 1490
52	57162	0.5	1	55769 1393
53	47347	0.5	1	46287 1060
54	48814	0.5	1	47581 1233
55	48243	0.5	1	46968 1275
56	41139	0.5	1	40181 958
57	44315	0.5	1	43196 1119
58	47275	0.5	1	46177 1098
59	30288	0.5	1	29574 714
60	33333	0.5	1	32655 678
61	28568	0.5	1	27904 664
62	27295	0.5	1	26650 645
63	22560	0.5	1	22106 454
64	26316	0.5	1	25707 609
65	18797	0.5	1	18395 402
66	18807	0.5	1	18394 413
67	19099	0.5	1	18698 401
68	15591	0.5	1	15255 336
69	13142	0.5	1	12874 268
70	17179	0.5	1	16824 355
71	7945	0.5	1	7744 201
72	9854	0.5	1	9627 227
73	10099	0.5	1	9879 220
74	9701	0.5	1	9462 239
75	9466	0.5	1	9295 171
76	2810	0.5	1	2707 103
77	6121	0.5	1	5986 135
78	6028	0.5	1	5853 175
79	5522	0.5	1	5356 166
80	5219	0.5	1	4995 224
81	5034	0.5	1	4657 377
82	5136	0.5	1	4517 619
83	5206	0.5	1	4472 734
84	3806	0.5	1	3557 249
85	3302	0.5	1	3014 288
86	3049	0.5	1	2866 183
87	2775	0.5	1	2673 102
88	2544	0.5	1	2464 80
89	2333	0.5	1	2247 86
90	2138	0.5	1	2044 94
91	1971	0.5	1	1890 81
92	1869	0.5	1	1783 86
93	1595	0.5	1	1504 91
94	1406	0.5	1	1332 74
95	1231	0.5	1	1178 53
96	1151	0.5	1	1093 58
97	1082	0.5	1	1018 64
98	1127	0.5	1	1059 68
99	1204	0.5	1	1123 81
100	1014	0.5	1	949 65
101	947	0.5	1	891 56
102	1087	0.5	1	1005 82
103	875	0.5	1	824 51
104	814	0.5	1	765 49
105	714	0.5	1	657 57
106	691	0.5	1	634 57
107	1845	0.5	1	1760 85
108	1136	0.5	1	962 174
109	683	0.5	1	636 47
110	692	0.5	1	620 72
111	650	0.5	1	573 77
112	672	0.5	1	584 88
113	633	0.5	1	553 80
114	1073	0.5	1	985 88
115	765	0.5	1	639 126
116	845	0.5	1	700 145
117	750	0.5	1	639 111
118	668	0.5	1	573 95
119	703	0.5	1	551 152
120	1310	0.5	1	1019 291
121	2408	0.5	1	1821 587
122	1091	0.5	1	914 177
123	457	0.5	1	376 81
124	264	0.5	1	217 47
125	241	0.5	1	186 55
126	268	0.5	1	194 74
127	266	0.5	1	194 72
128	502	0.5	1	337 165
129	562	0.5	1	385 177
130	5253	0.5	1	4064 1189
131	223351	0.5	1	205093 18258
132	1438	0.5	1	1323 115
133	413	0.5	1	376 37
134	373	0.5	1	348 25
135	286	0.5	1	278 8
136	149	0.5	1	143 6
137	154	0.5	1	148 6
138	319	0.5	1	307 12
139	168	0.5	1	159 9
140	157	0.5	1	154 3
141	367	0.5	1	357 10
142	169	0.5	1	167 2
143	255	0.5	1	246 9
144	232	0.5	1	221 11
145	211	0.5	1	198 13
146	319	0.5	1	298 21
147	307	0.5	1	259 48
148	293	0.5	1	272 21
149	452	0.5	1	278 174
150	19428	0.5	1	15026 4402

RUN STATISTICS FOR INPUT FILE: /vortexfs1/omics/tepolt/raw_reads/C_maenas/Cm_yrv_2023/25-174_R2_001.fastq.gz
=============================================
36240014 sequences processed in total

Total number of sequences analysed for the sequence pair length validation: 36240014

Number of sequence pairs removed because at least one read was shorter than the length cutoff (20 bp): 762592 (2.10%)
