
SUMMARISING RUN PARAMETERS
==========================
Input filename: /vortexfs1/omics/tepolt/raw_reads/C_maenas/Cm_yrv_2023/25-174_R1_001.fastq.gz
Trimming mode: paired-end
Trim Galore version: 0.6.6
Cutadapt version: 3.5
Python version: could not detect
Number of cores used for trimming: 8
Quality Phred score cutoff: 20
Quality encoding type selected: ASCII+33
Adapter sequence: 'AGATCGGAAGAGC' (Illumina TruSeq, Sanger iPCR; user defined)
Maximum trimming error rate: 0.1 (default)
Minimum required adapter overlap (stringency): 1 bp
Minimum required sequence length for both reads before a sequence pair gets removed: 20 bp
Running FastQC on the data once trimming has completed
Running FastQC with the following extra arguments: --outdir /vortexfs1/scratch/yaamini.venkataraman/wc-green-crab/output/06b-trimgalore     --threads 28
Output file will be GZIP compressed


This is cutadapt 3.5 with Python 3.9.5
Command line parameters: -j 8 -e 0.1 -q 20 -O 1 -a AGATCGGAAGAGC /vortexfs1/omics/tepolt/raw_reads/C_maenas/Cm_yrv_2023/25-174_R1_001.fastq.gz
Processing reads on 8 cores in single-end mode ...
Finished in 80.82 s (2 µs/read; 26.90 M reads/minute).

=== Summary ===

Total reads processed:              36,240,014
Reads with adapters:                18,475,084 (51.0%)
Reads written (passing filters):    36,240,014 (100.0%)

Total basepairs processed: 5,436,002,100 bp
Quality-trimmed:               8,284,848 bp (0.2%)
Total written (filtered):  5,095,820,828 bp (93.7%)

=== Adapter 1 ===

Sequence: AGATCGGAAGAGC; Type: regular 3'; Length: 13; Trimmed: 18475084 times

Minimum overlap: 1
No. of allowed errors:
1-9 bp: 0; 10-13 bp: 1

Bases preceding removed adapters:
  A: 21.7%
  C: 27.3%
  G: 22.0%
  T: 26.3%
  none/other: 2.7%

Overview of removed sequences
length	count	expect	max.err	error counts
1	7140146	9060003.5	0	7140146
2	1893754	2265000.9	0	1893754
3	797024	566250.2	0	797024
4	316997	141562.6	0	316997
5	239168	35390.6	0	239168
6	208102	8847.7	0	208102
7	206562	2211.9	0	206562
8	197704	553.0	0	197704
9	193325	138.2	0	191767 1558
10	194328	34.6	1	189836 4492
11	190754	8.6	1	186470 4284
12	189482	2.2	1	185136 4346
13	189739	0.5	1	184857 4882
14	188472	0.5	1	183796 4676
15	201299	0.5	1	196074 5225
16	188329	0.5	1	183438 4891
17	188672	0.5	1	183487 5185
18	184012	0.5	1	179536 4476
19	184923	0.5	1	180120 4803
20	180444	0.5	1	175927 4517
21	171522	0.5	1	166922 4600
22	166918	0.5	1	162896 4022
23	168567	0.5	1	164163 4404
24	164570	0.5	1	160482 4088
25	165461	0.5	1	160997 4464
26	159192	0.5	1	154953 4239
27	154284	0.5	1	150163 4121
28	150388	0.5	1	146160 4228
29	141403	0.5	1	137798 3605
30	136814	0.5	1	133365 3449
31	135407	0.5	1	131802 3605
32	133515	0.5	1	129855 3660
33	130057	0.5	1	126527 3530
34	124951	0.5	1	121624 3327
35	124631	0.5	1	121354 3277
36	120907	0.5	1	117577 3330
37	117026	0.5	1	113829 3197
38	118283	0.5	1	114986 3297
39	109529	0.5	1	106562 2967
40	104897	0.5	1	101900 2997
41	100714	0.5	1	97902 2812
42	94191	0.5	1	91527 2664
43	95003	0.5	1	91738 3265
44	123002	0.5	1	119214 3788
45	84417	0.5	1	81639 2778
46	114698	0.5	1	112780 1918
47	27073	0.5	1	24880 2193
48	137186	0.5	1	134236 2950
49	83411	0.5	1	81746 1665
50	40286	0.5	1	38998 1288
51	55060	0.5	1	53673 1387
52	70974	0.5	1	69880 1094
53	31797	0.5	1	30718 1079
54	59456	0.5	1	58587 869
55	27762	0.5	1	26945 817
56	40717	0.5	1	39911 806
57	32058	0.5	1	31370 688
58	32258	0.5	1	31220 1038
59	55522	0.5	1	54607 915
60	28422	0.5	1	27565 857
61	42011	0.5	1	41481 530
62	9652	0.5	1	9286 366
63	12792	0.5	1	12436 356
64	19398	0.5	1	18618 780
65	45392	0.5	1	44940 452
66	6109	0.5	1	5849 260
67	4065	0.5	1	3853 212
68	13177	0.5	1	12913 264
69	12891	0.5	1	12587 304
70	12997	0.5	1	12765 232
71	9715	0.5	1	9562 153
72	3772	0.5	1	3675 97
73	3829	0.5	1	3703 126
74	7126	0.5	1	6948 178
75	7154	0.5	1	6978 176
76	6947	0.5	1	6783 164
77	6377	0.5	1	6178 199
78	6324	0.5	1	6192 132
79	5563	0.5	1	5393 170
80	5553	0.5	1	5135 418
81	5345	0.5	1	5043 302
82	6233	0.5	1	6004 229
83	6609	0.5	1	6390 219
84	4047	0.5	1	3936 111
85	5098	0.5	1	4952 146
86	3776	0.5	1	3676 100
87	2864	0.5	1	2781 83
88	2644	0.5	1	2554 90
89	2357	0.5	1	2276 81
90	2198	0.5	1	2116 82
91	2012	0.5	1	1923 89
92	1950	0.5	1	1899 51
93	1673	0.5	1	1604 69
94	1444	0.5	1	1402 42
95	1275	0.5	1	1236 39
96	1191	0.5	1	1152 39
97	1109	0.5	1	1067 42
98	1161	0.5	1	1100 61
99	1176	0.5	1	1099 77
100	1061	0.5	1	1016 45
101	944	0.5	1	897 47
102	1160	0.5	1	1102 58
103	923	0.5	1	893 30
104	858	0.5	1	813 45
105	745	0.5	1	712 33
106	725	0.5	1	694 31
107	1874	0.5	1	1820 54
108	1201	0.5	1	1140 61
109	719	0.5	1	676 43
110	746	0.5	1	705 41
111	684	0.5	1	639 45
112	759	0.5	1	712 47
113	674	0.5	1	619 55
114	1113	0.5	1	1031 82
115	827	0.5	1	771 56
116	897	0.5	1	845 52
117	818	0.5	1	778 40
118	727	0.5	1	691 36
119	738	0.5	1	696 42
120	1441	0.5	1	1366 75
121	2678	0.5	1	2589 89
122	1170	0.5	1	1115 55
123	514	0.5	1	471 43
124	280	0.5	1	249 31
125	262	0.5	1	237 25
126	276	0.5	1	225 51
127	310	0.5	1	255 55
128	437	0.5	1	379 58
129	641	0.5	1	553 88
130	4461	0.5	1	4176 285
131	233678	0.5	1	230014 3664
132	1507	0.5	1	1421 86
133	463	0.5	1	399 64
134	420	0.5	1	358 62
135	361	0.5	1	286 75
136	198	0.5	1	140 58
137	226	0.5	1	150 76
138	400	0.5	1	310 90
139	240	0.5	1	157 83
140	235	0.5	1	157 78
141	450	0.5	1	353 97
142	290	0.5	1	176 114
143	363	0.5	1	246 117
144	381	0.5	1	232 149
145	391	0.5	1	195 196
146	507	0.5	1	303 204
147	730	0.5	1	262 468
148	866	0.5	1	297 569
149	8974	0.5	1	335 8639
150	493170	0.5	1	14837 478333

RUN STATISTICS FOR INPUT FILE: /vortexfs1/omics/tepolt/raw_reads/C_maenas/Cm_yrv_2023/25-174_R1_001.fastq.gz
=============================================
36240014 sequences processed in total

