
SUMMARISING RUN PARAMETERS
==========================
Input filename: /vortexfs1/omics/tepolt/raw_reads/C_maenas/Cm_yrv_2023/25-179_R1_001.fastq.gz
Trimming mode: paired-end
Trim Galore version: 0.6.6
Cutadapt version: 3.5
Python version: could not detect
Number of cores used for trimming: 8
Quality Phred score cutoff: 20
Quality encoding type selected: ASCII+33
Adapter sequence: 'AGATCGGAAGAGC' (Illumina TruSeq, Sanger iPCR; user defined)
Maximum trimming error rate: 0.1 (default)
Minimum required adapter overlap (stringency): 1 bp
Minimum required sequence length for both reads before a sequence pair gets removed: 20 bp
Running FastQC on the data once trimming has completed
Running FastQC with the following extra arguments: --outdir /vortexfs1/scratch/yaamini.venkataraman/wc-green-crab/output/06b-trimgalore     --threads 28
Output file will be GZIP compressed


This is cutadapt 3.5 with Python 3.9.5
Command line parameters: -j 8 -e 0.1 -q 20 -O 1 -a AGATCGGAAGAGC /vortexfs1/omics/tepolt/raw_reads/C_maenas/Cm_yrv_2023/25-179_R1_001.fastq.gz
Processing reads on 8 cores in single-end mode ...
Finished in 90.68 s (2 µs/read; 28.00 M reads/minute).

=== Summary ===

Total reads processed:              42,313,327
Reads with adapters:                24,049,916 (56.8%)
Reads written (passing filters):    42,313,327 (100.0%)

Total basepairs processed: 6,346,999,050 bp
Quality-trimmed:              26,321,774 bp (0.4%)
Total written (filtered):  5,610,594,476 bp (88.4%)

=== Adapter 1 ===

Sequence: AGATCGGAAGAGC; Type: regular 3'; Length: 13; Trimmed: 24049916 times

Minimum overlap: 1
No. of allowed errors:
1-9 bp: 0; 10-13 bp: 1

Bases preceding removed adapters:
  A: 18.5%
  C: 28.7%
  G: 22.2%
  T: 23.5%
  none/other: 7.1%

Overview of removed sequences
length	count	expect	max.err	error counts
1	7232307	10578331.8	0	7232307
2	2010650	2644582.9	0	2010650
3	775724	661145.7	0	775724
4	352074	165286.4	0	352074
5	254903	41321.6	0	254903
6	223428	10330.4	0	223428
7	224441	2582.6	0	224441
8	216142	645.7	0	216142
9	216969	161.4	0	215615 1354
10	218825	40.4	1	214470 4355
11	215619	10.1	1	211397 4222
12	215179	2.5	1	211074 4105
13	217344	0.6	1	212535 4809
14	215514	0.6	1	210930 4584
15	224484	0.6	1	219350 5134
16	221678	0.6	1	216755 4923
17	220639	0.6	1	215502 5137
18	215552	0.6	1	211070 4482
19	221692	0.6	1	216774 4918
20	208775	0.6	1	204213 4562
21	205549	0.6	1	200817 4732
22	203379	0.6	1	199196 4183
23	200550	0.6	1	196180 4370
24	202367	0.6	1	198030 4337
25	209803	0.6	1	205013 4790
26	203121	0.6	1	198722 4399
27	198903	0.6	1	194430 4473
28	194936	0.6	1	190176 4760
29	186899	0.6	1	182809 4090
30	182630	0.6	1	178885 3745
31	182074	0.6	1	178045 4029
32	184029	0.6	1	179697 4332
33	180053	0.6	1	176009 4044
34	178349	0.6	1	174137 4212
35	177511	0.6	1	173170 4341
36	175860	0.6	1	171642 4218
37	174199	0.6	1	170192 4007
38	173161	0.6	1	169156 4005
39	168406	0.6	1	164200 4206
40	164529	0.6	1	160556 3973
41	161538	0.6	1	157429 4109
42	160647	0.6	1	156234 4413
43	156640	0.6	1	151545 5095
44	224693	0.6	1	218198 6495
45	142020	0.6	1	137422 4598
46	206894	0.6	1	202853 4041
47	121703	0.6	1	111081 10622
48	1145555	0.6	1	1136256 9299
49	231278	0.6	1	224513 6765
50	181135	0.6	1	178646 2489
51	56006	0.6	1	53635 2371
52	154074	0.6	1	152653 1421
53	20639	0.6	1	19640 999
54	40150	0.6	1	39621 529
55	13103	0.6	1	12683 420
56	15904	0.6	1	15570 334
57	7314	0.6	1	6735 579
58	42793	0.6	1	41422 1371
59	121629	0.6	1	120382 1247
60	16818	0.6	1	15734 1084
61	60795	0.6	1	60052 743
62	10742	0.6	1	10253 489
63	6411	0.6	1	5830 581
64	48691	0.6	1	47438 1253
65	117233	0.6	1	116082 1151
66	30901	0.6	1	30181 720
67	7069	0.6	1	6701 368
68	10372	0.6	1	9934 438
69	27103	0.6	1	26507 596
70	32736	0.6	1	32149 587
71	26789	0.6	1	26338 451
72	14394	0.6	1	14046 348
73	14643	0.6	1	14152 491
74	39904	0.6	1	39193 711
75	47220	0.6	1	46416 804
76	47934	0.6	1	47113 821
77	47428	0.6	1	46536 892
78	45841	0.6	1	45019 822
79	43756	0.6	1	42935 821
80	41193	0.6	1	40333 860
81	40070	0.6	1	39223 847
82	38126	0.6	1	37292 834
83	34989	0.6	1	34206 783
84	31214	0.6	1	30567 647
85	30595	0.6	1	30017 578
86	29419	0.6	1	28834 585
87	29022	0.6	1	28438 584
88	27717	0.6	1	27161 556
89	25829	0.6	1	25265 564
90	23798	0.6	1	23338 460
91	21837	0.6	1	21408 429
92	20071	0.6	1	19696 375
93	17195	0.6	1	16864 331
94	15503	0.6	1	15202 301
95	13419	0.6	1	13173 246
96	12721	0.6	1	12464 257
97	11804	0.6	1	11554 250
98	11440	0.6	1	11231 209
99	10244	0.6	1	10037 207
100	9076	0.6	1	8905 171
101	7945	0.6	1	7750 195
102	6898	0.6	1	6745 153
103	6227	0.6	1	6088 139
104	5141	0.6	1	5011 130
105	4393	0.6	1	4269 124
106	4048	0.6	1	3953 95
107	4482	0.6	1	4350 132
108	3680	0.6	1	3551 129
109	3174	0.6	1	3078 96
110	2865	0.6	1	2773 92
111	2568	0.6	1	2463 105
112	2229	0.6	1	2127 102
113	1892	0.6	1	1807 85
114	1808	0.6	1	1728 80
115	1579	0.6	1	1495 84
116	1633	0.6	1	1552 81
117	1365	0.6	1	1293 72
118	1411	0.6	1	1336 75
119	1383	0.6	1	1298 85
120	1855	0.6	1	1756 99
121	2611	0.6	1	2520 91
122	1366	0.6	1	1286 80
123	863	0.6	1	796 67
124	499	0.6	1	429 70
125	428	0.6	1	340 88
126	391	0.6	1	288 103
127	480	0.6	1	366 114
128	655	0.6	1	519 136
129	804	0.6	1	642 162
130	3987	0.6	1	3678 309
131	204162	0.6	1	201182 2980
132	1225	0.6	1	1028 197
133	625	0.6	1	445 180
134	1301	0.6	1	1111 190
135	612	0.6	1	418 194
136	462	0.6	1	252 210
137	634	0.6	1	409 225
138	1440	0.6	1	1221 219
139	583	0.6	1	353 230
140	609	0.6	1	361 248
141	1317	0.6	1	1023 294
142	746	0.6	1	433 313
143	1028	0.6	1	663 365
144	1009	0.6	1	575 434
145	980	0.6	1	459 521
146	1261	0.6	1	702 559
147	1927	0.6	1	649 1278
148	2431	0.6	1	745 1686
149	27958	0.6	1	768 27190
150	1676922	0.6	1	27877 1649045

RUN STATISTICS FOR INPUT FILE: /vortexfs1/omics/tepolt/raw_reads/C_maenas/Cm_yrv_2023/25-179_R1_001.fastq.gz
=============================================
42313327 sequences processed in total

