
SUMMARISING RUN PARAMETERS
==========================
Input filename: /vortexfs1/omics/tepolt/raw_reads/C_maenas/Cm_yrv_2023/25-115_R1_001.fastq.gz
Trimming mode: paired-end
Trim Galore version: 0.6.6
Cutadapt version: 3.5
Python version: could not detect
Number of cores used for trimming: 8
Quality Phred score cutoff: 20
Quality encoding type selected: ASCII+33
Adapter sequence: 'AGATCGGAAGAGC' (Illumina TruSeq, Sanger iPCR; user defined)
Maximum trimming error rate: 0.1 (default)
Minimum required adapter overlap (stringency): 1 bp
Minimum required sequence length for both reads before a sequence pair gets removed: 20 bp
Running FastQC on the data once trimming has completed
Running FastQC with the following extra arguments: --outdir /vortexfs1/scratch/yaamini.venkataraman/wc-green-crab/output/06b-trimgalore     --threads 28
Output file will be GZIP compressed


This is cutadapt 3.5 with Python 3.9.5
Command line parameters: -j 8 -e 0.1 -q 20 -O 1 -a AGATCGGAAGAGC /vortexfs1/omics/tepolt/raw_reads/C_maenas/Cm_yrv_2023/25-115_R1_001.fastq.gz
Processing reads on 8 cores in single-end mode ...
Finished in 90.75 s (2 µs/read; 25.93 M reads/minute).

=== Summary ===

Total reads processed:              39,222,905
Reads with adapters:                19,733,416 (50.3%)
Reads written (passing filters):    39,222,905 (100.0%)

Total basepairs processed: 5,883,435,750 bp
Quality-trimmed:              10,315,008 bp (0.2%)
Total written (filtered):  5,527,967,188 bp (94.0%)

=== Adapter 1 ===

Sequence: AGATCGGAAGAGC; Type: regular 3'; Length: 13; Trimmed: 19733416 times

Minimum overlap: 1
No. of allowed errors:
1-9 bp: 0; 10-13 bp: 1

Bases preceding removed adapters:
  A: 20.9%
  C: 28.9%
  G: 24.0%
  T: 24.4%
  none/other: 1.7%

Overview of removed sequences
length	count	expect	max.err	error counts
1	7453144	9805726.2	0	7453144
2	2073708	2451431.6	0	2073708
3	822418	612857.9	0	822418
4	338135	153214.5	0	338135
5	251983	38303.6	0	251983
6	218316	9575.9	0	218316
7	217290	2394.0	0	217290
8	209978	598.5	0	209978
9	204361	149.6	0	203162 1199
10	205142	37.4	1	201097 4045
11	202416	9.4	1	198660 3756
12	201972	2.3	1	198063 3909
13	201797	0.6	1	197513 4284
14	202333	0.6	1	198322 4011
15	212185	0.6	1	207684 4501
16	201540	0.6	1	197351 4189
17	200686	0.6	1	196175 4511
18	196227	0.6	1	192485 3742
19	196967	0.6	1	193006 3961
20	190430	0.6	1	186548 3882
21	183866	0.6	1	179955 3911
22	182041	0.6	1	178484 3557
23	186272	0.6	1	182324 3948
24	177026	0.6	1	173552 3474
25	181673	0.6	1	177858 3815
26	174865	0.6	1	171259 3606
27	170708	0.6	1	167065 3643
28	166973	0.6	1	163259 3714
29	159121	0.6	1	155868 3253
30	152078	0.6	1	149218 2860
31	151441	0.6	1	148369 3072
32	150596	0.6	1	147254 3342
33	145532	0.6	1	142417 3115
34	150009	0.6	1	146671 3338
35	137392	0.6	1	134213 3179
36	139919	0.6	1	136883 3036
37	131480	0.6	1	128680 2800
38	134707	0.6	1	131696 3011
39	126507	0.6	1	123390 3117
40	120203	0.6	1	117608 2595
41	115043	0.6	1	112607 2436
42	111477	0.6	1	108689 2788
43	108419	0.6	1	105641 2778
44	140202	0.6	1	136492 3710
45	96759	0.6	1	94259 2500
46	138594	0.6	1	136737 1857
47	35246	0.6	1	33084 2162
48	179839	0.6	1	176141 3698
49	241904	0.6	1	239473 2431
50	52832	0.6	1	51395 1437
51	41021	0.6	1	39928 1093
52	84078	0.6	1	83306 772
53	21385	0.6	1	20336 1049
54	85960	0.6	1	85384 576
55	13905	0.6	1	13322 583
56	33085	0.6	1	32664 421
57	20300	0.6	1	19850 450
58	26812	0.6	1	25934 878
59	81089	0.6	1	80396 693
60	18620	0.6	1	18001 619
61	33006	0.6	1	32689 317
62	2969	0.6	1	2770 199
63	5371	0.6	1	5168 203
64	16146	0.6	1	15681 465
65	44618	0.6	1	44308 310
66	2766	0.6	1	2560 206
67	1692	0.6	1	1517 175
68	11839	0.6	1	11627 212
69	13292	0.6	1	13048 244
70	13757	0.6	1	13550 207
71	10332	0.6	1	10211 121
72	4396	0.6	1	4290 106
73	3068	0.6	1	2961 107
74	7749	0.6	1	7621 128
75	8416	0.6	1	8286 130
76	8058	0.6	1	7901 157
77	7395	0.6	1	7240 155
78	6941	0.6	1	6769 172
79	6343	0.6	1	6212 131
80	5695	0.6	1	5563 132
81	5041	0.6	1	4905 136
82	4633	0.6	1	4489 144
83	4197	0.6	1	4081 116
84	3544	0.6	1	3438 106
85	3928	0.6	1	3846 82
86	3272	0.6	1	3190 82
87	2979	0.6	1	2894 85
88	2670	0.6	1	2593 77
89	2535	0.6	1	2457 78
90	2272	0.6	1	2195 77
91	2005	0.6	1	1931 74
92	1931	0.6	1	1871 60
93	1569	0.6	1	1512 57
94	1453	0.6	1	1397 56
95	1278	0.6	1	1220 58
96	1199	0.6	1	1154 45
97	1230	0.6	1	1177 53
98	1180	0.6	1	1123 57
99	1102	0.6	1	1056 46
100	998	0.6	1	962 36
101	894	0.6	1	860 34
102	906	0.6	1	858 48
103	802	0.6	1	760 42
104	739	0.6	1	706 33
105	680	0.6	1	645 35
106	620	0.6	1	597 23
107	758	0.6	1	720 38
108	927	0.6	1	894 33
109	640	0.6	1	618 22
110	735	0.6	1	701 34
111	604	0.6	1	548 56
112	710	0.6	1	665 45
113	583	0.6	1	542 41
114	631	0.6	1	599 32
115	819	0.6	1	777 42
116	855	0.6	1	804 51
117	712	0.6	1	676 36
118	622	0.6	1	593 29
119	869	0.6	1	833 36
120	1896	0.6	1	1837 59
121	2923	0.6	1	2840 83
122	1431	0.6	1	1390 41
123	529	0.6	1	497 32
124	267	0.6	1	240 27
125	325	0.6	1	298 27
126	305	0.6	1	262 43
127	315	0.6	1	285 30
128	438	0.6	1	396 42
129	593	0.6	1	524 69
130	5017	0.6	1	4776 241
131	320728	0.6	1	316335 4393
132	958	0.6	1	913 45
133	289	0.6	1	246 43
134	248	0.6	1	204 44
135	211	0.6	1	169 42
136	161	0.6	1	121 40
137	170	0.6	1	130 40
138	260	0.6	1	220 40
139	202	0.6	1	158 44
140	230	0.6	1	174 56
141	380	0.6	1	310 70
142	233	0.6	1	175 58
143	334	0.6	1	272 62
144	444	0.6	1	340 104
145	415	0.6	1	309 106
146	570	0.6	1	467 103
147	710	0.6	1	474 236
148	652	0.6	1	329 323
149	5504	0.6	1	182 5322
150	339700	0.6	1	5638 334062

RUN STATISTICS FOR INPUT FILE: /vortexfs1/omics/tepolt/raw_reads/C_maenas/Cm_yrv_2023/25-115_R1_001.fastq.gz
=============================================
39222905 sequences processed in total

