
SUMMARISING RUN PARAMETERS
==========================
Input filename: /vortexfs1/omics/tepolt/raw_reads/C_maenas/Cm_yrv_2023/25-109_R1_001.fastq.gz
Trimming mode: paired-end
Trim Galore version: 0.6.6
Cutadapt version: 3.5
Python version: could not detect
Number of cores used for trimming: 8
Quality Phred score cutoff: 20
Quality encoding type selected: ASCII+33
Adapter sequence: 'AGATCGGAAGAGC' (Illumina TruSeq, Sanger iPCR; user defined)
Maximum trimming error rate: 0.1 (default)
Minimum required adapter overlap (stringency): 1 bp
Minimum required sequence length for both reads before a sequence pair gets removed: 20 bp
Running FastQC on the data once trimming has completed
Running FastQC with the following extra arguments: --outdir /vortexfs1/scratch/yaamini.venkataraman/wc-green-crab/output/06b-trimgalore     --threads 28
Output file will be GZIP compressed


This is cutadapt 3.5 with Python 3.9.5
Command line parameters: -j 8 -e 0.1 -q 20 -O 1 -a AGATCGGAAGAGC /vortexfs1/omics/tepolt/raw_reads/C_maenas/Cm_yrv_2023/25-109_R1_001.fastq.gz
Processing reads on 8 cores in single-end mode ...
Finished in 101.52 s (2 µs/read; 26.68 M reads/minute).

=== Summary ===

Total reads processed:              45,138,283
Reads with adapters:                25,128,512 (55.7%)
Reads written (passing filters):    45,138,283 (100.0%)

Total basepairs processed: 6,770,742,450 bp
Quality-trimmed:              19,431,326 bp (0.3%)
Total written (filtered):  6,240,492,794 bp (92.2%)

=== Adapter 1 ===

Sequence: AGATCGGAAGAGC; Type: regular 3'; Length: 13; Trimmed: 25128512 times

Minimum overlap: 1
No. of allowed errors:
1-9 bp: 0; 10-13 bp: 1

Bases preceding removed adapters:
  A: 19.6%
  C: 28.9%
  G: 24.2%
  T: 24.6%
  none/other: 2.7%

Overview of removed sequences
length	count	expect	max.err	error counts
1	7862325	11284570.8	0	7862325
2	2164672	2821142.7	0	2164672
3	931050	705285.7	0	931050
4	399997	176321.4	0	399997
5	319967	44080.4	0	319967
6	285886	11020.1	0	285886
7	285943	2755.0	0	285943
8	275706	688.8	0	275706
9	270643	172.2	0	268978 1665
10	274305	43.0	1	268455 5850
11	272632	10.8	1	266844 5788
12	276100	2.7	1	270079 6021
13	279396	0.7	1	272550 6846
14	280995	0.7	1	274238 6757
15	300185	0.7	1	292560 7625
16	285709	0.7	1	278693 7016
17	286734	0.7	1	279189 7545
18	282328	0.7	1	275934 6394
19	283321	0.7	1	276559 6762
20	281119	0.7	1	274416 6703
21	272612	0.7	1	265662 6950
22	267148	0.7	1	260932 6216
23	274712	0.7	1	267974 6738
24	270093	0.7	1	263616 6477
25	277220	0.7	1	270190 7030
26	267289	0.7	1	260765 6524
27	265823	0.7	1	258971 6852
28	257122	0.7	1	250607 6515
29	248871	0.7	1	242982 5889
30	239483	0.7	1	233924 5559
31	243656	0.7	1	237493 6163
32	242181	0.7	1	236155 6026
33	231968	0.7	1	226425 5543
34	231827	0.7	1	226178 5649
35	231061	0.7	1	225183 5878
36	230192	0.7	1	224046 6146
37	227400	0.7	1	221276 6124
38	224013	0.7	1	218518 5495
39	210983	0.7	1	205616 5367
40	206555	0.7	1	201001 5554
41	201674	0.7	1	196100 5574
42	191409	0.7	1	186165 5244
43	188457	0.7	1	182500 5957
44	249727	0.7	1	242190 7537
45	185433	0.7	1	179555 5878
46	265642	0.7	1	261281 4361
47	79026	0.7	1	69379 9647
48	828800	0.7	1	819529 9271
49	293547	0.7	1	288407 5140
50	68127	0.7	1	65989 2138
51	52276	0.7	1	50456 1820
52	119428	0.7	1	118172 1256
53	21034	0.7	1	19539 1495
54	103403	0.7	1	102596 807
55	13140	0.7	1	12392 748
56	30685	0.7	1	30144 541
57	16955	0.7	1	16229 726
58	40786	0.7	1	39149 1637
59	123002	0.7	1	121746 1256
60	16896	0.7	1	15875 1021
61	43711	0.7	1	43069 642
62	5698	0.7	1	5321 377
63	6275	0.7	1	5804 471
64	30427	0.7	1	29376 1051
65	78486	0.7	1	77730 756
66	12925	0.7	1	12516 409
67	3366	0.7	1	3089 277
68	15429	0.7	1	14992 437
69	23663	0.7	1	23146 517
70	24880	0.7	1	24461 419
71	19904	0.7	1	19590 314
72	9604	0.7	1	9385 219
73	6647	0.7	1	6349 298
74	16851	0.7	1	16467 384
75	18739	0.7	1	18319 420
76	17956	0.7	1	17582 374
77	16612	0.7	1	16206 406
78	15694	0.7	1	15316 378
79	14263	0.7	1	13934 329
80	12671	0.7	1	12348 323
81	11554	0.7	1	11249 305
82	10189	0.7	1	9939 250
83	9112	0.7	1	8842 270
84	8086	0.7	1	7882 204
85	7748	0.7	1	7539 209
86	7582	0.7	1	7403 179
87	6960	0.7	1	6776 184
88	6382	0.7	1	6200 182
89	5778	0.7	1	5631 147
90	5332	0.7	1	5172 160
91	4879	0.7	1	4724 155
92	4351	0.7	1	4227 124
93	3720	0.7	1	3608 112
94	3273	0.7	1	3173 100
95	2980	0.7	1	2901 79
96	2860	0.7	1	2764 96
97	2620	0.7	1	2547 73
98	2590	0.7	1	2507 83
99	2289	0.7	1	2219 70
100	2145	0.7	1	2071 74
101	1940	0.7	1	1862 78
102	1543	0.7	1	1485 58
103	1450	0.7	1	1392 58
104	1281	0.7	1	1229 52
105	1191	0.7	1	1135 56
106	1184	0.7	1	1136 48
107	1167	0.7	1	1122 45
108	1063	0.7	1	1006 57
109	992	0.7	1	938 54
110	856	0.7	1	814 42
111	797	0.7	1	720 77
112	675	0.7	1	621 54
113	594	0.7	1	535 59
114	581	0.7	1	532 49
115	541	0.7	1	482 59
116	465	0.7	1	420 45
117	378	0.7	1	350 28
118	403	0.7	1	359 44
119	373	0.7	1	331 42
120	439	0.7	1	399 40
121	408	0.7	1	369 39
122	304	0.7	1	262 42
123	266	0.7	1	227 39
124	202	0.7	1	151 51
125	168	0.7	1	125 43
126	153	0.7	1	113 40
127	176	0.7	1	132 44
128	188	0.7	1	138 50
129	220	0.7	1	152 68
130	463	0.7	1	377 86
131	14894	0.7	1	14594 300
132	276	0.7	1	187 89
133	205	0.7	1	117 88
134	391	0.7	1	307 84
135	271	0.7	1	186 85
136	238	0.7	1	139 99
137	284	0.7	1	193 91
138	566	0.7	1	456 110
139	355	0.7	1	207 148
140	359	0.7	1	230 129
141	773	0.7	1	617 156
142	416	0.7	1	247 169
143	714	0.7	1	532 182
144	621	0.7	1	396 225
145	607	0.7	1	351 256
146	875	0.7	1	562 313
147	1167	0.7	1	554 613
148	1334	0.7	1	555 779
149	11473	0.7	1	303 11170
150	659332	0.7	1	9963 649369

RUN STATISTICS FOR INPUT FILE: /vortexfs1/omics/tepolt/raw_reads/C_maenas/Cm_yrv_2023/25-109_R1_001.fastq.gz
=============================================
45138283 sequences processed in total

