
SUMMARISING RUN PARAMETERS
==========================
Input filename: /vortexfs1/omics/tepolt/raw_reads/C_maenas/Cm_yrv_2023/25-180_R2_001.fastq.gz
Trimming mode: paired-end
Trim Galore version: 0.6.6
Cutadapt version: 3.5
Python version: could not detect
Number of cores used for trimming: 8
Quality Phred score cutoff: 20
Quality encoding type selected: ASCII+33
Adapter sequence: 'AGATCGGAAGAGC' (Illumina TruSeq, Sanger iPCR; user defined)
Maximum trimming error rate: 0.1 (default)
Minimum required adapter overlap (stringency): 1 bp
Minimum required sequence length for both reads before a sequence pair gets removed: 20 bp
Running FastQC on the data once trimming has completed
Running FastQC with the following extra arguments: --outdir /vortexfs1/scratch/yaamini.venkataraman/wc-green-crab/output/06b-trimgalore     --threads 28
Output file will be GZIP compressed


This is cutadapt 3.5 with Python 3.9.5
Command line parameters: -j 8 -e 0.1 -q 20 -O 1 -a AGATCGGAAGAGC /vortexfs1/omics/tepolt/raw_reads/C_maenas/Cm_yrv_2023/25-180_R2_001.fastq.gz
Processing reads on 8 cores in single-end mode ...
Finished in 112.65 s (2 µs/read; 29.03 M reads/minute).

=== Summary ===

Total reads processed:              54,512,346
Reads with adapters:                28,956,254 (53.1%)
Reads written (passing filters):    54,512,346 (100.0%)

Total basepairs processed: 8,176,851,900 bp
Quality-trimmed:              31,688,606 bp (0.4%)
Total written (filtered):  7,422,427,792 bp (90.8%)

=== Adapter 1 ===

Sequence: AGATCGGAAGAGC; Type: regular 3'; Length: 13; Trimmed: 28956254 times

Minimum overlap: 1
No. of allowed errors:
1-9 bp: 0; 10-13 bp: 1

Bases preceding removed adapters:
  A: 22.7%
  C: 30.3%
  G: 27.4%
  T: 18.8%
  none/other: 0.8%

Overview of removed sequences
length	count	expect	max.err	error counts
1	9299785	13628086.5	0	9299785
2	2341992	3407021.6	0	2341992
3	858363	851755.4	0	858363
4	380213	212938.9	0	380213
5	270111	53234.7	0	270111
6	238250	13308.7	0	238250
7	237368	3327.2	0	237368
8	219355	831.8	0	219355
9	213641	207.9	0	212809 832
10	218540	52.0	1	214003 4537
11	214569	13.0	1	210088 4481
12	228624	3.2	1	222751 5873
13	223517	0.8	1	218892 4625
14	233191	0.8	1	226980 6211
15	260738	0.8	1	254007 6731
16	225325	0.8	1	219774 5551
17	238662	0.8	1	231525 7137
18	233677	0.8	1	226523 7154
19	262221	0.8	1	253151 9070
20	241124	0.8	1	234634 6490
21	208768	0.8	1	203029 5739
22	215009	0.8	1	209032 5977
23	231335	0.8	1	224861 6474
24	251012	0.8	1	242564 8448
25	224641	0.8	1	218393 6248
26	231529	0.8	1	224550 6979
27	251972	0.8	1	244202 7770
28	213120	0.8	1	206991 6129
29	217110	0.8	1	211327 5783
30	228133	0.8	1	222123 6010
31	192390	0.8	1	188155 4235
32	220021	0.8	1	214479 5542
33	232771	0.8	1	227456 5315
34	201558	0.8	1	196742 4816
35	214917	0.8	1	209898 5019
36	281183	0.8	1	273721 7462
37	222017	0.8	1	216709 5308
38	220686	0.8	1	216544 4142
39	164792	0.8	1	161414 3378
40	197662	0.8	1	193441 4221
41	203381	0.8	1	198756 4625
42	215788	0.8	1	210355 5433
43	218613	0.8	1	213243 5370
44	188773	0.8	1	184464 4309
45	279054	0.8	1	272277 6777
46	175311	0.8	1	170687 4624
47	175609	0.8	1	171411 4198
48	242308	0.8	1	237188 5120
49	178698	0.8	1	174803 3895
50	174056	0.8	1	170036 4020
51	175726	0.8	1	171396 4330
52	209037	0.8	1	203995 5042
53	144311	0.8	1	141111 3200
54	177992	0.8	1	173843 4149
55	186063	0.8	1	181880 4183
56	161356	0.8	1	157784 3572
57	200996	0.8	1	196145 4851
58	233289	0.8	1	228476 4813
59	170319	0.8	1	166420 3899
60	188078	0.8	1	184645 3433
61	136930	0.8	1	134246 2684
62	170210	0.8	1	167024 3186
63	124370	0.8	1	121821 2549
64	189589	0.8	1	186229 3360
65	118196	0.8	1	115934 2262
66	142652	0.8	1	140027 2625
67	163139	0.8	1	160303 2836
68	124397	0.8	1	122025 2372
69	100738	0.8	1	98567 2171
70	184582	0.8	1	181758 2824
71	53379	0.8	1	51642 1737
72	102417	0.8	1	100487 1930
73	114495	0.8	1	112287 2208
74	122347	0.8	1	119949 2398
75	137665	0.8	1	135729 1936
76	48521	0.8	1	47252 1269
77	86375	0.8	1	84827 1548
78	96411	0.8	1	94583 1828
79	95136	0.8	1	93291 1845
80	90475	0.8	1	88720 1755
81	87837	0.8	1	86098 1739
82	84713	0.8	1	83030 1683
83	77519	0.8	1	75942 1577
84	72233	0.8	1	70738 1495
85	70672	0.8	1	69181 1491
86	71690	0.8	1	70264 1426
87	73066	0.8	1	71519 1547
88	68834	0.8	1	67550 1284
89	65946	0.8	1	64680 1266
90	60627	0.8	1	59449 1178
91	59166	0.8	1	58045 1121
92	56227	0.8	1	55172 1055
93	47384	0.8	1	46512 872
94	43214	0.8	1	42315 899
95	38713	0.8	1	37959 754
96	36233	0.8	1	35537 696
97	35192	0.8	1	34461 731
98	33657	0.8	1	32952 705
99	31418	0.8	1	30796 622
100	27719	0.8	1	27166 553
101	23847	0.8	1	23387 460
102	20277	0.8	1	19880 397
103	18529	0.8	1	18126 403
104	15256	0.8	1	14924 332
105	13329	0.8	1	13051 278
106	12145	0.8	1	11875 270
107	11506	0.8	1	11300 206
108	10357	0.8	1	10137 220
109	9135	0.8	1	8961 174
110	8053	0.8	1	7888 165
111	6640	0.8	1	6516 124
112	5555	0.8	1	5433 122
113	4318	0.8	1	4221 97
114	3876	0.8	1	3786 90
115	3006	0.8	1	2933 73
116	2935	0.8	1	2863 72
117	2194	0.8	1	2142 52
118	2323	0.8	1	2263 60
119	1908	0.8	1	1862 46
120	1757	0.8	1	1690 67
121	1459	0.8	1	1421 38
122	1078	0.8	1	1033 45
123	1731	0.8	1	1675 56
124	830	0.8	1	794 36
125	568	0.8	1	514 54
126	512	0.8	1	479 33
127	594	0.8	1	568 26
128	674	0.8	1	625 49
129	735	0.8	1	689 46
130	1389	0.8	1	1283 106
131	5757	0.8	1	5288 469
132	809	0.8	1	726 83
133	655	0.8	1	585 70
134	5214	0.8	1	5119 95
135	1181	0.8	1	1145 36
136	707	0.8	1	669 38
137	1755	0.8	1	1717 38
138	5316	0.8	1	5246 70
139	1337	0.8	1	1303 34
140	1145	0.8	1	1129 16
141	4834	0.8	1	4761 73
142	2033	0.8	1	1992 41
143	1750	0.8	1	1706 44
144	1554	0.8	1	1507 47
145	1179	0.8	1	1120 59
146	1765	0.8	1	1693 72
147	1459	0.8	1	1324 135
148	2078	0.8	1	1894 184
149	3896	0.8	1	2723 1173
150	222580	0.8	1	174663 47917

RUN STATISTICS FOR INPUT FILE: /vortexfs1/omics/tepolt/raw_reads/C_maenas/Cm_yrv_2023/25-180_R2_001.fastq.gz
=============================================
54512346 sequences processed in total

Total number of sequences analysed for the sequence pair length validation: 54512346

Number of sequence pairs removed because at least one read was shorter than the length cutoff (20 bp): 5369447 (9.85%)
