
SUMMARISING RUN PARAMETERS
==========================
Input filename: /vortexfs1/omics/tepolt/raw_reads/C_maenas/Cm_yrv_2023/25-116_R2_001.fastq.gz
Trimming mode: paired-end
Trim Galore version: 0.6.6
Cutadapt version: 3.5
Python version: could not detect
Number of cores used for trimming: 8
Quality Phred score cutoff: 20
Quality encoding type selected: ASCII+33
Adapter sequence: 'AGATCGGAAGAGC' (Illumina TruSeq, Sanger iPCR; user defined)
Maximum trimming error rate: 0.1 (default)
Minimum required adapter overlap (stringency): 1 bp
Minimum required sequence length for both reads before a sequence pair gets removed: 20 bp
Running FastQC on the data once trimming has completed
Running FastQC with the following extra arguments: --outdir /vortexfs1/scratch/yaamini.venkataraman/wc-green-crab/output/06b-trimgalore     --threads 28
Output file will be GZIP compressed


This is cutadapt 3.5 with Python 3.9.5
Command line parameters: -j 8 -e 0.1 -q 20 -O 1 -a AGATCGGAAGAGC /vortexfs1/omics/tepolt/raw_reads/C_maenas/Cm_yrv_2023/25-116_R2_001.fastq.gz
Processing reads on 8 cores in single-end mode ...
Finished in 105.11 s (2 µs/read; 25.28 M reads/minute).

=== Summary ===

Total reads processed:              44,276,886
Reads with adapters:                20,660,289 (46.7%)
Reads written (passing filters):    44,276,886 (100.0%)

Total basepairs processed: 6,641,532,900 bp
Quality-trimmed:              18,696,958 bp (0.3%)
Total written (filtered):  6,422,624,283 bp (96.7%)

=== Adapter 1 ===

Sequence: AGATCGGAAGAGC; Type: regular 3'; Length: 13; Trimmed: 20660289 times

Minimum overlap: 1
No. of allowed errors:
1-9 bp: 0; 10-13 bp: 1

Bases preceding removed adapters:
  A: 26.2%
  C: 28.7%
  G: 25.8%
  T: 19.2%
  none/other: 0.1%

Overview of removed sequences
length	count	expect	max.err	error counts
1	9782233	11069221.5	0	9782233
2	2639733	2767305.4	0	2639733
3	943789	691826.3	0	943789
4	389419	172956.6	0	389419
5	261557	43239.1	0	261557
6	219745	10809.8	0	219745
7	215225	2702.4	0	215225
8	203066	675.6	0	203066
9	196729	168.9	0	195838 891
10	196271	42.2	1	192428 3843
11	191194	10.6	1	187105 4089
12	194199	2.6	1	189896 4303
13	186445	0.7	1	182604 3841
14	187895	0.7	1	183501 4394
15	202658	0.7	1	197841 4817
16	178499	0.7	1	174388 4111
17	182701	0.7	1	177734 4967
18	176473	0.7	1	171862 4611
19	186898	0.7	1	181378 5520
20	176494	0.7	1	171999 4495
21	149704	0.7	1	145820 3884
22	152194	0.7	1	148387 3807
23	157192	0.7	1	153266 3926
24	164956	0.7	1	160184 4772
25	145959	0.7	1	142169 3790
26	147793	0.7	1	143919 3874
27	155623	0.7	1	151420 4203
28	128540	0.7	1	125296 3244
29	127008	0.7	1	123988 3020
30	121417	0.7	1	118639 2778
31	116323	0.7	1	113856 2467
32	115090	0.7	1	112549 2541
33	114128	0.7	1	111654 2474
34	120914	0.7	1	117871 3043
35	120064	0.7	1	117488 2576
36	91815	0.7	1	89699 2116
37	93370	0.7	1	91431 1939
38	97065	0.7	1	95085 1980
39	88276	0.7	1	86445 1831
40	87215	0.7	1	85366 1849
41	84305	0.7	1	82455 1850
42	69061	0.7	1	67674 1387
43	73244	0.7	1	71604 1640
44	67914	0.7	1	66515 1399
45	74710	0.7	1	72909 1801
46	60498	0.7	1	59164 1334
47	56398	0.7	1	55202 1196
48	60987	0.7	1	59707 1280
49	50498	0.7	1	49455 1043
50	45513	0.7	1	44566 947
51	43743	0.7	1	42642 1101
52	43452	0.7	1	42448 1004
53	35417	0.7	1	34673 744
54	36137	0.7	1	35316 821
55	35657	0.7	1	34771 886
56	30164	0.7	1	29489 675
57	32105	0.7	1	31325 780
58	33743	0.7	1	33011 732
59	21813	0.7	1	21349 464
60	24062	0.7	1	23627 435
61	20442	0.7	1	20047 395
62	19690	0.7	1	19278 412
63	15823	0.7	1	15489 334
64	18501	0.7	1	18127 374
65	13508	0.7	1	13197 311
66	13783	0.7	1	13511 272
67	13295	0.7	1	13005 290
68	11308	0.7	1	11066 242
69	9217	0.7	1	9021 196
70	12211	0.7	1	11932 279
71	5832	0.7	1	5668 164
72	7123	0.7	1	6955 168
73	7175	0.7	1	7014 161
74	7167	0.7	1	6984 183
75	7171	0.7	1	7056 115
76	2125	0.7	1	2050 75
77	4438	0.7	1	4326 112
78	4503	0.7	1	4381 122
79	4261	0.7	1	4127 134
80	3961	0.7	1	3834 127
81	3588	0.7	1	3457 131
82	3464	0.7	1	3263 201
83	3019	0.7	1	2808 211
84	2623	0.7	1	2504 119
85	2456	0.7	1	2304 152
86	2333	0.7	1	2206 127
87	2205	0.7	1	2125 80
88	2085	0.7	1	2006 79
89	1952	0.7	1	1879 73
90	1816	0.7	1	1740 76
91	1764	0.7	1	1688 76
92	1619	0.7	1	1555 64
93	1398	0.7	1	1326 72
94	1239	0.7	1	1173 66
95	1190	0.7	1	1128 62
96	1026	0.7	1	970 56
97	1019	0.7	1	983 36
98	1054	0.7	1	1008 46
99	1118	0.7	1	1052 66
100	930	0.7	1	890 40
101	870	0.7	1	812 58
102	745	0.7	1	696 49
103	748	0.7	1	699 49
104	583	0.7	1	538 45
105	599	0.7	1	556 43
106	577	0.7	1	539 38
107	924	0.7	1	877 47
108	561	0.7	1	512 49
109	573	0.7	1	536 37
110	521	0.7	1	482 39
111	491	0.7	1	462 29
112	447	0.7	1	406 41
113	421	0.7	1	388 33
114	405	0.7	1	369 36
115	323	0.7	1	300 23
116	359	0.7	1	314 45
117	266	0.7	1	235 31
118	298	0.7	1	278 20
119	314	0.7	1	286 28
120	313	0.7	1	256 57
121	382	0.7	1	324 58
122	253	0.7	1	224 29
123	216	0.7	1	187 29
124	143	0.7	1	126 17
125	131	0.7	1	108 23
126	117	0.7	1	107 10
127	137	0.7	1	128 9
128	131	0.7	1	116 15
129	132	0.7	1	108 24
130	438	0.7	1	392 46
131	7250	0.7	1	6433 817
132	188	0.7	1	149 39
133	148	0.7	1	117 31
134	302	0.7	1	284 18
135	151	0.7	1	138 13
136	123	0.7	1	106 17
137	164	0.7	1	159 5
138	234	0.7	1	223 11
139	146	0.7	1	138 8
140	172	0.7	1	167 5
141	309	0.7	1	301 8
142	179	0.7	1	170 9
143	292	0.7	1	285 7
144	365	0.7	1	350 15
145	306	0.7	1	287 19
146	412	0.7	1	401 11
147	433	0.7	1	397 36
148	494	0.7	1	474 20
149	408	0.7	1	261 147
150	11073	0.7	1	9657 1416

RUN STATISTICS FOR INPUT FILE: /vortexfs1/omics/tepolt/raw_reads/C_maenas/Cm_yrv_2023/25-116_R2_001.fastq.gz
=============================================
44276886 sequences processed in total

Total number of sequences analysed for the sequence pair length validation: 44276886

Number of sequence pairs removed because at least one read was shorter than the length cutoff (20 bp): 564020 (1.27%)
