
SUMMARISING RUN PARAMETERS
==========================
Input filename: /vortexfs1/omics/tepolt/raw_reads/C_maenas/Cm_yrv_2023/25-167_R1_001.fastq.gz
Trimming mode: paired-end
Trim Galore version: 0.6.6
Cutadapt version: 3.5
Python version: could not detect
Number of cores used for trimming: 8
Quality Phred score cutoff: 20
Quality encoding type selected: ASCII+33
Adapter sequence: 'AGATCGGAAGAGC' (Illumina TruSeq, Sanger iPCR; user defined)
Maximum trimming error rate: 0.1 (default)
Minimum required adapter overlap (stringency): 1 bp
Minimum required sequence length for both reads before a sequence pair gets removed: 20 bp
Running FastQC on the data once trimming has completed
Running FastQC with the following extra arguments: --outdir /vortexfs1/scratch/yaamini.venkataraman/wc-green-crab/output/06b-trimgalore     --threads 28
Output file will be GZIP compressed


This is cutadapt 3.5 with Python 3.9.5
Command line parameters: -j 8 -e 0.1 -q 20 -O 1 -a AGATCGGAAGAGC /vortexfs1/omics/tepolt/raw_reads/C_maenas/Cm_yrv_2023/25-167_R1_001.fastq.gz
Processing reads on 8 cores in single-end mode ...
Finished in 81.56 s (2 µs/read; 27.54 M reads/minute).

=== Summary ===

Total reads processed:              37,431,573
Reads with adapters:                19,892,591 (53.1%)
Reads written (passing filters):    37,431,573 (100.0%)

Total basepairs processed: 5,614,735,950 bp
Quality-trimmed:               7,267,058 bp (0.1%)
Total written (filtered):  5,249,991,298 bp (93.5%)

=== Adapter 1 ===

Sequence: AGATCGGAAGAGC; Type: regular 3'; Length: 13; Trimmed: 19892591 times

Minimum overlap: 1
No. of allowed errors:
1-9 bp: 0; 10-13 bp: 1

Bases preceding removed adapters:
  A: 19.9%
  C: 27.9%
  G: 24.1%
  T: 25.7%
  none/other: 2.4%

Overview of removed sequences
length	count	expect	max.err	error counts
1	6839266	9357893.2	0	6839266
2	1882245	2339473.3	0	1882245
3	1040883	584868.3	0	1040883
4	341566	146217.1	0	341566
5	255177	36554.3	0	255177
6	227041	9138.6	0	227041
7	226291	2284.6	0	226291
8	216507	571.2	0	216507
9	215487	142.8	0	211720 3767
10	215677	35.7	1	208722 6955
11	210381	8.9	1	203917 6464
12	215114	2.2	1	208394 6720
13	222540	0.6	1	215236 7304
14	231314	0.6	1	223841 7473
15	245227	0.6	1	237150 8077
16	223372	0.6	1	216057 7315
17	220731	0.6	1	213132 7599
18	212406	0.6	1	205873 6533
19	212151	0.6	1	205296 6855
20	212184	0.6	1	205218 6966
21	201648	0.6	1	194782 6866
22	193599	0.6	1	187551 6048
23	197472	0.6	1	190871 6601
24	193838	0.6	1	187458 6380
25	193939	0.6	1	187401 6538
26	191930	0.6	1	185622 6308
27	188950	0.6	1	182582 6368
28	180183	0.6	1	174164 6019
29	171935	0.6	1	166418 5517
30	165188	0.6	1	159963 5225
31	168310	0.6	1	162852 5458
32	167409	0.6	1	161844 5565
33	164091	0.6	1	158774 5317
34	161921	0.6	1	156542 5379
35	159446	0.6	1	154159 5287
36	157205	0.6	1	151909 5296
37	154635	0.6	1	149478 5157
38	154651	0.6	1	149229 5422
39	143114	0.6	1	138255 4859
40	143440	0.6	1	138228 5212
41	133896	0.6	1	129189 4707
42	125829	0.6	1	121456 4373
43	123520	0.6	1	118186 5334
44	164989	0.6	1	159343 5646
45	109097	0.6	1	104656 4441
46	147318	0.6	1	144839 2479
47	35326	0.6	1	32084 3242
48	130373	0.6	1	126109 4264
49	114228	0.6	1	111263 2965
50	72008	0.6	1	69624 2384
51	80374	0.6	1	77599 2775
52	95566	0.6	1	93348 2218
53	56309	0.6	1	54097 2212
54	81032	0.6	1	79337 1695
55	49584	0.6	1	47911 1673
56	62356	0.6	1	60666 1690
57	54306	0.6	1	52852 1454
58	51358	0.6	1	49355 2003
59	69130	0.6	1	67354 1776
60	49932	0.6	1	48101 1831
61	63928	0.6	1	62710 1218
62	28862	0.6	1	27914 948
63	28548	0.6	1	27638 910
64	31815	0.6	1	30341 1474
65	60718	0.6	1	59803 915
66	19615	0.6	1	19089 526
67	11965	0.6	1	11360 605
68	24084	0.6	1	23402 682
69	21361	0.6	1	20724 637
70	21253	0.6	1	20732 521
71	15591	0.6	1	15319 272
72	5967	0.6	1	5773 194
73	7042	0.6	1	6778 264
74	10953	0.6	1	10623 330
75	10783	0.6	1	10502 281
76	10232	0.6	1	9914 318
77	9316	0.6	1	9024 292
78	8739	0.6	1	8439 300
79	7815	0.6	1	7552 263
80	6897	0.6	1	6662 235
81	6359	0.6	1	6145 214
82	5538	0.6	1	5335 203
83	4921	0.6	1	4732 189
84	4413	0.6	1	4236 177
85	4481	0.6	1	4346 135
86	3948	0.6	1	3812 136
87	3571	0.6	1	3442 129
88	3339	0.6	1	3215 124
89	2911	0.6	1	2805 106
90	2722	0.6	1	2618 104
91	2452	0.6	1	2336 116
92	2268	0.6	1	2180 88
93	2180	0.6	1	2100 80
94	1750	0.6	1	1681 69
95	1573	0.6	1	1494 79
96	1412	0.6	1	1347 65
97	1441	0.6	1	1377 64
98	1265	0.6	1	1210 55
99	1168	0.6	1	1128 40
100	1008	0.6	1	963 45
101	966	0.6	1	921 45
102	887	0.6	1	849 38
103	889	0.6	1	845 44
104	754	0.6	1	717 37
105	702	0.6	1	658 44
106	671	0.6	1	630 41
107	712	0.6	1	684 28
108	701	0.6	1	664 37
109	537	0.6	1	497 40
110	551	0.6	1	516 35
111	485	0.6	1	418 67
112	473	0.6	1	389 84
113	382	0.6	1	309 73
114	328	0.6	1	296 32
115	361	0.6	1	320 41
116	301	0.6	1	275 26
117	272	0.6	1	252 20
118	309	0.6	1	279 30
119	258	0.6	1	236 22
120	336	0.6	1	308 28
121	402	0.6	1	373 29
122	275	0.6	1	254 21
123	175	0.6	1	155 20
124	143	0.6	1	121 22
125	104	0.6	1	84 20
126	119	0.6	1	89 30
127	116	0.6	1	91 25
128	130	0.6	1	99 31
129	130	0.6	1	102 28
130	420	0.6	1	353 67
131	14429	0.6	1	14157 272
132	172	0.6	1	113 59
133	179	0.6	1	126 53
134	265	0.6	1	197 68
135	172	0.6	1	127 45
136	183	0.6	1	136 47
137	210	0.6	1	144 66
138	348	0.6	1	293 55
139	222	0.6	1	159 63
140	283	0.6	1	217 66
141	482	0.6	1	414 68
142	345	0.6	1	249 96
143	436	0.6	1	343 93
144	557	0.6	1	423 134
145	558	0.6	1	402 156
146	773	0.6	1	598 175
147	887	0.6	1	527 360
148	874	0.6	1	467 407
149	8114	0.6	1	243 7871
150	461014	0.6	1	7288 453726

RUN STATISTICS FOR INPUT FILE: /vortexfs1/omics/tepolt/raw_reads/C_maenas/Cm_yrv_2023/25-167_R1_001.fastq.gz
=============================================
37431573 sequences processed in total

