
SUMMARISING RUN PARAMETERS
==========================
Input filename: /vortexfs1/omics/tepolt/raw_reads/C_maenas/Cm_yrv_2023/25-203_R2_001.fastq.gz
Trimming mode: paired-end
Trim Galore version: 0.6.6
Cutadapt version: 3.5
Python version: could not detect
Number of cores used for trimming: 8
Quality Phred score cutoff: 20
Quality encoding type selected: ASCII+33
Adapter sequence: 'AGATCGGAAGAGC' (Illumina TruSeq, Sanger iPCR; user defined)
Maximum trimming error rate: 0.1 (default)
Minimum required adapter overlap (stringency): 1 bp
Minimum required sequence length for both reads before a sequence pair gets removed: 20 bp
Running FastQC on the data once trimming has completed
Running FastQC with the following extra arguments: --outdir /vortexfs1/scratch/yaamini.venkataraman/wc-green-crab/output/06b-trimgalore     --threads 28
Output file will be GZIP compressed


This is cutadapt 3.5 with Python 3.9.5
Command line parameters: -j 8 -e 0.1 -q 20 -O 1 -a AGATCGGAAGAGC /vortexfs1/omics/tepolt/raw_reads/C_maenas/Cm_yrv_2023/25-203_R2_001.fastq.gz
Processing reads on 8 cores in single-end mode ...
Finished in 84.07 s (2 µs/read; 25.62 M reads/minute).

=== Summary ===

Total reads processed:              35,893,775
Reads with adapters:                17,633,589 (49.1%)
Reads written (passing filters):    35,893,775 (100.0%)

Total basepairs processed: 5,384,066,250 bp
Quality-trimmed:              30,365,927 bp (0.6%)
Total written (filtered):  5,146,281,546 bp (95.6%)

=== Adapter 1 ===

Sequence: AGATCGGAAGAGC; Type: regular 3'; Length: 13; Trimmed: 17633589 times

Minimum overlap: 1
No. of allowed errors:
1-9 bp: 0; 10-13 bp: 1

Bases preceding removed adapters:
  A: 25.6%
  C: 29.8%
  G: 25.6%
  T: 18.9%
  none/other: 0.1%

Overview of removed sequences
length	count	expect	max.err	error counts
1	7766286	8973443.8	0	7766286
2	2008185	2243360.9	0	2008185
3	742225	560840.2	0	742225
4	325242	140210.1	0	325242
5	221989	35052.5	0	221989
6	195818	8763.1	0	195818
7	191354	2190.8	0	191354
8	183285	547.7	0	183285
9	175504	136.9	0	174843 661
10	176301	34.2	1	172611 3690
11	170845	8.6	1	167083 3762
12	177510	2.1	1	173118 4392
13	171579	0.5	1	167947 3632
14	181746	0.5	1	176888 4858
15	195276	0.5	1	190095 5181
16	168927	0.5	1	164566 4361
17	173750	0.5	1	168536 5214
18	166798	0.5	1	161808 4990
19	183033	0.5	1	176857 6176
20	160961	0.5	1	156541 4420
21	141919	0.5	1	138108 3811
22	139731	0.5	1	135945 3786
23	148608	0.5	1	144392 4216
24	157129	0.5	1	151584 5545
25	137055	0.5	1	133255 3800
26	142295	0.5	1	138050 4245
27	151568	0.5	1	146909 4659
28	122953	0.5	1	119498 3455
29	121735	0.5	1	118484 3251
30	126826	0.5	1	123438 3388
31	104400	0.5	1	102079 2321
32	118633	0.5	1	115426 3207
33	111729	0.5	1	109125 2604
34	140513	0.5	1	136669 3844
35	84452	0.5	1	82476 1976
36	111350	0.5	1	108652 2698
37	103735	0.5	1	101234 2501
38	99225	0.5	1	97012 2213
39	85192	0.5	1	83404 1788
40	110681	0.5	1	107836 2845
41	68594	0.5	1	66957 1637
42	76892	0.5	1	75187 1705
43	78859	0.5	1	76849 2010
44	71228	0.5	1	69573 1655
45	81420	0.5	1	79183 2237
46	65160	0.5	1	63477 1683
47	59590	0.5	1	58128 1462
48	68164	0.5	1	66538 1626
49	55600	0.5	1	54299 1301
50	50780	0.5	1	49481 1299
51	48701	0.5	1	47429 1272
52	50330	0.5	1	49033 1297
53	39005	0.5	1	38086 919
54	41023	0.5	1	40040 983
55	41212	0.5	1	40180 1032
56	35306	0.5	1	34483 823
57	37847	0.5	1	36829 1018
58	40803	0.5	1	39837 966
59	27329	0.5	1	26617 712
60	29972	0.5	1	29332 640
61	25546	0.5	1	25041 505
62	25849	0.5	1	25307 542
63	19894	0.5	1	19493 401
64	23470	0.5	1	22990 480
65	16001	0.5	1	15648 353
66	16671	0.5	1	16327 344
67	16806	0.5	1	16448 358
68	13717	0.5	1	13396 321
69	11140	0.5	1	10873 267
70	14695	0.5	1	14396 299
71	5817	0.5	1	5642 175
72	7928	0.5	1	7740 188
73	8148	0.5	1	7914 234
74	8144	0.5	1	7937 207
75	8208	0.5	1	8033 175
76	2340	0.5	1	2251 89
77	5020	0.5	1	4905 115
78	4932	0.5	1	4799 133
79	4517	0.5	1	4388 129
80	3982	0.5	1	3883 99
81	3639	0.5	1	3523 116
82	3124	0.5	1	3024 100
83	2839	0.5	1	2734 105
84	2568	0.5	1	2493 75
85	2436	0.5	1	2341 95
86	2295	0.5	1	2217 78
87	2219	0.5	1	2149 70
88	1923	0.5	1	1857 66
89	1835	0.5	1	1767 68
90	1690	0.5	1	1620 70
91	1538	0.5	1	1488 50
92	1392	0.5	1	1339 53
93	1267	0.5	1	1198 69
94	1188	0.5	1	1134 54
95	962	0.5	1	921 41
96	935	0.5	1	884 51
97	944	0.5	1	898 46
98	850	0.5	1	816 34
99	794	0.5	1	761 33
100	789	0.5	1	727 62
101	656	0.5	1	618 38
102	598	0.5	1	550 48
103	560	0.5	1	525 35
104	467	0.5	1	437 30
105	476	0.5	1	435 41
106	442	0.5	1	406 36
107	487	0.5	1	453 34
108	555	0.5	1	487 68
109	422	0.5	1	398 24
110	400	0.5	1	358 42
111	360	0.5	1	328 32
112	357	0.5	1	320 37
113	300	0.5	1	267 33
114	292	0.5	1	258 34
115	358	0.5	1	304 54
116	314	0.5	1	284 30
117	270	0.5	1	224 46
118	255	0.5	1	216 39
119	297	0.5	1	251 46
120	580	0.5	1	467 113
121	737	0.5	1	540 197
122	418	0.5	1	344 74
123	195	0.5	1	168 27
124	145	0.5	1	122 23
125	150	0.5	1	129 21
126	120	0.5	1	97 23
127	139	0.5	1	111 28
128	178	0.5	1	124 54
129	224	0.5	1	160 64
130	1566	0.5	1	1239 327
131	65628	0.5	1	60447 5181
132	269	0.5	1	250 19
133	140	0.5	1	126 14
134	205	0.5	1	200 5
135	114	0.5	1	106 8
136	79	0.5	1	73 6
137	123	0.5	1	120 3
138	295	0.5	1	288 7
139	107	0.5	1	99 8
140	151	0.5	1	141 10
141	318	0.5	1	309 9
142	181	0.5	1	174 7
143	274	0.5	1	262 12
144	291	0.5	1	281 10
145	289	0.5	1	278 11
146	388	0.5	1	372 16
147	323	0.5	1	306 17
148	307	0.5	1	289 18
149	257	0.5	1	207 50
150	9322	0.5	1	8017 1305

RUN STATISTICS FOR INPUT FILE: /vortexfs1/omics/tepolt/raw_reads/C_maenas/Cm_yrv_2023/25-203_R2_001.fastq.gz
=============================================
35893775 sequences processed in total

Total number of sequences analysed for the sequence pair length validation: 35893775

Number of sequence pairs removed because at least one read was shorter than the length cutoff (20 bp): 521898 (1.45%)
