
SUMMARISING RUN PARAMETERS
==========================
Input filename: /vortexfs1/omics/tepolt/raw_reads/C_maenas/Cm_yrv_2023/25-202_R2_001.fastq.gz
Trimming mode: paired-end
Trim Galore version: 0.6.6
Cutadapt version: 3.5
Python version: could not detect
Number of cores used for trimming: 8
Quality Phred score cutoff: 20
Quality encoding type selected: ASCII+33
Adapter sequence: 'AGATCGGAAGAGC' (Illumina TruSeq, Sanger iPCR; user defined)
Maximum trimming error rate: 0.1 (default)
Minimum required adapter overlap (stringency): 1 bp
Minimum required sequence length for both reads before a sequence pair gets removed: 20 bp
Running FastQC on the data once trimming has completed
Running FastQC with the following extra arguments: --outdir /vortexfs1/scratch/yaamini.venkataraman/wc-green-crab/output/06b-trimgalore     --threads 28
Output file will be GZIP compressed


This is cutadapt 3.5 with Python 3.9.5
Command line parameters: -j 8 -e 0.1 -q 20 -O 1 -a AGATCGGAAGAGC /vortexfs1/omics/tepolt/raw_reads/C_maenas/Cm_yrv_2023/25-202_R2_001.fastq.gz
Processing reads on 8 cores in single-end mode ...
Finished in 104.31 s (2 µs/read; 28.33 M reads/minute).

=== Summary ===

Total reads processed:              49,247,884
Reads with adapters:                28,815,541 (58.5%)
Reads written (passing filters):    49,247,884 (100.0%)

Total basepairs processed: 7,387,182,600 bp
Quality-trimmed:              20,265,025 bp (0.3%)
Total written (filtered):  6,841,449,010 bp (92.6%)

=== Adapter 1 ===

Sequence: AGATCGGAAGAGC; Type: regular 3'; Length: 13; Trimmed: 28815541 times

Minimum overlap: 1
No. of allowed errors:
1-9 bp: 0; 10-13 bp: 1

Bases preceding removed adapters:
  A: 22.8%
  C: 28.6%
  G: 28.3%
  T: 20.3%
  none/other: 0.1%

Overview of removed sequences
length	count	expect	max.err	error counts
1	9368934	12311971.0	0	9368934
2	2498259	3077992.8	0	2498259
3	903216	769498.2	0	903216
4	469632	192374.5	0	469632
5	349783	48093.6	0	349783
6	312340	12023.4	0	312340
7	310741	3005.9	0	310741
8	298786	751.5	0	298786
9	291819	187.9	0	290822 997
10	295655	47.0	1	290403 5252
11	289866	11.7	1	284351 5515
12	296786	2.9	1	290286 6500
13	295132	0.7	1	288932 6200
14	299339	0.7	1	292030 7309
15	335043	0.7	1	326900 8143
16	303865	0.7	1	296851 7014
17	325885	0.7	1	316940 8945
18	319442	0.7	1	310594 8848
19	339135	0.7	1	328850 10285
20	325738	0.7	1	317360 8378
21	273150	0.7	1	266278 6872
22	281884	0.7	1	274662 7222
23	288627	0.7	1	281064 7563
24	325796	0.7	1	316384 9412
25	318758	0.7	1	310616 8142
26	311670	0.7	1	303378 8292
27	347847	0.7	1	338641 9206
28	272629	0.7	1	265579 7050
29	292480	0.7	1	285073 7407
30	270182	0.7	1	264029 6153
31	268298	0.7	1	262359 5939
32	268107	0.7	1	262089 6018
33	325199	0.7	1	317378 7821
34	271301	0.7	1	265173 6128
35	267652	0.7	1	261884 5768
36	246105	0.7	1	241181 4924
37	266703	0.7	1	261060 5643
38	274916	0.7	1	269028 5888
39	269402	0.7	1	263508 5894
40	259396	0.7	1	253712 5684
41	223706	0.7	1	219277 4429
42	230587	0.7	1	225664 4923
43	235406	0.7	1	230181 5225
44	212781	0.7	1	208234 4547
45	245003	0.7	1	239030 5973
46	205238	0.7	1	200570 4668
47	198547	0.7	1	194370 4177
48	228955	0.7	1	224153 4802
49	189610	0.7	1	185619 3991
50	172215	0.7	1	168604 3611
51	165510	0.7	1	161719 3791
52	164682	0.7	1	160871 3811
53	142270	0.7	1	139447 2823
54	147824	0.7	1	144743 3081
55	149675	0.7	1	146271 3404
56	138089	0.7	1	135177 2912
57	149012	0.7	1	145708 3304
58	166388	0.7	1	163019 3369
59	121827	0.7	1	119168 2659
60	117640	0.7	1	115554 2086
61	94139	0.7	1	92428 1711
62	97009	0.7	1	95125 1884
63	88555	0.7	1	86929 1626
64	105978	0.7	1	104047 1931
65	73686	0.7	1	72308 1378
66	75168	0.7	1	73776 1392
67	73540	0.7	1	72191 1349
68	62480	0.7	1	61400 1080
69	51983	0.7	1	51012 971
70	63550	0.7	1	62482 1068
71	31274	0.7	1	30512 762
72	37854	0.7	1	37180 674
73	36937	0.7	1	36197 740
74	36589	0.7	1	35947 642
75	36447	0.7	1	35896 551
76	10814	0.7	1	10485 329
77	23036	0.7	1	22628 408
78	22644	0.7	1	22218 426
79	20512	0.7	1	20117 395
80	18590	0.7	1	18212 378
81	16754	0.7	1	16387 367
82	14770	0.7	1	14413 357
83	12653	0.7	1	12368 285
84	11525	0.7	1	11264 261
85	10751	0.7	1	10496 255
86	10462	0.7	1	10214 248
87	10002	0.7	1	9808 194
88	8882	0.7	1	8703 179
89	7971	0.7	1	7787 184
90	7348	0.7	1	7190 158
91	6776	0.7	1	6652 124
92	6460	0.7	1	6309 151
93	5434	0.7	1	5298 136
94	4804	0.7	1	4689 115
95	4046	0.7	1	3932 114
96	3888	0.7	1	3773 115
97	3652	0.7	1	3544 108
98	3595	0.7	1	3504 91
99	3290	0.7	1	3228 62
100	2846	0.7	1	2775 71
101	2632	0.7	1	2560 72
102	2116	0.7	1	2048 68
103	2105	0.7	1	2057 48
104	1749	0.7	1	1700 49
105	1697	0.7	1	1651 46
106	1653	0.7	1	1616 37
107	1753	0.7	1	1702 51
108	1424	0.7	1	1361 63
109	1331	0.7	1	1295 36
110	1217	0.7	1	1174 43
111	1086	0.7	1	1047 39
112	895	0.7	1	856 39
113	726	0.7	1	697 29
114	752	0.7	1	719 33
115	591	0.7	1	557 34
116	621	0.7	1	596 25
117	521	0.7	1	493 28
118	541	0.7	1	500 41
119	521	0.7	1	497 24
120	490	0.7	1	462 28
121	448	0.7	1	409 39
122	324	0.7	1	311 13
123	248	0.7	1	231 17
124	218	0.7	1	205 13
125	171	0.7	1	148 23
126	160	0.7	1	148 12
127	139	0.7	1	124 15
128	204	0.7	1	184 20
129	185	0.7	1	165 20
130	411	0.7	1	344 67
131	12238	0.7	1	11491 747
132	216	0.7	1	197 19
133	196	0.7	1	181 15
134	440	0.7	1	428 12
135	209	0.7	1	195 14
136	178	0.7	1	173 5
137	251	0.7	1	246 5
138	550	0.7	1	536 14
139	249	0.7	1	239 10
140	356	0.7	1	349 7
141	738	0.7	1	731 7
142	433	0.7	1	432 1
143	686	0.7	1	668 18
144	700	0.7	1	688 12
145	621	0.7	1	602 19
146	931	0.7	1	914 17
147	932	0.7	1	896 36
148	922	0.7	1	896 26
149	423	0.7	1	316 107
150	16186	0.7	1	12208 3978

RUN STATISTICS FOR INPUT FILE: /vortexfs1/omics/tepolt/raw_reads/C_maenas/Cm_yrv_2023/25-202_R2_001.fastq.gz
=============================================
49247884 sequences processed in total

Total number of sequences analysed for the sequence pair length validation: 49247884

Number of sequence pairs removed because at least one read was shorter than the length cutoff (20 bp): 817008 (1.66%)
