
SUMMARISING RUN PARAMETERS
==========================
Input filename: /vortexfs1/omics/tepolt/raw_reads/C_maenas/Cm_yrv_2023/25-202_R1_001.fastq.gz
Trimming mode: paired-end
Trim Galore version: 0.6.6
Cutadapt version: 3.5
Python version: could not detect
Number of cores used for trimming: 8
Quality Phred score cutoff: 20
Quality encoding type selected: ASCII+33
Adapter sequence: 'AGATCGGAAGAGC' (Illumina TruSeq, Sanger iPCR; user defined)
Maximum trimming error rate: 0.1 (default)
Minimum required adapter overlap (stringency): 1 bp
Minimum required sequence length for both reads before a sequence pair gets removed: 20 bp
Running FastQC on the data once trimming has completed
Running FastQC with the following extra arguments: --outdir /vortexfs1/scratch/yaamini.venkataraman/wc-green-crab/output/06b-trimgalore     --threads 28
Output file will be GZIP compressed


This is cutadapt 3.5 with Python 3.9.5
Command line parameters: -j 8 -e 0.1 -q 20 -O 1 -a AGATCGGAAGAGC /vortexfs1/omics/tepolt/raw_reads/C_maenas/Cm_yrv_2023/25-202_R1_001.fastq.gz
Processing reads on 8 cores in single-end mode ...
Finished in 100.00 s (2 µs/read; 29.55 M reads/minute).

=== Summary ===

Total reads processed:              49,247,884
Reads with adapters:                28,915,328 (58.7%)
Reads written (passing filters):    49,247,884 (100.0%)

Total basepairs processed: 7,387,182,600 bp
Quality-trimmed:              21,624,029 bp (0.3%)
Total written (filtered):  6,735,358,487 bp (91.2%)

=== Adapter 1 ===

Sequence: AGATCGGAAGAGC; Type: regular 3'; Length: 13; Trimmed: 28915328 times

Minimum overlap: 1
No. of allowed errors:
1-9 bp: 0; 10-13 bp: 1

Bases preceding removed adapters:
  A: 19.9%
  C: 27.9%
  G: 22.3%
  T: 27.2%
  none/other: 2.7%

Overview of removed sequences
length	count	expect	max.err	error counts
1	8820259	12311971.0	0	8820259
2	2227974	3077992.8	0	2227974
3	994561	769498.2	0	994561
4	469110	192374.5	0	469110
5	351155	48093.6	0	351155
6	311397	12023.4	0	311397
7	310062	3005.9	0	310062
8	298551	751.5	0	298551
9	293854	187.9	0	292307 1547
10	294911	47.0	1	289450 5461
11	290791	11.7	1	285273 5518
12	291898	2.9	1	285973 5925
13	300028	0.7	1	293119 6909
14	297654	0.7	1	291168 6486
15	327497	0.7	1	319987 7510
16	313590	0.7	1	306628 6962
17	326683	0.7	1	318676 8007
18	317350	0.7	1	310814 6536
19	320252	0.7	1	313094 7158
20	310803	0.7	1	303967 6836
21	295166	0.7	1	288265 6901
22	292419	0.7	1	286120 6299
23	289882	0.7	1	283347 6535
24	311520	0.7	1	304439 7081
25	329002	0.7	1	321435 7567
26	312174	0.7	1	305127 7047
27	315847	0.7	1	308672 7175
28	295076	0.7	1	288185 6891
29	288280	0.7	1	282006 6274
30	276507	0.7	1	270629 5878
31	273216	0.7	1	267146 6070
32	274177	0.7	1	267885 6292
33	272562	0.7	1	266531 6031
34	273648	0.7	1	267070 6578
35	274413	0.7	1	268182 6231
36	274045	0.7	1	267416 6629
37	271568	0.7	1	265231 6337
38	280762	0.7	1	273634 7128
39	264346	0.7	1	257894 6452
40	259954	0.7	1	253795 6159
41	244402	0.7	1	238296 6106
42	241175	0.7	1	235157 6018
43	231803	0.7	1	225155 6648
44	307288	0.7	1	298619 8669
45	224767	0.7	1	218197 6570
46	316410	0.7	1	311037 5373
47	127152	0.7	1	117038 10114
48	996924	0.7	1	985191 11733
49	452941	0.7	1	445862 7079
50	85865	0.7	1	82788 3077
51	73344	0.7	1	71056 2288
52	163814	0.7	1	162006 1808
53	33490	0.7	1	31330 2160
54	187736	0.7	1	186458 1278
55	22291	0.7	1	20987 1304
56	62026	0.7	1	61235 791
57	27067	0.7	1	25988 1079
58	74120	0.7	1	71663 2457
59	221211	0.7	1	219316 1895
60	25430	0.7	1	23764 1666
61	81811	0.7	1	80918 893
62	8723	0.7	1	8158 565
63	8762	0.7	1	8175 587
64	55619	0.7	1	54098 1521
65	133199	0.7	1	132035 1164
66	16462	0.7	1	15867 595
67	5243	0.7	1	4863 380
68	22606	0.7	1	22040 566
69	35613	0.7	1	34968 645
70	35441	0.7	1	34857 584
71	26967	0.7	1	26534 433
72	11828	0.7	1	11549 279
73	9723	0.7	1	9385 338
74	25224	0.7	1	24772 452
75	27276	0.7	1	26768 508
76	25698	0.7	1	25231 467
77	24376	0.7	1	23898 478
78	22663	0.7	1	22241 422
79	20540	0.7	1	20130 410
80	18560	0.7	1	18137 423
81	16685	0.7	1	16340 345
82	14813	0.7	1	14465 348
83	12643	0.7	1	12341 302
84	11539	0.7	1	11287 252
85	10889	0.7	1	10644 245
86	10611	0.7	1	10371 240
87	9976	0.7	1	9764 212
88	8936	0.7	1	8729 207
89	7895	0.7	1	7710 185
90	7404	0.7	1	7223 181
91	6767	0.7	1	6633 134
92	6550	0.7	1	6401 149
93	5506	0.7	1	5343 163
94	4883	0.7	1	4772 111
95	4095	0.7	1	3968 127
96	3954	0.7	1	3853 101
97	3722	0.7	1	3628 94
98	3637	0.7	1	3540 97
99	3321	0.7	1	3248 73
100	2891	0.7	1	2803 88
101	2624	0.7	1	2551 73
102	2138	0.7	1	2067 71
103	2152	0.7	1	2079 73
104	1795	0.7	1	1750 45
105	1732	0.7	1	1671 61
106	1665	0.7	1	1608 57
107	1756	0.7	1	1712 44
108	1385	0.7	1	1336 49
109	1341	0.7	1	1275 66
110	1217	0.7	1	1166 51
111	1081	0.7	1	1025 56
112	888	0.7	1	841 47
113	733	0.7	1	686 47
114	757	0.7	1	718 39
115	590	0.7	1	555 35
116	613	0.7	1	570 43
117	519	0.7	1	486 33
118	536	0.7	1	501 35
119	529	0.7	1	493 36
120	490	0.7	1	465 25
121	447	0.7	1	409 38
122	338	0.7	1	305 33
123	260	0.7	1	229 31
124	225	0.7	1	191 34
125	189	0.7	1	146 43
126	187	0.7	1	136 51
127	174	0.7	1	128 46
128	243	0.7	1	177 66
129	216	0.7	1	168 48
130	408	0.7	1	315 93
131	12730	0.7	1	12470 260
132	279	0.7	1	203 76
133	261	0.7	1	188 73
134	525	0.7	1	430 95
135	298	0.7	1	204 94
136	263	0.7	1	172 91
137	335	0.7	1	248 87
138	634	0.7	1	531 103
139	337	0.7	1	238 99
140	493	0.7	1	354 139
141	866	0.7	1	714 152
142	594	0.7	1	436 158
143	825	0.7	1	655 170
144	882	0.7	1	685 197
145	857	0.7	1	592 265
146	1210	0.7	1	912 298
147	1483	0.7	1	893 590
148	1648	0.7	1	899 749
149	13584	0.7	1	377 13207
150	764745	0.7	1	11990 752755

RUN STATISTICS FOR INPUT FILE: /vortexfs1/omics/tepolt/raw_reads/C_maenas/Cm_yrv_2023/25-202_R1_001.fastq.gz
=============================================
49247884 sequences processed in total

