
SUMMARISING RUN PARAMETERS
==========================
Input filename: /vortexfs1/omics/tepolt/raw_reads/C_maenas/Cm_yrv_2023/25-203_R1_001.fastq.gz
Trimming mode: paired-end
Trim Galore version: 0.6.6
Cutadapt version: 3.5
Python version: could not detect
Number of cores used for trimming: 8
Quality Phred score cutoff: 20
Quality encoding type selected: ASCII+33
Adapter sequence: 'AGATCGGAAGAGC' (Illumina TruSeq, Sanger iPCR; user defined)
Maximum trimming error rate: 0.1 (default)
Minimum required adapter overlap (stringency): 1 bp
Minimum required sequence length for both reads before a sequence pair gets removed: 20 bp
Running FastQC on the data once trimming has completed
Running FastQC with the following extra arguments: --outdir /vortexfs1/scratch/yaamini.venkataraman/wc-green-crab/output/06b-trimgalore     --threads 28
Output file will be GZIP compressed


This is cutadapt 3.5 with Python 3.9.5
Command line parameters: -j 8 -e 0.1 -q 20 -O 1 -a AGATCGGAAGAGC /vortexfs1/omics/tepolt/raw_reads/C_maenas/Cm_yrv_2023/25-203_R1_001.fastq.gz
Processing reads on 8 cores in single-end mode ...
Finished in 79.99 s (2 µs/read; 26.92 M reads/minute).

=== Summary ===

Total reads processed:              35,893,775
Reads with adapters:                17,645,320 (49.2%)
Reads written (passing filters):    35,893,775 (100.0%)

Total basepairs processed: 5,384,066,250 bp
Quality-trimmed:               7,266,385 bp (0.1%)
Total written (filtered):  5,105,598,033 bp (94.8%)

=== Adapter 1 ===

Sequence: AGATCGGAAGAGC; Type: regular 3'; Length: 13; Trimmed: 17645320 times

Minimum overlap: 1
No. of allowed errors:
1-9 bp: 0; 10-13 bp: 1

Bases preceding removed adapters:
  A: 21.7%
  C: 27.3%
  G: 23.0%
  T: 25.8%
  none/other: 2.3%

Overview of removed sequences
length	count	expect	max.err	error counts
1	7131160	8973443.8	0	7131160
2	1911629	2243360.9	0	1911629
3	994949	560840.2	0	994949
4	316419	140210.1	0	316419
5	222182	35052.5	0	222182
6	194114	8763.1	0	194114
7	190492	2190.8	0	190492
8	182644	547.7	0	182644
9	179269	136.9	0	175864 3405
10	177319	34.2	1	171695 5624
11	173509	8.6	1	167999 5510
12	174111	2.1	1	168560 5551
13	178458	0.5	1	172479 5979
14	182632	0.5	1	176827 5805
15	192789	0.5	1	186413 6376
16	177406	0.5	1	171532 5874
17	175220	0.5	1	169170 6050
18	167737	0.5	1	162429 5308
19	167333	0.5	1	161668 5665
20	164228	0.5	1	158857 5371
21	154804	0.5	1	149536 5268
22	148254	0.5	1	143662 4592
23	151199	0.5	1	146131 5068
24	146851	0.5	1	141974 4877
25	146868	0.5	1	141945 4923
26	142425	0.5	1	137759 4666
27	139616	0.5	1	134860 4756
28	132279	0.5	1	127813 4466
29	125347	0.5	1	121292 4055
30	120275	0.5	1	116399 3876
31	119712	0.5	1	115725 3987
32	119004	0.5	1	114991 4013
33	115776	0.5	1	112030 3746
34	112721	0.5	1	108992 3729
35	109774	0.5	1	106181 3593
36	107554	0.5	1	103763 3791
37	105191	0.5	1	101559 3632
38	105193	0.5	1	101412 3781
39	95658	0.5	1	92284 3374
40	94081	0.5	1	90553 3528
41	88309	0.5	1	85239 3070
42	81607	0.5	1	78665 2942
43	80280	0.5	1	76718 3562
44	105969	0.5	1	102404 3565
45	69616	0.5	1	66661 2955
46	93969	0.5	1	92415 1554
47	22546	0.5	1	20496 2050
48	82260	0.5	1	79662 2598
49	71649	0.5	1	69735 1914
50	44448	0.5	1	42866 1582
51	49190	0.5	1	47442 1748
52	58181	0.5	1	56755 1426
53	34211	0.5	1	32790 1421
54	48422	0.5	1	47384 1038
55	29930	0.5	1	28839 1091
56	37323	0.5	1	36341 982
57	32441	0.5	1	31539 902
58	30839	0.5	1	29604 1235
59	40581	0.5	1	39477 1104
60	28844	0.5	1	27819 1025
61	36677	0.5	1	35966 711
62	16388	0.5	1	15851 537
63	16482	0.5	1	15959 523
64	18539	0.5	1	17641 898
65	34728	0.5	1	34187 541
66	11360	0.5	1	11049 311
67	7082	0.5	1	6697 385
68	14040	0.5	1	13602 438
69	12552	0.5	1	12170 382
70	12271	0.5	1	11971 300
71	9016	0.5	1	8869 147
72	3440	0.5	1	3294 146
73	4124	0.5	1	3970 154
74	6250	0.5	1	6034 216
75	6322	0.5	1	6122 200
76	5783	0.5	1	5556 227
77	5465	0.5	1	5261 204
78	5164	0.5	1	4985 179
79	4613	0.5	1	4460 153
80	4101	0.5	1	3918 183
81	3645	0.5	1	3504 141
82	3216	0.5	1	3094 122
83	2943	0.5	1	2804 139
84	2604	0.5	1	2497 107
85	2632	0.5	1	2539 93
86	2339	0.5	1	2244 95
87	2237	0.5	1	2145 92
88	1968	0.5	1	1887 81
89	1838	0.5	1	1762 76
90	1741	0.5	1	1661 80
91	1567	0.5	1	1496 71
92	1457	0.5	1	1386 71
93	1294	0.5	1	1216 78
94	1253	0.5	1	1190 63
95	1024	0.5	1	982 42
96	992	0.5	1	944 48
97	965	0.5	1	912 53
98	894	0.5	1	850 44
99	828	0.5	1	778 50
100	796	0.5	1	746 50
101	696	0.5	1	661 35
102	636	0.5	1	590 46
103	582	0.5	1	546 36
104	473	0.5	1	437 36
105	482	0.5	1	454 28
106	446	0.5	1	410 36
107	508	0.5	1	472 36
108	595	0.5	1	552 43
109	461	0.5	1	428 33
110	430	0.5	1	381 49
111	425	0.5	1	361 64
112	392	0.5	1	338 54
113	359	0.5	1	281 78
114	327	0.5	1	286 41
115	402	0.5	1	340 62
116	348	0.5	1	315 33
117	291	0.5	1	267 24
118	276	0.5	1	245 31
119	330	0.5	1	299 31
120	635	0.5	1	597 38
121	809	0.5	1	771 38
122	454	0.5	1	424 30
123	206	0.5	1	181 25
124	153	0.5	1	133 20
125	160	0.5	1	139 21
126	133	0.5	1	110 23
127	145	0.5	1	115 30
128	176	0.5	1	141 35
129	266	0.5	1	207 59
130	1463	0.5	1	1343 120
131	68342	0.5	1	67360 982
132	320	0.5	1	260 60
133	178	0.5	1	130 48
134	248	0.5	1	202 46
135	139	0.5	1	107 32
136	111	0.5	1	71 40
137	178	0.5	1	128 50
138	337	0.5	1	286 51
139	144	0.5	1	97 47
140	203	0.5	1	136 67
141	388	0.5	1	304 84
142	248	0.5	1	179 69
143	351	0.5	1	264 87
144	377	0.5	1	285 92
145	386	0.5	1	277 109
146	512	0.5	1	371 141
147	545	0.5	1	308 237
148	639	0.5	1	289 350
149	7592	0.5	1	246 7346
150	403596	0.5	1	7917 395679

RUN STATISTICS FOR INPUT FILE: /vortexfs1/omics/tepolt/raw_reads/C_maenas/Cm_yrv_2023/25-203_R1_001.fastq.gz
=============================================
35893775 sequences processed in total

