
SUMMARISING RUN PARAMETERS
==========================
Input filename: /vortexfs1/omics/tepolt/raw_reads/C_maenas/Cm_yrv_2023/5-008_R1_001.fastq.gz
Trimming mode: paired-end
Trim Galore version: 0.6.6
Cutadapt version: 3.5
Python version: could not detect
Number of cores used for trimming: 8
Quality Phred score cutoff: 20
Quality encoding type selected: ASCII+33
Adapter sequence: 'AGATCGGAAGAGC' (Illumina TruSeq, Sanger iPCR; user defined)
Maximum trimming error rate: 0.1 (default)
Minimum required adapter overlap (stringency): 1 bp
Minimum required sequence length for both reads before a sequence pair gets removed: 20 bp
Running FastQC on the data once trimming has completed
Running FastQC with the following extra arguments: --outdir /vortexfs1/scratch/yaamini.venkataraman/wc-green-crab/output/06b-trimgalore     --threads 28
Output file will be GZIP compressed


This is cutadapt 3.5 with Python 3.9.5
Command line parameters: -j 8 -e 0.1 -q 20 -O 1 -a AGATCGGAAGAGC /vortexfs1/omics/tepolt/raw_reads/C_maenas/Cm_yrv_2023/5-008_R1_001.fastq.gz
Processing reads on 8 cores in single-end mode ...
Finished in 107.75 s (2 µs/read; 28.19 M reads/minute).

=== Summary ===

Total reads processed:              50,630,229
Reads with adapters:                22,356,343 (44.2%)
Reads written (passing filters):    50,630,229 (100.0%)

Total basepairs processed: 7,594,534,350 bp
Quality-trimmed:              10,617,772 bp (0.1%)
Total written (filtered):  7,330,574,998 bp (96.5%)

=== Adapter 1 ===

Sequence: AGATCGGAAGAGC; Type: regular 3'; Length: 13; Trimmed: 22356343 times

Minimum overlap: 1
No. of allowed errors:
1-9 bp: 0; 10-13 bp: 1

Bases preceding removed adapters:
  A: 26.6%
  C: 25.1%
  G: 19.2%
  T: 26.5%
  none/other: 2.5%

Overview of removed sequences
length	count	expect	max.err	error counts
1	11836062	12657557.2	0	11836062
2	2874189	3164389.3	0	2874189
3	1200832	791097.3	0	1200832
4	368624	197774.3	0	368624
5	217838	49443.6	0	217838
6	179282	12360.9	0	179282
7	174639	3090.2	0	174639
8	163874	772.6	0	163874
9	156540	193.1	0	155389 1151
10	154025	48.3	1	150348 3677
11	147900	12.1	1	144973 2927
12	148466	3.0	1	145242 3224
13	145997	0.8	1	142663 3334
14	145586	0.8	1	142430 3156
15	157568	0.8	1	153865 3703
16	143314	0.8	1	140092 3222
17	139265	0.8	1	135809 3456
18	136088	0.8	1	133235 2853
19	135457	0.8	1	132507 2950
20	131687	0.8	1	128741 2946
21	123627	0.8	1	120787 2840
22	120017	0.8	1	117415 2602
23	121716	0.8	1	118902 2814
24	117906	0.8	1	115207 2699
25	119277	0.8	1	116425 2852
26	111794	0.8	1	109229 2565
27	107587	0.8	1	105043 2544
28	104157	0.8	1	101554 2603
29	97121	0.8	1	94917 2204
30	91390	0.8	1	89412 1978
31	90070	0.8	1	87945 2125
32	88978	0.8	1	86890 2088
33	87912	0.8	1	85850 2062
34	84823	0.8	1	82629 2194
35	81179	0.8	1	79173 2006
36	80659	0.8	1	78538 2121
37	78374	0.8	1	76522 1852
38	78750	0.8	1	76823 1927
39	72258	0.8	1	70453 1805
40	71603	0.8	1	69793 1810
41	64572	0.8	1	62913 1659
42	61874	0.8	1	60202 1672
43	61282	0.8	1	59322 1960
44	85083	0.8	1	82649 2434
45	51639	0.8	1	49946 1693
46	76964	0.8	1	75776 1188
47	16288	0.8	1	14803 1485
48	110707	0.8	1	108522 2185
49	102430	0.8	1	101022 1408
50	21250	0.8	1	20452 798
51	27333	0.8	1	26716 617
52	40588	0.8	1	40036 552
53	11868	0.8	1	11226 642
54	49328	0.8	1	48914 414
55	8372	0.8	1	7959 413
56	22562	0.8	1	22229 333
57	12187	0.8	1	11876 311
58	17106	0.8	1	16538 568
59	49220	0.8	1	48678 542
60	10613	0.8	1	10149 464
61	23073	0.8	1	22798 275
62	2203	0.8	1	2023 180
63	3212	0.8	1	3050 162
64	10852	0.8	1	10483 369
65	28348	0.8	1	28095 253
66	1894	0.8	1	1742 152
67	1179	0.8	1	1080 99
68	7077	0.8	1	6905 172
69	8023	0.8	1	7866 157
70	7958	0.8	1	7811 147
71	5906	0.8	1	5815 91
72	2272	0.8	1	2201 71
73	2348	0.8	1	2265 83
74	5121	0.8	1	4987 134
75	5490	0.8	1	5347 143
76	5161	0.8	1	5030 131
77	4885	0.8	1	4738 147
78	4878	0.8	1	4743 135
79	4367	0.8	1	4263 104
80	4401	0.8	1	3966 435
81	3833	0.8	1	3518 315
82	3712	0.8	1	3581 131
83	3041	0.8	1	2936 105
84	2809	0.8	1	2728 81
85	2836	0.8	1	2714 122
86	2770	0.8	1	2664 106
87	2398	0.8	1	2318 80
88	2207	0.8	1	2117 90
89	2135	0.8	1	2056 79
90	2040	0.8	1	1949 91
91	1919	0.8	1	1831 88
92	1807	0.8	1	1739 68
93	1555	0.8	1	1484 71
94	1401	0.8	1	1337 64
95	1251	0.8	1	1197 54
96	1138	0.8	1	1083 55
97	1116	0.8	1	1067 49
98	1148	0.8	1	1094 54
99	1147	0.8	1	1094 53
100	1011	0.8	1	957 54
101	882	0.8	1	845 37
102	875	0.8	1	837 38
103	827	0.8	1	782 45
104	689	0.8	1	653 36
105	665	0.8	1	632 33
106	611	0.8	1	580 31
107	901	0.8	1	859 42
108	624	0.8	1	582 42
109	587	0.8	1	557 30
110	544	0.8	1	510 34
111	548	0.8	1	484 64
112	493	0.8	1	460 33
113	435	0.8	1	396 39
114	451	0.8	1	414 37
115	379	0.8	1	335 44
116	362	0.8	1	329 33
117	358	0.8	1	325 33
118	347	0.8	1	314 33
119	326	0.8	1	291 35
120	312	0.8	1	286 26
121	387	0.8	1	354 33
122	288	0.8	1	258 30
123	214	0.8	1	191 23
124	187	0.8	1	157 30
125	181	0.8	1	148 33
126	187	0.8	1	142 45
127	186	0.8	1	145 41
128	189	0.8	1	145 44
129	187	0.8	1	138 49
130	605	0.8	1	504 101
131	5377	0.8	1	5209 168
132	254	0.8	1	172 82
133	202	0.8	1	131 71
134	385	0.8	1	312 73
135	249	0.8	1	163 86
136	183	0.8	1	115 68
137	222	0.8	1	159 63
138	342	0.8	1	280 62
139	246	0.8	1	154 92
140	216	0.8	1	128 88
141	386	0.8	1	287 99
142	257	0.8	1	160 97
143	331	0.8	1	227 104
144	373	0.8	1	219 154
145	355	0.8	1	170 185
146	467	0.8	1	242 225
147	579	0.8	1	219 360
148	848	0.8	1	320 528
149	9512	0.8	1	392 9120
150	554113	0.8	1	15489 538624

RUN STATISTICS FOR INPUT FILE: /vortexfs1/omics/tepolt/raw_reads/C_maenas/Cm_yrv_2023/5-008_R1_001.fastq.gz
=============================================
50630229 sequences processed in total

