
SUMMARISING RUN PARAMETERS
==========================
Input filename: /vortexfs1/omics/tepolt/raw_reads/C_maenas/Cm_yrv_2023/5-002_R1_001.fastq.gz
Trimming mode: paired-end
Trim Galore version: 0.6.6
Cutadapt version: 3.5
Python version: could not detect
Number of cores used for trimming: 8
Quality Phred score cutoff: 20
Quality encoding type selected: ASCII+33
Adapter sequence: 'AGATCGGAAGAGC' (Illumina TruSeq, Sanger iPCR; user defined)
Maximum trimming error rate: 0.1 (default)
Minimum required adapter overlap (stringency): 1 bp
Minimum required sequence length for both reads before a sequence pair gets removed: 20 bp
Running FastQC on the data once trimming has completed
Running FastQC with the following extra arguments: --outdir /vortexfs1/scratch/yaamini.venkataraman/wc-green-crab/output/06b-trimgalore     --threads 28
Output file will be GZIP compressed


This is cutadapt 3.5 with Python 3.9.5
Command line parameters: -j 8 -e 0.1 -q 20 -O 1 -a AGATCGGAAGAGC /vortexfs1/omics/tepolt/raw_reads/C_maenas/Cm_yrv_2023/5-002_R1_001.fastq.gz
Processing reads on 8 cores in single-end mode ...
Finished in 90.88 s (2 µs/read; 28.81 M reads/minute).

=== Summary ===

Total reads processed:              43,638,842
Reads with adapters:                20,282,363 (46.5%)
Reads written (passing filters):    43,638,842 (100.0%)

Total basepairs processed: 6,545,826,300 bp
Quality-trimmed:               9,315,703 bp (0.1%)
Total written (filtered):  6,236,014,872 bp (95.3%)

=== Adapter 1 ===

Sequence: AGATCGGAAGAGC; Type: regular 3'; Length: 13; Trimmed: 20282363 times

Minimum overlap: 1
No. of allowed errors:
1-9 bp: 0; 10-13 bp: 1

Bases preceding removed adapters:
  A: 23.8%
  C: 26.2%
  G: 20.3%
  T: 25.7%
  none/other: 4.0%

Overview of removed sequences
length	count	expect	max.err	error counts
1	9590737	10909710.5	0	9590737
2	2396107	2727427.6	0	2396107
3	1028815	681856.9	0	1028815
4	339363	170464.2	0	339363
5	230809	42616.1	0	230809
6	193642	10654.0	0	193642
7	190597	2663.5	0	190597
8	176498	665.9	0	176498
9	173377	166.5	0	172192 1185
10	171683	41.6	1	167901 3782
11	166921	10.4	1	163530 3391
12	167699	2.6	1	164140 3559
13	168859	0.7	1	165093 3766
14	166110	0.7	1	162458 3652
15	178863	0.7	1	174766 4097
16	164034	0.7	1	160258 3776
17	160029	0.7	1	156252 3777
18	154947	0.7	1	151710 3237
19	154417	0.7	1	151040 3377
20	149596	0.7	1	146262 3334
21	140632	0.7	1	137282 3350
22	136414	0.7	1	133308 3106
23	138870	0.7	1	135781 3089
24	134212	0.7	1	131232 2980
25	135214	0.7	1	132148 3066
26	128035	0.7	1	125153 2882
27	124506	0.7	1	121567 2939
28	119286	0.7	1	116365 2921
29	110015	0.7	1	107524 2491
30	105008	0.7	1	102754 2254
31	103240	0.7	1	100917 2323
32	101836	0.7	1	99351 2485
33	99415	0.7	1	97023 2392
34	97466	0.7	1	95233 2233
35	92333	0.7	1	90121 2212
36	92370	0.7	1	89997 2373
37	88499	0.7	1	86491 2008
38	85945	0.7	1	83869 2076
39	79919	0.7	1	77890 2029
40	78477	0.7	1	76422 2055
41	70941	0.7	1	69235 1706
42	68690	0.7	1	66848 1842
43	66383	0.7	1	64254 2129
44	89154	0.7	1	86646 2508
45	55854	0.7	1	54102 1752
46	85646	0.7	1	84366 1280
47	17507	0.7	1	15913 1594
48	118950	0.7	1	116644 2306
49	108262	0.7	1	106849 1413
50	23074	0.7	1	22191 883
51	31023	0.7	1	30314 709
52	43386	0.7	1	42847 539
53	12002	0.7	1	11431 571
54	46537	0.7	1	46144 393
55	8872	0.7	1	8485 387
56	22046	0.7	1	21746 300
57	11545	0.7	1	11208 337
58	16944	0.7	1	16391 553
59	48891	0.7	1	48407 484
60	10063	0.7	1	9640 423
61	22319	0.7	1	22066 253
62	2014	0.7	1	1853 161
63	3128	0.7	1	2987 141
64	10554	0.7	1	10195 359
65	27894	0.7	1	27613 281
66	1723	0.7	1	1571 152
67	1112	0.7	1	990 122
68	6775	0.7	1	6638 137
69	7672	0.7	1	7520 152
70	7785	0.7	1	7632 153
71	5909	0.7	1	5805 104
72	2331	0.7	1	2262 69
73	2238	0.7	1	2166 72
74	5018	0.7	1	4906 112
75	5294	0.7	1	5199 95
76	5207	0.7	1	5074 133
77	4547	0.7	1	4423 124
78	4711	0.7	1	4594 117
79	4227	0.7	1	4109 118
80	3968	0.7	1	3796 172
81	3642	0.7	1	3482 160
82	3180	0.7	1	3086 94
83	2806	0.7	1	2717 89
84	2650	0.7	1	2559 91
85	2508	0.7	1	2429 79
86	2446	0.7	1	2369 77
87	2237	0.7	1	2165 72
88	2124	0.7	1	2038 86
89	1917	0.7	1	1854 63
90	2018	0.7	1	1946 72
91	1869	0.7	1	1796 73
92	1792	0.7	1	1724 68
93	1430	0.7	1	1375 55
94	1351	0.7	1	1288 63
95	1218	0.7	1	1161 57
96	1193	0.7	1	1144 49
97	1133	0.7	1	1078 55
98	1006	0.7	1	963 43
99	1045	0.7	1	1013 32
100	996	0.7	1	950 46
101	858	0.7	1	817 41
102	779	0.7	1	749 30
103	758	0.7	1	723 35
104	649	0.7	1	614 35
105	636	0.7	1	600 36
106	637	0.7	1	600 37
107	702	0.7	1	678 24
108	606	0.7	1	563 43
109	529	0.7	1	499 30
110	505	0.7	1	464 41
111	459	0.7	1	405 54
112	411	0.7	1	385 26
113	329	0.7	1	295 34
114	422	0.7	1	378 44
115	356	0.7	1	324 32
116	289	0.7	1	256 33
117	273	0.7	1	255 18
118	297	0.7	1	271 26
119	254	0.7	1	224 30
120	251	0.7	1	220 31
121	241	0.7	1	219 22
122	200	0.7	1	169 31
123	187	0.7	1	152 35
124	151	0.7	1	119 32
125	168	0.7	1	125 43
126	168	0.7	1	116 52
127	147	0.7	1	96 51
128	183	0.7	1	123 60
129	174	0.7	1	126 48
130	247	0.7	1	173 74
131	1725	0.7	1	1629 96
132	207	0.7	1	133 74
133	211	0.7	1	117 94
134	358	0.7	1	275 83
135	235	0.7	1	141 94
136	212	0.7	1	130 82
137	273	0.7	1	172 101
138	397	0.7	1	303 94
139	300	0.7	1	186 114
140	363	0.7	1	234 129
141	566	0.7	1	429 137
142	411	0.7	1	243 168
143	554	0.7	1	385 169
144	617	0.7	1	437 180
145	681	0.7	1	410 271
146	957	0.7	1	653 304
147	1128	0.7	1	543 585
148	1311	0.7	1	559 752
149	11755	0.7	1	269 11486
150	804684	0.7	1	9787 794897

RUN STATISTICS FOR INPUT FILE: /vortexfs1/omics/tepolt/raw_reads/C_maenas/Cm_yrv_2023/5-002_R1_001.fastq.gz
=============================================
43638842 sequences processed in total

