
SUMMARISING RUN PARAMETERS
==========================
Input filename: /vortexfs1/omics/tepolt/raw_reads/C_maenas/Cm_yrv_2023/5-004_R2_001.fastq.gz
Trimming mode: paired-end
Trim Galore version: 0.6.6
Cutadapt version: 3.5
Python version: could not detect
Number of cores used for trimming: 8
Quality Phred score cutoff: 20
Quality encoding type selected: ASCII+33
Adapter sequence: 'AGATCGGAAGAGC' (Illumina TruSeq, Sanger iPCR; user defined)
Maximum trimming error rate: 0.1 (default)
Minimum required adapter overlap (stringency): 1 bp
Minimum required sequence length for both reads before a sequence pair gets removed: 20 bp
Running FastQC on the data once trimming has completed
Running FastQC with the following extra arguments: --outdir /vortexfs1/scratch/yaamini.venkataraman/wc-green-crab/output/06b-trimgalore     --threads 28
Output file will be GZIP compressed


This is cutadapt 3.5 with Python 3.9.5
Command line parameters: -j 8 -e 0.1 -q 20 -O 1 -a AGATCGGAAGAGC /vortexfs1/omics/tepolt/raw_reads/C_maenas/Cm_yrv_2023/5-004_R2_001.fastq.gz
Processing reads on 8 cores in single-end mode ...
Finished in 117.62 s (2 µs/read; 26.55 M reads/minute).

=== Summary ===

Total reads processed:              52,045,755
Reads with adapters:                29,286,016 (56.3%)
Reads written (passing filters):    52,045,755 (100.0%)

Total basepairs processed: 7,806,863,250 bp
Quality-trimmed:              22,260,427 bp (0.3%)
Total written (filtered):  7,282,093,055 bp (93.3%)

=== Adapter 1 ===

Sequence: AGATCGGAAGAGC; Type: regular 3'; Length: 13; Trimmed: 29286016 times

Minimum overlap: 1
No. of allowed errors:
1-9 bp: 0; 10-13 bp: 1

Bases preceding removed adapters:
  A: 22.2%
  C: 30.3%
  G: 28.6%
  T: 18.8%
  none/other: 0.1%

Overview of removed sequences
length	count	expect	max.err	error counts
1	9677055	13011438.8	0	9677055
2	2611588	3252859.7	0	2611588
3	1002308	813214.9	0	1002308
4	494622	203303.7	0	494622
5	377661	50825.9	0	377661
6	337858	12706.5	0	337858
7	338570	3176.6	0	338570
8	324764	794.2	0	324764
9	312211	198.5	0	311216 995
10	317307	49.6	1	311362 5945
11	312798	12.4	1	306854 5944
12	327381	3.1	1	320038 7343
13	320714	0.8	1	314126 6588
14	328877	0.8	1	320649 8228
15	368232	0.8	1	359003 9229
16	325121	0.8	1	317444 7677
17	336618	0.8	1	327404 9214
18	334270	0.8	1	324663 9607
19	361714	0.8	1	350492 11222
20	331075	0.8	1	322321 8754
21	292590	0.8	1	284988 7602
22	305549	0.8	1	297626 7923
23	322702	0.8	1	314002 8700
24	346761	0.8	1	336160 10601
25	311455	0.8	1	303097 8358
26	316189	0.8	1	307531 8658
27	343174	0.8	1	333757 9417
28	291220	0.8	1	283668 7552
29	282387	0.8	1	275459 6928
30	279877	0.8	1	273261 6616
31	267692	0.8	1	262087 5605
32	276037	0.8	1	269716 6321
33	294769	0.8	1	287605 7164
34	263930	0.8	1	257897 6033
35	283980	0.8	1	277061 6919
36	295634	0.8	1	288694 6940
37	251347	0.8	1	245525 5822
38	258352	0.8	1	252747 5605
39	284923	0.8	1	278691 6232
40	225268	0.8	1	220315 4953
41	239249	0.8	1	234261 4988
42	204085	0.8	1	199950 4135
43	220627	0.8	1	215792 4835
44	203694	0.8	1	199432 4262
45	236128	0.8	1	230327 5801
46	195410	0.8	1	190878 4532
47	181691	0.8	1	177690 4001
48	206770	0.8	1	202466 4304
49	169975	0.8	1	166262 3713
50	155288	0.8	1	151804 3484
51	150111	0.8	1	146488 3623
52	153376	0.8	1	149812 3564
53	129248	0.8	1	126577 2671
54	132702	0.8	1	129731 2971
55	132965	0.8	1	129681 3284
56	113961	0.8	1	111529 2432
57	125107	0.8	1	122270 2837
58	133384	0.8	1	130645 2739
59	85953	0.8	1	83980 1973
60	98472	0.8	1	96659 1813
61	83706	0.8	1	82127 1579
62	82127	0.8	1	80513 1614
63	67231	0.8	1	66005 1226
64	77402	0.8	1	75886 1516
65	57572	0.8	1	56506 1066
66	58694	0.8	1	57622 1072
67	58271	0.8	1	57163 1108
68	48659	0.8	1	47724 935
69	40379	0.8	1	39599 780
70	52006	0.8	1	51048 958
71	24859	0.8	1	24251 608
72	30578	0.8	1	29977 601
73	30501	0.8	1	29861 640
74	30971	0.8	1	30352 619
75	31320	0.8	1	30859 461
76	9274	0.8	1	8950 324
77	19289	0.8	1	18894 395
78	19008	0.8	1	18578 430
79	17542	0.8	1	17189 353
80	15995	0.8	1	15661 334
81	14259	0.8	1	13943 316
82	12848	0.8	1	12600 248
83	11583	0.8	1	11355 228
84	10665	0.8	1	10422 243
85	9917	0.8	1	9631 286
86	9732	0.8	1	9503 229
87	9121	0.8	1	8916 205
88	8233	0.8	1	8034 199
89	7622	0.8	1	7448 174
90	7241	0.8	1	7082 159
91	6313	0.8	1	6159 154
92	5932	0.8	1	5790 142
93	5121	0.8	1	5001 120
94	4577	0.8	1	4456 121
95	4121	0.8	1	4006 115
96	3889	0.8	1	3777 112
97	3836	0.8	1	3728 108
98	3679	0.8	1	3596 83
99	3428	0.8	1	3350 78
100	3011	0.8	1	2920 91
101	2728	0.8	1	2649 79
102	2295	0.8	1	2219 76
103	2341	0.8	1	2287 54
104	2000	0.8	1	1929 71
105	1902	0.8	1	1836 66
106	1903	0.8	1	1850 53
107	1814	0.8	1	1763 51
108	1598	0.8	1	1549 49
109	1534	0.8	1	1483 51
110	1344	0.8	1	1283 61
111	1210	0.8	1	1169 41
112	1103	0.8	1	1059 44
113	860	0.8	1	816 44
114	926	0.8	1	891 35
115	713	0.8	1	680 33
116	719	0.8	1	675 44
117	612	0.8	1	577 35
118	609	0.8	1	580 29
119	569	0.8	1	531 38
120	623	0.8	1	551 72
121	646	0.8	1	585 61
122	440	0.8	1	408 32
123	359	0.8	1	332 27
124	246	0.8	1	222 24
125	243	0.8	1	223 20
126	228	0.8	1	206 22
127	270	0.8	1	248 22
128	214	0.8	1	189 25
129	251	0.8	1	220 31
130	719	0.8	1	612 107
131	23937	0.8	1	22336 1601
132	347	0.8	1	299 48
133	266	0.8	1	243 23
134	476	0.8	1	459 17
135	330	0.8	1	313 17
136	312	0.8	1	305 7
137	430	0.8	1	419 11
138	642	0.8	1	629 13
139	406	0.8	1	402 4
140	584	0.8	1	573 11
141	1077	0.8	1	1061 16
142	572	0.8	1	563 9
143	895	0.8	1	868 27
144	1098	0.8	1	1074 24
145	989	0.8	1	968 21
146	1511	0.8	1	1485 26
147	1227	0.8	1	1177 50
148	1120	0.8	1	1094 26
149	462	0.8	1	373 89
150	15028	0.8	1	12353 2675

RUN STATISTICS FOR INPUT FILE: /vortexfs1/omics/tepolt/raw_reads/C_maenas/Cm_yrv_2023/5-004_R2_001.fastq.gz
=============================================
52045755 sequences processed in total

Total number of sequences analysed for the sequence pair length validation: 52045755

Number of sequence pairs removed because at least one read was shorter than the length cutoff (20 bp): 845824 (1.63%)
