
SUMMARISING RUN PARAMETERS
==========================
Input filename: /vortexfs1/omics/tepolt/raw_reads/C_maenas/Cm_yrv_2023/5-006_R2_001.fastq.gz
Trimming mode: paired-end
Trim Galore version: 0.6.6
Cutadapt version: 3.5
Python version: could not detect
Number of cores used for trimming: 8
Quality Phred score cutoff: 20
Quality encoding type selected: ASCII+33
Adapter sequence: 'AGATCGGAAGAGC' (Illumina TruSeq, Sanger iPCR; user defined)
Maximum trimming error rate: 0.1 (default)
Minimum required adapter overlap (stringency): 1 bp
Minimum required sequence length for both reads before a sequence pair gets removed: 20 bp
Running FastQC on the data once trimming has completed
Running FastQC with the following extra arguments: --outdir /vortexfs1/scratch/yaamini.venkataraman/wc-green-crab/output/06b-trimgalore     --threads 28
Output file will be GZIP compressed


This is cutadapt 3.5 with Python 3.9.5
Command line parameters: -j 8 -e 0.1 -q 20 -O 1 -a AGATCGGAAGAGC /vortexfs1/omics/tepolt/raw_reads/C_maenas/Cm_yrv_2023/5-006_R2_001.fastq.gz
Processing reads on 8 cores in single-end mode ...
Finished in 76.21 s (2 µs/read; 26.49 M reads/minute).

=== Summary ===

Total reads processed:              33,639,491
Reads with adapters:                18,483,288 (54.9%)
Reads written (passing filters):    33,639,491 (100.0%)

Total basepairs processed: 5,045,923,650 bp
Quality-trimmed:              14,870,377 bp (0.3%)
Total written (filtered):  4,748,557,529 bp (94.1%)

=== Adapter 1 ===

Sequence: AGATCGGAAGAGC; Type: regular 3'; Length: 13; Trimmed: 18483288 times

Minimum overlap: 1
No. of allowed errors:
1-9 bp: 0; 10-13 bp: 1

Bases preceding removed adapters:
  A: 23.1%
  C: 30.1%
  G: 27.4%
  T: 19.3%
  none/other: 0.1%

Overview of removed sequences
length	count	expect	max.err	error counts
1	6539455	8409872.8	0	6539455
2	1712189	2102468.2	0	1712189
3	671233	525617.0	0	671233
4	347503	131404.3	0	347503
5	267222	32851.1	0	267222
6	240638	8212.8	0	240638
7	239083	2053.2	0	239083
8	225094	513.3	0	225094
9	215515	128.3	0	214781 734
10	219903	32.1	1	215415 4488
11	214574	8.0	1	210229 4345
12	223262	2.0	1	217984 5278
13	219679	0.5	1	214623 5056
14	225678	0.5	1	219769 5909
15	252250	0.5	1	245582 6668
16	217201	0.5	1	211727 5474
17	224418	0.5	1	217862 6556
18	220735	0.5	1	214239 6496
19	233292	0.5	1	225946 7346
20	224151	0.5	1	217858 6293
21	187486	0.5	1	182374 5112
22	191236	0.5	1	185901 5335
23	204951	0.5	1	199249 5702
24	215829	0.5	1	209039 6790
25	198473	0.5	1	193011 5462
26	198719	0.5	1	192991 5728
27	215340	0.5	1	209178 6162
28	170148	0.5	1	165538 4610
29	176382	0.5	1	171761 4621
30	163418	0.5	1	159419 3999
31	162569	0.5	1	158815 3754
32	161956	0.5	1	158051 3905
33	190249	0.5	1	185202 5047
34	154598	0.5	1	150798 3800
35	154109	0.5	1	150446 3663
36	137251	0.5	1	134148 3103
37	148603	0.5	1	145271 3332
38	148551	0.5	1	145200 3351
39	139827	0.5	1	136550 3277
40	134199	0.5	1	130965 3234
41	114332	0.5	1	111912 2420
42	116005	0.5	1	113275 2730
43	116784	0.5	1	113941 2843
44	106991	0.5	1	104373 2618
45	121571	0.5	1	118283 3288
46	98260	0.5	1	95806 2454
47	93124	0.5	1	91006 2118
48	102226	0.5	1	99901 2325
49	83899	0.5	1	81963 1936
50	75516	0.5	1	73822 1694
51	71460	0.5	1	69624 1836
52	71559	0.5	1	69809 1750
53	58562	0.5	1	57277 1285
54	59805	0.5	1	58451 1354
55	58688	0.5	1	57247 1441
56	50915	0.5	1	49746 1169
57	52196	0.5	1	50881 1315
58	55505	0.5	1	54186 1319
59	40949	0.5	1	39968 981
60	40275	0.5	1	39453 822
61	32186	0.5	1	31542 644
62	33486	0.5	1	32748 738
63	27175	0.5	1	26599 576
64	31131	0.5	1	30507 624
65	22188	0.5	1	21721 467
66	23421	0.5	1	22926 495
67	22459	0.5	1	21968 491
68	18840	0.5	1	18460 380
69	15259	0.5	1	14935 324
70	19384	0.5	1	18999 385
71	8892	0.5	1	8659 233
72	10985	0.5	1	10773 212
73	10757	0.5	1	10526 231
74	10381	0.5	1	10186 195
75	10657	0.5	1	10480 177
76	3163	0.5	1	3059 104
77	6773	0.5	1	6644 129
78	6663	0.5	1	6524 139
79	6018	0.5	1	5883 135
80	5518	0.5	1	5377 141
81	5066	0.5	1	4917 149
82	4511	0.5	1	4378 133
83	3869	0.5	1	3730 139
84	3393	0.5	1	3298 95
85	3093	0.5	1	3008 85
86	3035	0.5	1	2955 80
87	2950	0.5	1	2876 74
88	2798	0.5	1	2724 74
89	2664	0.5	1	2593 71
90	2425	0.5	1	2367 58
91	2256	0.5	1	2190 66
92	2165	0.5	1	2114 51
93	1860	0.5	1	1800 60
94	1633	0.5	1	1582 51
95	1397	0.5	1	1356 41
96	1333	0.5	1	1291 42
97	1246	0.5	1	1194 52
98	1309	0.5	1	1257 52
99	1240	0.5	1	1180 60
100	1086	0.5	1	1052 34
101	999	0.5	1	947 52
102	938	0.5	1	887 51
103	857	0.5	1	820 37
104	793	0.5	1	756 37
105	645	0.5	1	620 25
106	679	0.5	1	645 34
107	751	0.5	1	708 43
108	721	0.5	1	647 74
109	581	0.5	1	540 41
110	587	0.5	1	545 42
111	562	0.5	1	517 45
112	531	0.5	1	480 51
113	414	0.5	1	373 41
114	500	0.5	1	455 45
115	448	0.5	1	378 70
116	470	0.5	1	403 67
117	389	0.5	1	337 52
118	367	0.5	1	327 40
119	431	0.5	1	371 60
120	748	0.5	1	622 126
121	968	0.5	1	732 236
122	552	0.5	1	474 78
123	348	0.5	1	308 40
124	191	0.5	1	166 25
125	179	0.5	1	149 30
126	155	0.5	1	121 34
127	162	0.5	1	135 27
128	243	0.5	1	187 56
129	321	0.5	1	234 87
130	2072	0.5	1	1596 476
131	98783	0.5	1	92295 6488
132	353	0.5	1	328 25
133	181	0.5	1	163 18
134	321	0.5	1	310 11
135	173	0.5	1	162 11
136	109	0.5	1	102 7
137	181	0.5	1	174 7
138	325	0.5	1	315 10
139	165	0.5	1	156 9
140	197	0.5	1	192 5
141	390	0.5	1	380 10
142	265	0.5	1	257 8
143	307	0.5	1	301 6
144	381	0.5	1	371 10
145	353	0.5	1	337 16
146	562	0.5	1	548 14
147	450	0.5	1	433 17
148	526	0.5	1	505 21
149	306	0.5	1	235 71
150	11102	0.5	1	9242 1860

RUN STATISTICS FOR INPUT FILE: /vortexfs1/omics/tepolt/raw_reads/C_maenas/Cm_yrv_2023/5-006_R2_001.fastq.gz
=============================================
33639491 sequences processed in total

Total number of sequences analysed for the sequence pair length validation: 33639491

Number of sequence pairs removed because at least one read was shorter than the length cutoff (20 bp): 636916 (1.89%)
