
SUMMARISING RUN PARAMETERS
==========================
Input filename: /vortexfs1/omics/tepolt/raw_reads/C_maenas/Cm_yrv_2023/5-007_R1_001.fastq.gz
Trimming mode: paired-end
Trim Galore version: 0.6.6
Cutadapt version: 3.5
Python version: could not detect
Number of cores used for trimming: 8
Quality Phred score cutoff: 20
Quality encoding type selected: ASCII+33
Adapter sequence: 'AGATCGGAAGAGC' (Illumina TruSeq, Sanger iPCR; user defined)
Maximum trimming error rate: 0.1 (default)
Minimum required adapter overlap (stringency): 1 bp
Minimum required sequence length for both reads before a sequence pair gets removed: 20 bp
Running FastQC on the data once trimming has completed
Running FastQC with the following extra arguments: --outdir /vortexfs1/scratch/yaamini.venkataraman/wc-green-crab/output/06b-trimgalore     --threads 28
Output file will be GZIP compressed


This is cutadapt 3.5 with Python 3.9.5
Command line parameters: -j 8 -e 0.1 -q 20 -O 1 -a AGATCGGAAGAGC /vortexfs1/omics/tepolt/raw_reads/C_maenas/Cm_yrv_2023/5-007_R1_001.fastq.gz
Processing reads on 8 cores in single-end mode ...
Finished in 66.89 s (2 µs/read; 27.24 M reads/minute).

=== Summary ===

Total reads processed:              30,362,109
Reads with adapters:                14,365,645 (47.3%)
Reads written (passing filters):    30,362,109 (100.0%)

Total basepairs processed: 4,554,316,350 bp
Quality-trimmed:               5,695,998 bp (0.1%)
Total written (filtered):  4,332,469,678 bp (95.1%)

=== Adapter 1 ===

Sequence: AGATCGGAAGAGC; Type: regular 3'; Length: 13; Trimmed: 14365645 times

Minimum overlap: 1
No. of allowed errors:
1-9 bp: 0; 10-13 bp: 1

Bases preceding removed adapters:
  A: 23.5%
  C: 26.6%
  G: 19.6%
  T: 28.0%
  none/other: 2.2%

Overview of removed sequences
length	count	expect	max.err	error counts
1	6734553	7590527.2	0	6734553
2	1668610	1897631.8	0	1668610
3	675068	474408.0	0	675068
4	249219	118602.0	0	249219
5	159669	29650.5	0	159669
6	134637	7412.6	0	134637
7	132577	1853.2	0	132577
8	124453	463.3	0	124453
9	120830	115.8	0	119911 919
10	120361	29.0	1	117800 2561
11	117085	7.2	1	114572 2513
12	116663	1.8	1	114066 2597
13	117192	0.5	1	114172 3020
14	114825	0.5	1	112121 2704
15	124431	0.5	1	121248 3183
16	116104	0.5	1	113173 2931
17	115732	0.5	1	112753 2979
18	111709	0.5	1	109200 2509
19	113228	0.5	1	110436 2792
20	108619	0.5	1	105992 2627
21	100671	0.5	1	98013 2658
22	97762	0.5	1	95490 2272
23	98111	0.5	1	95569 2542
24	97037	0.5	1	94674 2363
25	102298	0.5	1	99660 2638
26	94710	0.5	1	92391 2319
27	92368	0.5	1	89982 2386
28	86190	0.5	1	83941 2249
29	81963	0.5	1	79940 2023
30	78133	0.5	1	76242 1891
31	75956	0.5	1	74058 1898
32	75370	0.5	1	73397 1973
33	73046	0.5	1	71092 1954
34	69916	0.5	1	68212 1704
35	70070	0.5	1	68277 1793
36	67816	0.5	1	66047 1769
37	64793	0.5	1	63150 1643
38	66123	0.5	1	64281 1842
39	60681	0.5	1	59103 1578
40	58432	0.5	1	56871 1561
41	54828	0.5	1	53379 1449
42	50876	0.5	1	49474 1402
43	51327	0.5	1	49593 1734
44	65717	0.5	1	63728 1989
45	44783	0.5	1	43297 1486
46	61230	0.5	1	60298 932
47	14442	0.5	1	13241 1201
48	73424	0.5	1	71988 1436
49	44222	0.5	1	43327 895
50	20471	0.5	1	19790 681
51	28487	0.5	1	27781 706
52	36485	0.5	1	35893 592
53	16439	0.5	1	15882 557
54	30066	0.5	1	29640 426
55	14400	0.5	1	14000 400
56	21253	0.5	1	20868 385
57	17139	0.5	1	16763 376
58	17013	0.5	1	16478 535
59	29221	0.5	1	28775 446
60	14537	0.5	1	14096 441
61	21309	0.5	1	21093 216
62	4990	0.5	1	4789 201
63	6675	0.5	1	6494 181
64	10599	0.5	1	10253 346
65	23216	0.5	1	23011 205
66	3093	0.5	1	2977 116
67	2036	0.5	1	1913 123
68	6967	0.5	1	6814 153
69	6600	0.5	1	6454 146
70	6374	0.5	1	6248 126
71	4706	0.5	1	4631 75
72	1941	0.5	1	1889 52
73	1854	0.5	1	1795 59
74	3606	0.5	1	3517 89
75	3575	0.5	1	3477 98
76	3463	0.5	1	3374 89
77	3285	0.5	1	3176 109
78	3179	0.5	1	3112 67
79	2960	0.5	1	2873 87
80	2822	0.5	1	2725 97
81	2810	0.5	1	2699 111
82	3115	0.5	1	2990 125
83	3865	0.5	1	3727 138
84	2079	0.5	1	2018 61
85	2851	0.5	1	2775 76
86	1785	0.5	1	1729 56
87	1546	0.5	1	1502 44
88	1459	0.5	1	1402 57
89	1343	0.5	1	1291 52
90	1265	0.5	1	1208 57
91	1274	0.5	1	1235 39
92	1103	0.5	1	1070 33
93	925	0.5	1	882 43
94	882	0.5	1	854 28
95	753	0.5	1	710 43
96	723	0.5	1	696 27
97	696	0.5	1	670 26
98	705	0.5	1	676 29
99	733	0.5	1	703 30
100	677	0.5	1	647 30
101	557	0.5	1	531 26
102	697	0.5	1	664 33
103	553	0.5	1	516 37
104	575	0.5	1	534 41
105	514	0.5	1	484 30
106	534	0.5	1	509 25
107	898	0.5	1	855 43
108	1601	0.5	1	1540 61
109	470	0.5	1	439 31
110	776	0.5	1	745 31
111	597	0.5	1	556 41
112	716	0.5	1	684 32
113	524	0.5	1	487 37
114	1270	0.5	1	1178 92
115	1118	0.5	1	1064 54
116	972	0.5	1	933 39
117	1035	0.5	1	990 45
118	763	0.5	1	727 36
119	1027	0.5	1	993 34
120	1985	0.5	1	1923 62
121	2939	0.5	1	2837 102
122	1932	0.5	1	1887 45
123	502	0.5	1	470 32
124	261	0.5	1	240 21
125	251	0.5	1	229 22
126	291	0.5	1	248 43
127	268	0.5	1	240 28
128	436	0.5	1	382 54
129	520	0.5	1	468 52
130	4713	0.5	1	4457 256
131	262123	0.5	1	258308 3815
132	1780	0.5	1	1711 69
133	407	0.5	1	365 42
134	278	0.5	1	235 43
135	350	0.5	1	306 44
136	149	0.5	1	95 54
137	156	0.5	1	115 41
138	229	0.5	1	174 55
139	143	0.5	1	101 42
140	145	0.5	1	100 45
141	286	0.5	1	219 67
142	200	0.5	1	130 70
143	260	0.5	1	190 70
144	271	0.5	1	193 78
145	353	0.5	1	215 138
146	358	0.5	1	255 103
147	449	0.5	1	218 231
148	547	0.5	1	225 322
149	6156	0.5	1	288 5868
150	314500	0.5	1	10277 304223

RUN STATISTICS FOR INPUT FILE: /vortexfs1/omics/tepolt/raw_reads/C_maenas/Cm_yrv_2023/5-007_R1_001.fastq.gz
=============================================
30362109 sequences processed in total

