
SUMMARISING RUN PARAMETERS
==========================
Input filename: /vortexfs1/omics/tepolt/raw_reads/C_maenas/Cm_yrv_2023/5-008_R2_001.fastq.gz
Trimming mode: paired-end
Trim Galore version: 0.6.6
Cutadapt version: 3.5
Python version: could not detect
Number of cores used for trimming: 8
Quality Phred score cutoff: 20
Quality encoding type selected: ASCII+33
Adapter sequence: 'AGATCGGAAGAGC' (Illumina TruSeq, Sanger iPCR; user defined)
Maximum trimming error rate: 0.1 (default)
Minimum required adapter overlap (stringency): 1 bp
Minimum required sequence length for both reads before a sequence pair gets removed: 20 bp
Running FastQC on the data once trimming has completed
Running FastQC with the following extra arguments: --outdir /vortexfs1/scratch/yaamini.venkataraman/wc-green-crab/output/06b-trimgalore     --threads 28
Output file will be GZIP compressed


This is cutadapt 3.5 with Python 3.9.5
Command line parameters: -j 8 -e 0.1 -q 20 -O 1 -a AGATCGGAAGAGC /vortexfs1/omics/tepolt/raw_reads/C_maenas/Cm_yrv_2023/5-008_R2_001.fastq.gz
Processing reads on 8 cores in single-end mode ...
Finished in 111.65 s (2 µs/read; 27.21 M reads/minute).

=== Summary ===

Total reads processed:              50,630,229
Reads with adapters:                22,074,696 (43.6%)
Reads written (passing filters):    50,630,229 (100.0%)

Total basepairs processed: 7,594,534,350 bp
Quality-trimmed:              20,241,946 bp (0.3%)
Total written (filtered):  7,402,357,975 bp (97.5%)

=== Adapter 1 ===

Sequence: AGATCGGAAGAGC; Type: regular 3'; Length: 13; Trimmed: 22074696 times

Minimum overlap: 1
No. of allowed errors:
1-9 bp: 0; 10-13 bp: 1

Bases preceding removed adapters:
  A: 28.8%
  C: 25.6%
  G: 23.0%
  T: 22.6%
  none/other: 0.1%

Overview of removed sequences
length	count	expect	max.err	error counts
1	12254687	12657557.2	0	12254687
2	2958296	3164389.3	0	2958296
3	981983	791097.3	0	981983
4	370166	197774.3	0	370166
5	218427	49443.6	0	218427
6	179301	12360.9	0	179301
7	175489	3090.2	0	175489
8	163944	772.6	0	163944
9	155128	193.1	0	154428 700
10	154016	48.3	1	150985 3031
11	147433	12.1	1	144440 2993
12	150937	3.0	1	147624 3313
13	143332	0.8	1	140441 2891
14	146244	0.8	1	142755 3489
15	158881	0.8	1	155175 3706
16	138497	0.8	1	135421 3076
17	139579	0.8	1	135906 3673
18	136769	0.8	1	133080 3689
19	136090	0.8	1	132419 3671
20	151541	0.8	1	147380 4161
21	107487	0.8	1	104662 2825
22	114961	0.8	1	111990 2971
23	120988	0.8	1	117931 3057
24	126176	0.8	1	122487 3689
25	112629	0.8	1	109829 2800
26	111707	0.8	1	108830 2877
27	117390	0.8	1	114314 3076
28	95810	0.8	1	93447 2363
29	96549	0.8	1	94280 2269
30	87674	0.8	1	85732 1942
31	91836	0.8	1	89592 2244
32	85677	0.8	1	83822 1855
33	93398	0.8	1	91230 2168
34	78175	0.8	1	76547 1628
35	81627	0.8	1	79935 1692
36	82834	0.8	1	80726 2108
37	83567	0.8	1	81618 1949
38	76372	0.8	1	74858 1514
39	69052	0.8	1	67665 1387
40	72201	0.8	1	70612 1589
41	63193	0.8	1	61818 1375
42	57640	0.8	1	56509 1131
43	60927	0.8	1	59521 1406
44	54679	0.8	1	53518 1161
45	61203	0.8	1	59652 1551
46	50147	0.8	1	49002 1145
47	46570	0.8	1	45553 1017
48	52082	0.8	1	50979 1103
49	42604	0.8	1	41649 955
50	38870	0.8	1	38013 857
51	37139	0.8	1	36278 861
52	37163	0.8	1	36306 857
53	31633	0.8	1	30993 640
54	31729	0.8	1	31032 697
55	32081	0.8	1	31330 751
56	26333	0.8	1	25760 573
57	28413	0.8	1	27737 676
58	31063	0.8	1	30412 651
59	21021	0.8	1	20502 519
60	21884	0.8	1	21472 412
61	18722	0.8	1	18297 425
62	19431	0.8	1	19030 401
63	15439	0.8	1	15121 318
64	18143	0.8	1	17774 369
65	13063	0.8	1	12809 254
66	13656	0.8	1	13377 279
67	13037	0.8	1	12769 268
68	11557	0.8	1	11305 252
69	9326	0.8	1	9127 199
70	11993	0.8	1	11719 274
71	5798	0.8	1	5669 129
72	7263	0.8	1	7087 176
73	7242	0.8	1	7060 182
74	7253	0.8	1	7087 166
75	7387	0.8	1	7259 128
76	2078	0.8	1	1986 92
77	4571	0.8	1	4480 91
78	4667	0.8	1	4548 119
79	4358	0.8	1	4244 114
80	3959	0.8	1	3841 118
81	3553	0.8	1	3432 121
82	3461	0.8	1	3297 164
83	3029	0.8	1	2905 124
84	2811	0.8	1	2691 120
85	2509	0.8	1	2382 127
86	2532	0.8	1	2427 105
87	2383	0.8	1	2298 85
88	2190	0.8	1	2118 72
89	2168	0.8	1	2094 74
90	2027	0.8	1	1960 67
91	1923	0.8	1	1839 84
92	1790	0.8	1	1724 66
93	1549	0.8	1	1485 64
94	1422	0.8	1	1352 70
95	1238	0.8	1	1166 72
96	1139	0.8	1	1082 57
97	1108	0.8	1	1054 54
98	1158	0.8	1	1104 54
99	1225	0.8	1	1130 95
100	1036	0.8	1	971 65
101	900	0.8	1	858 42
102	867	0.8	1	822 45
103	804	0.8	1	764 40
104	700	0.8	1	655 45
105	649	0.8	1	614 35
106	629	0.8	1	582 47
107	912	0.8	1	871 41
108	625	0.8	1	583 42
109	579	0.8	1	552 27
110	551	0.8	1	526 25
111	514	0.8	1	487 27
112	490	0.8	1	471 19
113	461	0.8	1	417 44
114	436	0.8	1	408 28
115	361	0.8	1	336 25
116	363	0.8	1	330 33
117	366	0.8	1	330 36
118	341	0.8	1	309 32
119	327	0.8	1	277 50
120	304	0.8	1	279 25
121	377	0.8	1	322 55
122	272	0.8	1	242 30
123	202	0.8	1	188 14
124	183	0.8	1	163 20
125	173	0.8	1	146 27
126	158	0.8	1	146 12
127	157	0.8	1	144 13
128	150	0.8	1	140 10
129	144	0.8	1	125 19
130	567	0.8	1	522 45
131	5092	0.8	1	4546 546
132	185	0.8	1	162 23
133	137	0.8	1	119 18
134	334	0.8	1	314 20
135	170	0.8	1	156 14
136	119	0.8	1	107 12
137	181	0.8	1	168 13
138	284	0.8	1	279 5
139	156	0.8	1	152 4
140	133	0.8	1	131 2
141	314	0.8	1	295 19
142	174	0.8	1	159 15
143	235	0.8	1	223 12
144	219	0.8	1	212 7
145	165	0.8	1	162 3
146	258	0.8	1	240 18
147	251	0.8	1	212 39
148	330	0.8	1	288 42
149	568	0.8	1	343 225
150	19411	0.8	1	15712 3699

RUN STATISTICS FOR INPUT FILE: /vortexfs1/omics/tepolt/raw_reads/C_maenas/Cm_yrv_2023/5-008_R2_001.fastq.gz
=============================================
50630229 sequences processed in total

Total number of sequences analysed for the sequence pair length validation: 50630229

Number of sequence pairs removed because at least one read was shorter than the length cutoff (20 bp): 587941 (1.16%)
