
SUMMARISING RUN PARAMETERS
==========================
Input filename: /vortexfs1/omics/tepolt/raw_reads/C_maenas/Cm_yrv_2023/5-007_R2_001.fastq.gz
Trimming mode: paired-end
Trim Galore version: 0.6.6
Cutadapt version: 3.5
Python version: could not detect
Number of cores used for trimming: 8
Quality Phred score cutoff: 20
Quality encoding type selected: ASCII+33
Adapter sequence: 'AGATCGGAAGAGC' (Illumina TruSeq, Sanger iPCR; user defined)
Maximum trimming error rate: 0.1 (default)
Minimum required adapter overlap (stringency): 1 bp
Minimum required sequence length for both reads before a sequence pair gets removed: 20 bp
Running FastQC on the data once trimming has completed
Running FastQC with the following extra arguments: --outdir /vortexfs1/scratch/yaamini.venkataraman/wc-green-crab/output/06b-trimgalore     --threads 28
Output file will be GZIP compressed


This is cutadapt 3.5 with Python 3.9.5
Command line parameters: -j 8 -e 0.1 -q 20 -O 1 -a AGATCGGAAGAGC /vortexfs1/omics/tepolt/raw_reads/C_maenas/Cm_yrv_2023/5-007_R2_001.fastq.gz
Processing reads on 8 cores in single-end mode ...
Finished in 68.56 s (2 µs/read; 26.57 M reads/minute).

=== Summary ===

Total reads processed:              30,362,109
Reads with adapters:                14,421,924 (47.5%)
Reads written (passing filters):    30,362,109 (100.0%)

Total basepairs processed: 4,554,316,350 bp
Quality-trimmed:              12,507,587 bp (0.3%)
Total written (filtered):  4,373,657,008 bp (96.0%)

=== Adapter 1 ===

Sequence: AGATCGGAAGAGC; Type: regular 3'; Length: 13; Trimmed: 14421924 times

Minimum overlap: 1
No. of allowed errors:
1-9 bp: 0; 10-13 bp: 1

Bases preceding removed adapters:
  A: 27.2%
  C: 25.7%
  G: 25.3%
  T: 21.8%
  none/other: 0.1%

Overview of removed sequences
length	count	expect	max.err	error counts
1	7095026	7590527.2	0	7095026
2	1786217	1897631.8	0	1786217
3	591041	474408.0	0	591041
4	252556	118602.0	0	252556
5	160464	29650.5	0	160464
6	135516	7412.6	0	135516
7	133414	1853.2	0	133414
8	124696	463.3	0	124696
9	119705	115.8	0	119207 498
10	121012	29.0	1	118632 2380
11	116333	7.2	1	114031 2302
12	119636	1.8	1	116764 2872
13	114095	0.5	1	111759 2336
14	115273	0.5	1	112279 2994
15	127388	0.5	1	124118 3270
16	111652	0.5	1	108939 2713
17	115881	0.5	1	112480 3401
18	112077	0.5	1	108865 3212
19	123677	0.5	1	119731 3946
20	108505	0.5	1	105714 2791
21	93415	0.5	1	90991 2424
22	93126	0.5	1	90619 2507
23	97562	0.5	1	94910 2652
24	104749	0.5	1	101461 3288
25	96562	0.5	1	93908 2654
26	95478	0.5	1	92756 2722
27	100992	0.5	1	98160 2832
28	80753	0.5	1	78518 2235
29	80379	0.5	1	78280 2099
30	82409	0.5	1	80307 2102
31	67228	0.5	1	65853 1375
32	75521	0.5	1	73699 1822
33	70834	0.5	1	69265 1569
34	88641	0.5	1	86411 2230
35	54623	0.5	1	53417 1206
36	71071	0.5	1	69437 1634
37	64625	0.5	1	63105 1520
38	63350	0.5	1	61964 1386
39	54136	0.5	1	53005 1131
40	70010	0.5	1	68383 1627
41	43423	0.5	1	42422 1001
42	48492	0.5	1	47468 1024
43	50659	0.5	1	49484 1175
44	45020	0.5	1	44051 969
45	51284	0.5	1	49904 1380
46	40340	0.5	1	39386 954
47	37081	0.5	1	36215 866
48	44147	0.5	1	43184 963
49	34602	0.5	1	33800 802
50	30824	0.5	1	30110 714
51	29456	0.5	1	28723 733
52	29818	0.5	1	29114 704
53	23936	0.5	1	23424 512
54	24513	0.5	1	23947 566
55	25021	0.5	1	24418 603
56	21463	0.5	1	20939 524
57	23501	0.5	1	22897 604
58	24954	0.5	1	24431 523
59	16817	0.5	1	16437 380
60	16759	0.5	1	16409 350
61	14129	0.5	1	13854 275
62	14488	0.5	1	14174 314
63	11654	0.5	1	11407 247
64	14553	0.5	1	14237 316
65	9686	0.5	1	9440 246
66	9845	0.5	1	9623 222
67	9884	0.5	1	9660 224
68	8110	0.5	1	7941 169
69	6787	0.5	1	6633 154
70	8957	0.5	1	8770 187
71	3631	0.5	1	3529 102
72	4839	0.5	1	4725 114
73	5060	0.5	1	4943 117
74	4898	0.5	1	4788 110
75	4900	0.5	1	4806 94
76	1491	0.5	1	1441 50
77	3110	0.5	1	3038 72
78	3072	0.5	1	2999 73
79	2881	0.5	1	2792 89
80	2760	0.5	1	2651 109
81	2649	0.5	1	2472 177
82	2599	0.5	1	2307 292
83	2987	0.5	1	2501 486
84	1945	0.5	1	1805 140
85	1730	0.5	1	1598 132
86	1654	0.5	1	1553 101
87	1501	0.5	1	1444 57
88	1401	0.5	1	1348 53
89	1353	0.5	1	1289 64
90	1254	0.5	1	1196 58
91	1211	0.5	1	1164 47
92	1059	0.5	1	1014 45
93	902	0.5	1	848 54
94	874	0.5	1	840 34
95	725	0.5	1	681 44
96	701	0.5	1	676 25
97	677	0.5	1	635 42
98	687	0.5	1	641 46
99	727	0.5	1	667 60
100	654	0.5	1	611 43
101	558	0.5	1	519 39
102	670	0.5	1	599 71
103	534	0.5	1	475 59
104	535	0.5	1	487 48
105	504	0.5	1	460 44
106	508	0.5	1	438 70
107	887	0.5	1	772 115
108	1394	0.5	1	1094 300
109	410	0.5	1	360 50
110	702	0.5	1	566 136
111	564	0.5	1	464 100
112	646	0.5	1	541 105
113	484	0.5	1	424 60
114	1223	0.5	1	1075 148
115	997	0.5	1	803 194
116	878	0.5	1	692 186
117	938	0.5	1	767 171
118	689	0.5	1	574 115
119	942	0.5	1	760 182
120	1849	0.5	1	1418 431
121	2650	0.5	1	1933 717
122	1813	0.5	1	1528 285
123	479	0.5	1	395 84
124	249	0.5	1	210 39
125	230	0.5	1	192 38
126	282	0.5	1	207 75
127	271	0.5	1	188 83
128	467	0.5	1	297 170
129	581	0.5	1	399 182
130	5294	0.5	1	4131 1163
131	252719	0.5	1	233063 19656
132	1721	0.5	1	1630 91
133	369	0.5	1	341 28
134	246	0.5	1	232 14
135	311	0.5	1	297 14
136	97	0.5	1	94 3
137	123	0.5	1	119 4
138	178	0.5	1	176 2
139	107	0.5	1	98 9
140	102	0.5	1	98 4
141	233	0.5	1	222 11
142	134	0.5	1	130 4
143	201	0.5	1	198 3
144	198	0.5	1	189 9
145	217	0.5	1	211 6
146	261	0.5	1	245 16
147	254	0.5	1	224 30
148	235	0.5	1	212 23
149	332	0.5	1	248 84
150	11895	0.5	1	10472 1423

RUN STATISTICS FOR INPUT FILE: /vortexfs1/omics/tepolt/raw_reads/C_maenas/Cm_yrv_2023/5-007_R2_001.fastq.gz
=============================================
30362109 sequences processed in total

Total number of sequences analysed for the sequence pair length validation: 30362109

Number of sequence pairs removed because at least one read was shorter than the length cutoff (20 bp): 603562 (1.99%)
