
SUMMARISING RUN PARAMETERS
==========================
Input filename: /vortexfs1/omics/tepolt/raw_reads/C_maenas/Cm_yrv_2023/5-003_R2_001.fastq.gz
Trimming mode: paired-end
Trim Galore version: 0.6.6
Cutadapt version: 3.5
Python version: could not detect
Number of cores used for trimming: 8
Quality Phred score cutoff: 20
Quality encoding type selected: ASCII+33
Adapter sequence: 'AGATCGGAAGAGC' (Illumina TruSeq, Sanger iPCR; user defined)
Maximum trimming error rate: 0.1 (default)
Minimum required adapter overlap (stringency): 1 bp
Minimum required sequence length for both reads before a sequence pair gets removed: 20 bp
Running FastQC on the data once trimming has completed
Running FastQC with the following extra arguments: --outdir /vortexfs1/scratch/yaamini.venkataraman/wc-green-crab/output/06b-trimgalore     --threads 28
Output file will be GZIP compressed


This is cutadapt 3.5 with Python 3.9.5
Command line parameters: -j 8 -e 0.1 -q 20 -O 1 -a AGATCGGAAGAGC /vortexfs1/omics/tepolt/raw_reads/C_maenas/Cm_yrv_2023/5-003_R2_001.fastq.gz
Processing reads on 8 cores in single-end mode ...
Finished in 104.70 s (2 µs/read; 26.77 M reads/minute).

=== Summary ===

Total reads processed:              46,712,444
Reads with adapters:                24,120,619 (51.6%)
Reads written (passing filters):    46,712,444 (100.0%)

Total basepairs processed: 7,006,866,600 bp
Quality-trimmed:              17,120,444 bp (0.2%)
Total written (filtered):  6,667,577,054 bp (95.2%)

=== Adapter 1 ===

Sequence: AGATCGGAAGAGC; Type: regular 3'; Length: 13; Trimmed: 24120619 times

Minimum overlap: 1
No. of allowed errors:
1-9 bp: 0; 10-13 bp: 1

Bases preceding removed adapters:
  A: 25.2%
  C: 27.7%
  G: 27.2%
  T: 19.9%
  none/other: 0.0%

Overview of removed sequences
length	count	expect	max.err	error counts
1	9987090	11678111.0	0	9987090
2	2518291	2919527.8	0	2518291
3	925338	729881.9	0	925338
4	425976	182470.5	0	425976
5	303776	45617.6	0	303776
6	263199	11404.4	0	263199
7	264914	2851.1	0	264914
8	249284	712.8	0	249284
9	237072	178.2	0	236204 868
10	238200	44.5	1	234013 4187
11	232166	11.1	1	227881 4285
12	238802	2.8	1	233781 5021
13	235840	0.7	1	231191 4649
14	239277	0.7	1	233644 5633
15	267783	0.7	1	261828 5955
16	232070	0.7	1	227002 5068
17	239664	0.7	1	233527 6137
18	239364	0.7	1	233218 6146
19	248341	0.7	1	241318 7023
20	240680	0.7	1	234785 5895
21	201093	0.7	1	196259 4834
22	204238	0.7	1	199324 4914
23	223017	0.7	1	217529 5488
24	224163	0.7	1	218030 6133
25	212214	0.7	1	206959 5255
26	209367	0.7	1	204091 5276
27	227321	0.7	1	221437 5884
28	179942	0.7	1	175693 4249
29	190145	0.7	1	185608 4537
30	174189	0.7	1	170478 3711
31	173415	0.7	1	169815 3600
32	172394	0.7	1	168872 3522
33	206095	0.7	1	201627 4468
34	167870	0.7	1	164328 3542
35	168201	0.7	1	164831 3370
36	151180	0.7	1	148429 2751
37	162984	0.7	1	159918 3066
38	163824	0.7	1	160595 3229
39	157087	0.7	1	153881 3206
40	151181	0.7	1	148053 3128
41	131079	0.7	1	128637 2442
42	132849	0.7	1	130246 2603
43	134847	0.7	1	131991 2856
44	121640	0.7	1	119281 2359
45	140589	0.7	1	137375 3214
46	113628	0.7	1	111227 2401
47	110421	0.7	1	108225 2196
48	124375	0.7	1	121835 2540
49	103409	0.7	1	101393 2016
50	93990	0.7	1	92085 1905
51	89023	0.7	1	87071 1952
52	90520	0.7	1	88522 1998
53	76973	0.7	1	75645 1328
54	77776	0.7	1	76188 1588
55	77502	0.7	1	75857 1645
56	68123	0.7	1	66800 1323
57	71037	0.7	1	69558 1479
58	74640	0.7	1	73126 1514
59	61069	0.7	1	59788 1281
60	57288	0.7	1	56273 1015
61	48807	0.7	1	47912 895
62	49234	0.7	1	48298 936
63	40116	0.7	1	39426 690
64	45943	0.7	1	45097 846
65	33142	0.7	1	32530 612
66	34985	0.7	1	34412 573
67	33587	0.7	1	32983 604
68	28814	0.7	1	28275 539
69	24257	0.7	1	23859 398
70	29779	0.7	1	29310 469
71	14366	0.7	1	14036 330
72	17626	0.7	1	17252 374
73	17190	0.7	1	16865 325
74	16963	0.7	1	16623 340
75	17082	0.7	1	16835 247
76	5016	0.7	1	4864 152
77	10443	0.7	1	10266 177
78	10297	0.7	1	10110 187
79	9516	0.7	1	9324 192
80	8371	0.7	1	8187 184
81	7675	0.7	1	7501 174
82	6676	0.7	1	6537 139
83	5947	0.7	1	5779 168
84	5235	0.7	1	5115 120
85	4709	0.7	1	4582 127
86	4436	0.7	1	4341 95
87	4391	0.7	1	4285 106
88	3816	0.7	1	3724 92
89	3526	0.7	1	3454 72
90	3281	0.7	1	3208 73
91	3019	0.7	1	2939 80
92	2661	0.7	1	2587 74
93	2318	0.7	1	2227 91
94	2070	0.7	1	2018 52
95	1655	0.7	1	1605 50
96	1634	0.7	1	1597 37
97	1621	0.7	1	1574 47
98	1411	0.7	1	1362 49
99	1441	0.7	1	1379 62
100	1214	0.7	1	1159 55
101	1075	0.7	1	1036 39
102	946	0.7	1	913 33
103	889	0.7	1	861 28
104	827	0.7	1	786 41
105	746	0.7	1	711 35
106	688	0.7	1	662 26
107	727	0.7	1	695 32
108	682	0.7	1	644 38
109	541	0.7	1	518 23
110	512	0.7	1	485 27
111	459	0.7	1	433 26
112	399	0.7	1	368 31
113	359	0.7	1	327 32
114	396	0.7	1	374 22
115	291	0.7	1	271 20
116	305	0.7	1	278 27
117	283	0.7	1	251 32
118	279	0.7	1	256 23
119	302	0.7	1	262 40
120	376	0.7	1	319 57
121	410	0.7	1	286 124
122	271	0.7	1	243 28
123	152	0.7	1	139 13
124	111	0.7	1	99 12
125	105	0.7	1	95 10
126	109	0.7	1	97 12
127	107	0.7	1	93 14
128	130	0.7	1	94 36
129	133	0.7	1	109 24
130	753	0.7	1	596 157
131	30887	0.7	1	28764 2123
132	190	0.7	1	172 18
133	149	0.7	1	129 20
134	202	0.7	1	193 9
135	146	0.7	1	128 18
136	125	0.7	1	115 10
137	155	0.7	1	149 6
138	222	0.7	1	221 1
139	170	0.7	1	159 11
140	240	0.7	1	236 4
141	413	0.7	1	401 12
142	228	0.7	1	220 8
143	338	0.7	1	331 7
144	432	0.7	1	426 6
145	396	0.7	1	387 9
146	616	0.7	1	601 15
147	595	0.7	1	557 38
148	515	0.7	1	502 13
149	235	0.7	1	176 59
150	8907	0.7	1	7231 1676

RUN STATISTICS FOR INPUT FILE: /vortexfs1/omics/tepolt/raw_reads/C_maenas/Cm_yrv_2023/5-003_R2_001.fastq.gz
=============================================
46712444 sequences processed in total

Total number of sequences analysed for the sequence pair length validation: 46712444

Number of sequence pairs removed because at least one read was shorter than the length cutoff (20 bp): 539687 (1.16%)
