
SUMMARISING RUN PARAMETERS
==========================
Input filename: /vortexfs1/omics/tepolt/raw_reads/C_maenas/Cm_yrv_2023/5-005_R1_001.fastq.gz
Trimming mode: paired-end
Trim Galore version: 0.6.6
Cutadapt version: 3.5
Python version: could not detect
Number of cores used for trimming: 8
Quality Phred score cutoff: 20
Quality encoding type selected: ASCII+33
Adapter sequence: 'AGATCGGAAGAGC' (Illumina TruSeq, Sanger iPCR; user defined)
Maximum trimming error rate: 0.1 (default)
Minimum required adapter overlap (stringency): 1 bp
Minimum required sequence length for both reads before a sequence pair gets removed: 20 bp
Running FastQC on the data once trimming has completed
Running FastQC with the following extra arguments: --outdir /vortexfs1/scratch/yaamini.venkataraman/wc-green-crab/output/06b-trimgalore     --threads 28
Output file will be GZIP compressed


This is cutadapt 3.5 with Python 3.9.5
Command line parameters: -j 8 -e 0.1 -q 20 -O 1 -a AGATCGGAAGAGC /vortexfs1/omics/tepolt/raw_reads/C_maenas/Cm_yrv_2023/5-005_R1_001.fastq.gz
Processing reads on 8 cores in single-end mode ...
Finished in 82.46 s (2 µs/read; 32.28 M reads/minute).

=== Summary ===

Total reads processed:              44,362,652
Reads with adapters:                19,305,215 (43.5%)
Reads written (passing filters):    44,362,652 (100.0%)

Total basepairs processed: 6,654,397,800 bp
Quality-trimmed:               7,937,402 bp (0.1%)
Total written (filtered):  6,449,396,431 bp (96.9%)

=== Adapter 1 ===

Sequence: AGATCGGAAGAGC; Type: regular 3'; Length: 13; Trimmed: 19305215 times

Minimum overlap: 1
No. of allowed errors:
1-9 bp: 0; 10-13 bp: 1

Bases preceding removed adapters:
  A: 27.0%
  C: 22.9%
  G: 17.9%
  T: 29.8%
  none/other: 2.3%

Overview of removed sequences
length	count	expect	max.err	error counts
1	11036956	11090663.0	0	11036956
2	2360895	2772665.8	0	2360895
3	1111501	693166.4	0	1111501
4	281447	173291.6	0	281447
5	167846	43322.9	0	167846
6	132887	10830.7	0	132887
7	129757	2707.7	0	129757
8	117173	676.9	0	117173
9	111340	169.2	0	110616 724
10	109228	42.3	1	106890 2338
11	104583	10.6	1	102429 2154
12	105764	2.6	1	103614 2150
13	106168	0.7	1	103763 2405
14	105870	0.7	1	103559 2311
15	120376	0.7	1	117600 2776
16	106224	0.7	1	103713 2511
17	102997	0.7	1	100577 2420
18	100678	0.7	1	98553 2125
19	99630	0.7	1	97428 2202
20	97668	0.7	1	95457 2211
21	88766	0.7	1	86609 2157
22	85465	0.7	1	83678 1787
23	90520	0.7	1	88338 2182
24	85563	0.7	1	83618 1945
25	89854	0.7	1	87755 2099
26	82453	0.7	1	80607 1846
27	79265	0.7	1	77376 1889
28	76219	0.7	1	74325 1894
29	70364	0.7	1	68784 1580
30	66580	0.7	1	65121 1459
31	65460	0.7	1	63960 1500
32	63789	0.7	1	62258 1531
33	63718	0.7	1	62157 1561
34	61589	0.7	1	60068 1521
35	60211	0.7	1	58764 1447
36	60259	0.7	1	58761 1498
37	59110	0.7	1	57688 1422
38	57838	0.7	1	56392 1446
39	53240	0.7	1	51839 1401
40	53493	0.7	1	52074 1419
41	47753	0.7	1	46631 1122
42	45933	0.7	1	44730 1203
43	44831	0.7	1	43314 1517
44	62378	0.7	1	60591 1787
45	37905	0.7	1	36681 1224
46	57511	0.7	1	56575 936
47	12154	0.7	1	11004 1150
48	81307	0.7	1	79618 1689
49	78876	0.7	1	77788 1088
50	16316	0.7	1	15646 670
51	20702	0.7	1	20175 527
52	31603	0.7	1	31193 410
53	9170	0.7	1	8711 459
54	32803	0.7	1	32501 302
55	7016	0.7	1	6694 322
56	15683	0.7	1	15416 267
57	8827	0.7	1	8585 242
58	13119	0.7	1	12707 412
59	35833	0.7	1	35417 416
60	7994	0.7	1	7607 387
61	17168	0.7	1	16959 209
62	1975	0.7	1	1835 140
63	2730	0.7	1	2599 131
64	8232	0.7	1	7913 319
65	21129	0.7	1	20879 250
66	1651	0.7	1	1512 139
67	1107	0.7	1	1010 97
68	5421	0.7	1	5284 137
69	6473	0.7	1	6336 137
70	5654	0.7	1	5543 111
71	4307	0.7	1	4220 87
72	1795	0.7	1	1723 72
73	1723	0.7	1	1658 65
74	3678	0.7	1	3605 73
75	3800	0.7	1	3696 104
76	3913	0.7	1	3820 93
77	3480	0.7	1	3371 109
78	3742	0.7	1	3629 113
79	3148	0.7	1	3034 114
80	3023	0.7	1	2853 170
81	2778	0.7	1	2641 137
82	2688	0.7	1	2603 85
83	2175	0.7	1	2108 67
84	2070	0.7	1	2008 62
85	2286	0.7	1	2216 70
86	1877	0.7	1	1816 61
87	1744	0.7	1	1687 57
88	1643	0.7	1	1581 62
89	1510	0.7	1	1452 58
90	1488	0.7	1	1429 59
91	1457	0.7	1	1397 60
92	1403	0.7	1	1352 51
93	1188	0.7	1	1145 43
94	1007	0.7	1	968 39
95	960	0.7	1	918 42
96	844	0.7	1	805 39
97	833	0.7	1	799 34
98	818	0.7	1	781 37
99	787	0.7	1	759 28
100	727	0.7	1	694 33
101	672	0.7	1	642 30
102	596	0.7	1	572 24
103	622	0.7	1	595 27
104	509	0.7	1	483 26
105	479	0.7	1	457 22
106	463	0.7	1	432 31
107	770	0.7	1	744 26
108	530	0.7	1	510 20
109	461	0.7	1	432 29
110	437	0.7	1	400 37
111	383	0.7	1	350 33
112	370	0.7	1	341 29
113	326	0.7	1	280 46
114	334	0.7	1	318 16
115	277	0.7	1	259 18
116	273	0.7	1	251 22
117	267	0.7	1	235 32
118	290	0.7	1	266 24
119	273	0.7	1	251 22
120	316	0.7	1	296 20
121	327	0.7	1	306 21
122	270	0.7	1	257 13
123	178	0.7	1	160 18
124	185	0.7	1	160 25
125	123	0.7	1	100 23
126	114	0.7	1	92 22
127	121	0.7	1	93 28
128	152	0.7	1	113 39
129	151	0.7	1	119 32
130	409	0.7	1	351 58
131	8704	0.7	1	8543 161
132	223	0.7	1	156 67
133	153	0.7	1	115 38
134	335	0.7	1	264 71
135	160	0.7	1	105 55
136	150	0.7	1	106 44
137	196	0.7	1	142 54
138	236	0.7	1	175 61
139	179	0.7	1	105 74
140	204	0.7	1	138 66
141	316	0.7	1	232 84
142	210	0.7	1	135 75
143	262	0.7	1	183 79
144	304	0.7	1	217 87
145	335	0.7	1	200 135
146	470	0.7	1	317 153
147	613	0.7	1	270 343
148	706	0.7	1	259 447
149	8489	0.7	1	272 8217
150	447402	0.7	1	13279 434123

RUN STATISTICS FOR INPUT FILE: /vortexfs1/omics/tepolt/raw_reads/C_maenas/Cm_yrv_2023/5-005_R1_001.fastq.gz
=============================================
44362652 sequences processed in total

