
SUMMARISING RUN PARAMETERS
==========================
Input filename: /vortexfs1/omics/tepolt/raw_reads/C_maenas/Cm_yrv_2023/5-005_R2_001.fastq.gz
Trimming mode: paired-end
Trim Galore version: 0.6.6
Cutadapt version: 3.5
Python version: could not detect
Number of cores used for trimming: 8
Quality Phred score cutoff: 20
Quality encoding type selected: ASCII+33
Adapter sequence: 'AGATCGGAAGAGC' (Illumina TruSeq, Sanger iPCR; user defined)
Maximum trimming error rate: 0.1 (default)
Minimum required adapter overlap (stringency): 1 bp
Minimum required sequence length for both reads before a sequence pair gets removed: 20 bp
Running FastQC on the data once trimming has completed
Running FastQC with the following extra arguments: --outdir /vortexfs1/scratch/yaamini.venkataraman/wc-green-crab/output/06b-trimgalore     --threads 28
Output file will be GZIP compressed


This is cutadapt 3.5 with Python 3.9.5
Command line parameters: -j 8 -e 0.1 -q 20 -O 1 -a AGATCGGAAGAGC /vortexfs1/omics/tepolt/raw_reads/C_maenas/Cm_yrv_2023/5-005_R2_001.fastq.gz
Processing reads on 8 cores in single-end mode ...
Finished in 88.51 s (2 µs/read; 30.07 M reads/minute).

=== Summary ===

Total reads processed:              44,362,652
Reads with adapters:                19,377,564 (43.7%)
Reads written (passing filters):    44,362,652 (100.0%)

Total basepairs processed: 6,654,397,800 bp
Quality-trimmed:              15,241,655 bp (0.2%)
Total written (filtered):  6,507,983,850 bp (97.8%)

=== Adapter 1 ===

Sequence: AGATCGGAAGAGC; Type: regular 3'; Length: 13; Trimmed: 19377564 times

Minimum overlap: 1
No. of allowed errors:
1-9 bp: 0; 10-13 bp: 1

Bases preceding removed adapters:
  A: 31.9%
  C: 22.3%
  G: 20.9%
  T: 24.8%
  none/other: 0.1%

Overview of removed sequences
length	count	expect	max.err	error counts
1	11676382	11090663.0	0	11676382
2	2545736	2772665.8	0	2545736
3	800172	693166.4	0	800172
4	298917	173291.6	0	298917
5	167368	43322.9	0	167368
6	132412	10830.7	0	132412
7	130639	2707.7	0	130639
8	117560	676.9	0	117560
9	110641	169.2	0	110060 581
10	109657	42.3	1	107618 2039
11	104285	10.6	1	102270 2015
12	108152	2.6	1	105818 2334
13	103714	0.7	1	101713 2001
14	106444	0.7	1	104005 2439
15	122359	0.7	1	119659 2700
16	102201	0.7	1	99968 2233
17	104097	0.7	1	101375 2722
18	101090	0.7	1	98462 2628
19	109139	0.7	1	106094 3045
20	97736	0.7	1	95278 2458
21	82446	0.7	1	80349 2097
22	81440	0.7	1	79508 1932
23	90009	0.7	1	87795 2214
24	91980	0.7	1	89405 2575
25	85014	0.7	1	82928 2086
26	83153	0.7	1	81002 2151
27	87306	0.7	1	85021 2285
28	71157	0.7	1	69375 1782
29	69530	0.7	1	67895 1635
30	69893	0.7	1	68296 1597
31	59099	0.7	1	57986 1113
32	63931	0.7	1	62517 1414
33	61776	0.7	1	60549 1227
34	75919	0.7	1	74198 1721
35	48893	0.7	1	47850 1043
36	63245	0.7	1	62006 1239
37	57516	0.7	1	56317 1199
38	56821	0.7	1	55696 1125
39	47937	0.7	1	47093 844
40	62889	0.7	1	61582 1307
41	38551	0.7	1	37718 833
42	43097	0.7	1	42310 787
43	44593	0.7	1	43619 974
44	40606	0.7	1	39792 814
45	45546	0.7	1	44481 1065
46	36469	0.7	1	35641 828
47	34065	0.7	1	33380 685
48	40113	0.7	1	39322 791
49	31878	0.7	1	31241 637
50	28441	0.7	1	27834 607
51	26550	0.7	1	25923 627
52	27666	0.7	1	26995 671
53	22648	0.7	1	22216 432
54	22811	0.7	1	22318 493
55	23353	0.7	1	22810 543
56	19867	0.7	1	19432 435
57	21487	0.7	1	20954 533
58	23497	0.7	1	22948 549
59	15802	0.7	1	15485 317
60	16319	0.7	1	16017 302
61	14052	0.7	1	13784 268
62	14948	0.7	1	14659 289
63	11338	0.7	1	11119 219
64	13646	0.7	1	13374 272
65	9714	0.7	1	9492 222
66	10024	0.7	1	9793 231
67	10227	0.7	1	10009 218
68	8598	0.7	1	8403 195
69	6894	0.7	1	6729 165
70	9391	0.7	1	9207 184
71	3810	0.7	1	3681 129
72	5031	0.7	1	4910 121
73	5134	0.7	1	5005 129
74	5278	0.7	1	5134 144
75	5456	0.7	1	5339 117
76	1686	0.7	1	1632 54
77	3269	0.7	1	3188 81
78	3410	0.7	1	3326 84
79	3174	0.7	1	3073 101
80	3018	0.7	1	2911 107
81	2753	0.7	1	2676 77
82	2516	0.7	1	2389 127
83	2202	0.7	1	2105 97
84	2086	0.7	1	1992 94
85	1921	0.7	1	1806 115
86	1878	0.7	1	1783 95
87	1789	0.7	1	1725 64
88	1640	0.7	1	1581 59
89	1535	0.7	1	1479 56
90	1522	0.7	1	1457 65
91	1481	0.7	1	1428 53
92	1423	0.7	1	1366 57
93	1203	0.7	1	1154 49
94	1054	0.7	1	991 63
95	952	0.7	1	920 32
96	853	0.7	1	810 43
97	842	0.7	1	806 36
98	841	0.7	1	809 32
99	816	0.7	1	764 52
100	735	0.7	1	699 36
101	686	0.7	1	654 32
102	575	0.7	1	555 20
103	608	0.7	1	584 24
104	514	0.7	1	491 23
105	486	0.7	1	457 29
106	460	0.7	1	434 26
107	771	0.7	1	737 34
108	514	0.7	1	484 30
109	461	0.7	1	443 18
110	448	0.7	1	404 44
111	383	0.7	1	349 34
112	364	0.7	1	342 22
113	314	0.7	1	278 36
114	358	0.7	1	316 42
115	268	0.7	1	247 21
116	260	0.7	1	235 25
117	244	0.7	1	212 32
118	273	0.7	1	237 36
119	258	0.7	1	221 37
120	311	0.7	1	248 63
121	288	0.7	1	235 53
122	251	0.7	1	214 37
123	170	0.7	1	150 20
124	156	0.7	1	142 14
125	104	0.7	1	96 8
126	104	0.7	1	90 14
127	99	0.7	1	85 14
128	136	0.7	1	112 24
129	121	0.7	1	104 17
130	308	0.7	1	263 45
131	8238	0.7	1	7394 844
132	173	0.7	1	153 20
133	127	0.7	1	111 16
134	267	0.7	1	256 11
135	107	0.7	1	98 9
136	111	0.7	1	105 6
137	154	0.7	1	148 6
138	181	0.7	1	176 5
139	108	0.7	1	104 4
140	135	0.7	1	133 2
141	239	0.7	1	230 9
142	143	0.7	1	136 7
143	195	0.7	1	187 8
144	229	0.7	1	218 11
145	204	0.7	1	193 11
146	323	0.7	1	310 13
147	289	0.7	1	257 32
148	264	0.7	1	245 19
149	314	0.7	1	229 85
150	15316	0.7	1	13454 1862

RUN STATISTICS FOR INPUT FILE: /vortexfs1/omics/tepolt/raw_reads/C_maenas/Cm_yrv_2023/5-005_R2_001.fastq.gz
=============================================
44362652 sequences processed in total

Total number of sequences analysed for the sequence pair length validation: 44362652

Number of sequence pairs removed because at least one read was shorter than the length cutoff (20 bp): 480127 (1.08%)
