
SUMMARISING RUN PARAMETERS
==========================
Input filename: /vortexfs1/omics/tepolt/raw_reads/C_maenas/Cm_yrv_2023/5-009_R2_001.fastq.gz
Trimming mode: paired-end
Trim Galore version: 0.6.6
Cutadapt version: 3.5
Python version: could not detect
Number of cores used for trimming: 8
Quality Phred score cutoff: 20
Quality encoding type selected: ASCII+33
Adapter sequence: 'AGATCGGAAGAGC' (Illumina TruSeq, Sanger iPCR; user defined)
Maximum trimming error rate: 0.1 (default)
Minimum required adapter overlap (stringency): 1 bp
Minimum required sequence length for both reads before a sequence pair gets removed: 20 bp
Running FastQC on the data once trimming has completed
Running FastQC with the following extra arguments: --outdir /vortexfs1/scratch/yaamini.venkataraman/wc-green-crab/output/06b-trimgalore     --threads 28
Output file will be GZIP compressed


This is cutadapt 3.5 with Python 3.9.5
Command line parameters: -j 8 -e 0.1 -q 20 -O 1 -a AGATCGGAAGAGC /vortexfs1/omics/tepolt/raw_reads/C_maenas/Cm_yrv_2023/5-009_R2_001.fastq.gz
Processing reads on 8 cores in single-end mode ...
Finished in 76.28 s (2 µs/read; 25.81 M reads/minute).

=== Summary ===

Total reads processed:              32,811,107
Reads with adapters:                16,276,437 (49.6%)
Reads written (passing filters):    32,811,107 (100.0%)

Total basepairs processed: 4,921,666,050 bp
Quality-trimmed:              13,793,163 bp (0.3%)
Total written (filtered):  4,703,032,681 bp (95.6%)

=== Adapter 1 ===

Sequence: AGATCGGAAGAGC; Type: regular 3'; Length: 13; Trimmed: 16276437 times

Minimum overlap: 1
No. of allowed errors:
1-9 bp: 0; 10-13 bp: 1

Bases preceding removed adapters:
  A: 26.2%
  C: 27.7%
  G: 25.1%
  T: 20.9%
  none/other: 0.1%

Overview of removed sequences
length	count	expect	max.err	error counts
1	7322607	8202776.8	0	7322607
2	1802012	2050694.2	0	1802012
3	629146	512673.5	0	629146
4	266620	128168.4	0	266620
5	175924	32042.1	0	175924
6	153189	8010.5	0	153189
7	150690	2002.6	0	150690
8	142157	500.7	0	142157
9	138628	125.2	0	138084 544
10	140603	31.3	1	138005 2598
11	137297	7.8	1	134699 2598
12	143175	2.0	1	140158 3017
13	139403	0.5	1	136675 2728
14	144196	0.5	1	140780 3416
15	155157	0.5	1	151675 3482
16	139716	0.5	1	136624 3092
17	142674	0.5	1	139006 3668
18	140302	0.5	1	136609 3693
19	140322	0.5	1	136488 3834
20	159328	0.5	1	154991 4337
21	114580	0.5	1	111525 3055
22	123797	0.5	1	120745 3052
23	132710	0.5	1	129399 3311
24	139073	0.5	1	134993 4080
25	125420	0.5	1	122207 3213
26	124900	0.5	1	121594 3306
27	134713	0.5	1	131150 3563
28	111661	0.5	1	108853 2808
29	112029	0.5	1	109441 2588
30	104784	0.5	1	102631 2153
31	111933	0.5	1	109261 2672
32	105377	0.5	1	103184 2193
33	118096	0.5	1	115241 2855
34	97064	0.5	1	95079 1985
35	103270	0.5	1	101052 2218
36	106556	0.5	1	103843 2713
37	107547	0.5	1	105020 2527
38	98479	0.5	1	96625 1854
39	89556	0.5	1	87812 1744
40	94804	0.5	1	92834 1970
41	85878	0.5	1	83992 1886
42	79283	0.5	1	77770 1513
43	83495	0.5	1	81638 1857
44	76418	0.5	1	74969 1449
45	86398	0.5	1	84279 2119
46	71303	0.5	1	69741 1562
47	68153	0.5	1	66768 1385
48	74837	0.5	1	73299 1538
49	63141	0.5	1	61815 1326
50	58081	0.5	1	56922 1159
51	56395	0.5	1	55056 1339
52	57466	0.5	1	56146 1320
53	48767	0.5	1	47788 979
54	49189	0.5	1	48111 1078
55	50464	0.5	1	49304 1160
56	42563	0.5	1	41694 869
57	45388	0.5	1	44370 1018
58	49384	0.5	1	48375 1009
59	33805	0.5	1	33135 670
60	36116	0.5	1	35410 706
61	30732	0.5	1	30191 541
62	31372	0.5	1	30805 567
63	25868	0.5	1	25435 433
64	29920	0.5	1	29358 562
65	21800	0.5	1	21418 382
66	22871	0.5	1	22487 384
67	22102	0.5	1	21677 425
68	19000	0.5	1	18633 367
69	15504	0.5	1	15210 294
70	19406	0.5	1	19035 371
71	9640	0.5	1	9437 203
72	11943	0.5	1	11691 252
73	11999	0.5	1	11782 217
74	11961	0.5	1	11759 202
75	12077	0.5	1	11905 172
76	3426	0.5	1	3295 131
77	7461	0.5	1	7324 137
78	7379	0.5	1	7213 166
79	6594	0.5	1	6428 166
80	6045	0.5	1	5902 143
81	5625	0.5	1	5463 162
82	5156	0.5	1	4962 194
83	4461	0.5	1	4292 169
84	4047	0.5	1	3913 134
85	4042	0.5	1	3778 264
86	3470	0.5	1	3334 136
87	3219	0.5	1	3123 96
88	2941	0.5	1	2863 78
89	2770	0.5	1	2698 72
90	2458	0.5	1	2377 81
91	2292	0.5	1	2232 60
92	2107	0.5	1	2040 67
93	1857	0.5	1	1777 80
94	1634	0.5	1	1578 56
95	1416	0.5	1	1371 45
96	1248	0.5	1	1206 42
97	1275	0.5	1	1224 51
98	1305	0.5	1	1256 49
99	2921	0.5	1	2683 238
100	1425	0.5	1	1362 63
101	987	0.5	1	943 44
102	802	0.5	1	772 30
103	813	0.5	1	772 41
104	753	0.5	1	726 27
105	625	0.5	1	587 38
106	559	0.5	1	520 39
107	658	0.5	1	618 40
108	524	0.5	1	494 30
109	532	0.5	1	499 33
110	454	0.5	1	427 27
111	452	0.5	1	418 34
112	462	0.5	1	407 55
113	460	0.5	1	407 53
114	410	0.5	1	363 47
115	442	0.5	1	397 45
116	519	0.5	1	444 75
117	494	0.5	1	430 64
118	464	0.5	1	407 57
119	422	0.5	1	375 47
120	586	0.5	1	504 82
121	861	0.5	1	734 127
122	429	0.5	1	383 46
123	266	0.5	1	227 39
124	139	0.5	1	131 8
125	134	0.5	1	114 20
126	121	0.5	1	105 16
127	144	0.5	1	127 17
128	123	0.5	1	107 16
129	295	0.5	1	269 26
130	3487	0.5	1	3364 123
131	17968	0.5	1	16565 1403
132	212	0.5	1	190 22
133	159	0.5	1	142 17
134	311	0.5	1	300 11
135	146	0.5	1	129 17
136	94	0.5	1	85 9
137	143	0.5	1	137 6
138	256	0.5	1	245 11
139	127	0.5	1	124 3
140	140	0.5	1	134 6
141	281	0.5	1	277 4
142	169	0.5	1	159 10
143	244	0.5	1	238 6
144	247	0.5	1	237 10
145	205	0.5	1	195 10
146	313	0.5	1	294 19
147	311	0.5	1	275 36
148	313	0.5	1	293 20
149	522	0.5	1	317 205
150	18071	0.5	1	15155 2916

RUN STATISTICS FOR INPUT FILE: /vortexfs1/omics/tepolt/raw_reads/C_maenas/Cm_yrv_2023/5-009_R2_001.fastq.gz
=============================================
32811107 sequences processed in total

Total number of sequences analysed for the sequence pair length validation: 32811107

Number of sequence pairs removed because at least one read was shorter than the length cutoff (20 bp): 370575 (1.13%)
