
SUMMARISING RUN PARAMETERS
==========================
Input filename: /vortexfs1/omics/tepolt/raw_reads/C_maenas/Cm_yrv_2023/5-002_R2_001.fastq.gz
Trimming mode: paired-end
Trim Galore version: 0.6.6
Cutadapt version: 3.5
Python version: could not detect
Number of cores used for trimming: 8
Quality Phred score cutoff: 20
Quality encoding type selected: ASCII+33
Adapter sequence: 'AGATCGGAAGAGC' (Illumina TruSeq, Sanger iPCR; user defined)
Maximum trimming error rate: 0.1 (default)
Minimum required adapter overlap (stringency): 1 bp
Minimum required sequence length for both reads before a sequence pair gets removed: 20 bp
Running FastQC on the data once trimming has completed
Running FastQC with the following extra arguments: --outdir /vortexfs1/scratch/yaamini.venkataraman/wc-green-crab/output/06b-trimgalore     --threads 28
Output file will be GZIP compressed


This is cutadapt 3.5 with Python 3.9.5
Command line parameters: -j 8 -e 0.1 -q 20 -O 1 -a AGATCGGAAGAGC /vortexfs1/omics/tepolt/raw_reads/C_maenas/Cm_yrv_2023/5-002_R2_001.fastq.gz
Processing reads on 8 cores in single-end mode ...
Finished in 99.36 s (2 µs/read; 26.35 M reads/minute).

=== Summary ===

Total reads processed:              43,638,842
Reads with adapters:                19,904,125 (45.6%)
Reads written (passing filters):    43,638,842 (100.0%)

Total basepairs processed: 6,545,826,300 bp
Quality-trimmed:              17,519,806 bp (0.3%)
Total written (filtered):  6,347,988,751 bp (97.0%)

=== Adapter 1 ===

Sequence: AGATCGGAAGAGC; Type: regular 3'; Length: 13; Trimmed: 19904125 times

Minimum overlap: 1
No. of allowed errors:
1-9 bp: 0; 10-13 bp: 1

Bases preceding removed adapters:
  A: 27.0%
  C: 27.7%
  G: 24.2%
  T: 21.0%
  none/other: 0.1%

Overview of removed sequences
length	count	expect	max.err	error counts
1	9986128	10909710.5	0	9986128
2	2568744	2727427.6	0	2568744
3	896130	681856.9	0	896130
4	358213	170464.2	0	358213
5	230404	42616.1	0	230404
6	194803	10654.0	0	194803
7	191349	2663.5	0	191349
8	176757	665.9	0	176757
9	172035	166.5	0	171327 708
10	171754	41.6	1	168461 3293
11	166322	10.4	1	163097 3225
12	171323	2.6	1	167392 3931
13	164830	0.7	1	161761 3069
14	166678	0.7	1	162776 3902
15	181212	0.7	1	176964 4248
16	157977	0.7	1	154422 3555
17	161216	0.7	1	157049 4167
18	155724	0.7	1	151616 4108
19	165392	0.7	1	160601 4791
20	153773	0.7	1	149783 3990
21	129823	0.7	1	126630 3193
22	130370	0.7	1	127039 3331
23	137783	0.7	1	134360 3423
24	138198	0.7	1	134183 4015
25	131981	0.7	1	128695 3286
26	128425	0.7	1	124844 3581
27	139082	0.7	1	135228 3854
28	109988	0.7	1	107209 2779
29	108166	0.7	1	105660 2506
30	104352	0.7	1	101983 2369
31	99838	0.7	1	97815 2023
32	99878	0.7	1	97639 2239
33	102411	0.7	1	100004 2407
34	102176	0.7	1	99987 2189
35	84511	0.7	1	82764 1747
36	94944	0.7	1	92901 2043
37	84274	0.7	1	82433 1841
38	88667	0.7	1	86666 2001
39	95817	0.7	1	93851 1966
40	60804	0.7	1	59430 1374
41	68708	0.7	1	67225 1483
42	64428	0.7	1	63149 1279
43	66569	0.7	1	64992 1577
44	58883	0.7	1	57641 1242
45	67119	0.7	1	65434 1685
46	53094	0.7	1	51843 1251
47	49870	0.7	1	48823 1047
48	53954	0.7	1	52771 1183
49	45016	0.7	1	44055 961
50	40616	0.7	1	39737 879
51	39126	0.7	1	38150 976
52	39661	0.7	1	38720 941
53	32190	0.7	1	31583 607
54	33076	0.7	1	32315 761
55	32398	0.7	1	31583 815
56	27966	0.7	1	27412 554
57	28609	0.7	1	27936 673
58	31674	0.7	1	30988 686
59	21544	0.7	1	21021 523
60	22032	0.7	1	21615 417
61	18435	0.7	1	18066 369
62	19589	0.7	1	19193 396
63	15205	0.7	1	14901 304
64	18184	0.7	1	17819 365
65	12904	0.7	1	12646 258
66	13534	0.7	1	13274 260
67	13142	0.7	1	12834 308
68	10900	0.7	1	10644 256
69	9101	0.7	1	8930 171
70	11850	0.7	1	11623 227
71	5573	0.7	1	5429 144
72	6953	0.7	1	6799 154
73	7103	0.7	1	6944 159
74	7119	0.7	1	6962 157
75	7201	0.7	1	7074 127
76	2083	0.7	1	2020 63
77	4317	0.7	1	4225 92
78	4603	0.7	1	4489 114
79	4230	0.7	1	4125 105
80	3916	0.7	1	3803 113
81	3585	0.7	1	3492 93
82	3095	0.7	1	2989 106
83	2823	0.7	1	2725 98
84	2654	0.7	1	2564 90
85	2416	0.7	1	2317 99
86	2350	0.7	1	2264 86
87	2244	0.7	1	2175 69
88	2117	0.7	1	2047 70
89	1957	0.7	1	1887 70
90	1962	0.7	1	1903 59
91	1839	0.7	1	1784 55
92	1738	0.7	1	1686 52
93	1419	0.7	1	1358 61
94	1280	0.7	1	1224 56
95	1169	0.7	1	1118 51
96	1139	0.7	1	1092 47
97	1105	0.7	1	1062 43
98	990	0.7	1	946 44
99	1038	0.7	1	983 55
100	959	0.7	1	910 49
101	855	0.7	1	803 52
102	760	0.7	1	724 36
103	754	0.7	1	718 36
104	623	0.7	1	588 35
105	634	0.7	1	596 38
106	631	0.7	1	602 29
107	703	0.7	1	678 25
108	600	0.7	1	564 36
109	527	0.7	1	504 23
110	497	0.7	1	470 27
111	437	0.7	1	406 31
112	438	0.7	1	408 30
113	318	0.7	1	293 25
114	429	0.7	1	409 20
115	338	0.7	1	313 25
116	291	0.7	1	272 19
117	270	0.7	1	252 18
118	302	0.7	1	270 32
119	267	0.7	1	224 43
120	242	0.7	1	210 32
121	240	0.7	1	226 14
122	184	0.7	1	162 22
123	170	0.7	1	149 21
124	143	0.7	1	125 18
125	143	0.7	1	122 21
126	123	0.7	1	108 15
127	110	0.7	1	95 15
128	138	0.7	1	115 23
129	140	0.7	1	119 21
130	168	0.7	1	149 19
131	1572	0.7	1	1401 171
132	167	0.7	1	122 45
133	133	0.7	1	109 24
134	283	0.7	1	266 17
135	154	0.7	1	139 15
136	140	0.7	1	127 13
137	176	0.7	1	170 6
138	312	0.7	1	310 2
139	183	0.7	1	179 4
140	236	0.7	1	229 7
141	438	0.7	1	424 14
142	241	0.7	1	238 3
143	400	0.7	1	393 7
144	460	0.7	1	443 17
145	440	0.7	1	421 19
146	675	0.7	1	649 26
147	565	0.7	1	537 28
148	592	0.7	1	565 27
149	349	0.7	1	237 112
150	12528	0.7	1	9913 2615

RUN STATISTICS FOR INPUT FILE: /vortexfs1/omics/tepolt/raw_reads/C_maenas/Cm_yrv_2023/5-002_R2_001.fastq.gz
=============================================
43638842 sequences processed in total

Total number of sequences analysed for the sequence pair length validation: 43638842

Number of sequence pairs removed because at least one read was shorter than the length cutoff (20 bp): 838749 (1.92%)
