
SUMMARISING RUN PARAMETERS
==========================
Input filename: /vortexfs1/omics/tepolt/raw_reads/C_maenas/Cm_yrv_2023/5-006_R1_001.fastq.gz
Trimming mode: paired-end
Trim Galore version: 0.6.6
Cutadapt version: 3.5
Python version: could not detect
Number of cores used for trimming: 8
Quality Phred score cutoff: 20
Quality encoding type selected: ASCII+33
Adapter sequence: 'AGATCGGAAGAGC' (Illumina TruSeq, Sanger iPCR; user defined)
Maximum trimming error rate: 0.1 (default)
Minimum required adapter overlap (stringency): 1 bp
Minimum required sequence length for both reads before a sequence pair gets removed: 20 bp
Running FastQC on the data once trimming has completed
Running FastQC with the following extra arguments: --outdir /vortexfs1/scratch/yaamini.venkataraman/wc-green-crab/output/06b-trimgalore     --threads 28
Output file will be GZIP compressed


This is cutadapt 3.5 with Python 3.9.5
Command line parameters: -j 8 -e 0.1 -q 20 -O 1 -a AGATCGGAAGAGC /vortexfs1/omics/tepolt/raw_reads/C_maenas/Cm_yrv_2023/5-006_R1_001.fastq.gz
Processing reads on 8 cores in single-end mode ...
Finished in 72.76 s (2 µs/read; 27.74 M reads/minute).

=== Summary ===

Total reads processed:              33,639,491
Reads with adapters:                18,765,281 (55.8%)
Reads written (passing filters):    33,639,491 (100.0%)

Total basepairs processed: 5,045,923,650 bp
Quality-trimmed:              10,539,034 bp (0.2%)
Total written (filtered):  4,679,010,217 bp (92.7%)

=== Adapter 1 ===

Sequence: AGATCGGAAGAGC; Type: regular 3'; Length: 13; Trimmed: 18765281 times

Minimum overlap: 1
No. of allowed errors:
1-9 bp: 0; 10-13 bp: 1

Bases preceding removed adapters:
  A: 20.7%
  C: 27.0%
  G: 23.0%
  T: 26.7%
  none/other: 2.7%

Overview of removed sequences
length	count	expect	max.err	error counts
1	6268572	8409872.8	0	6268572
2	1608471	2102468.2	0	1608471
3	792388	525617.0	0	792388
4	327015	131404.3	0	327015
5	267763	32851.1	0	267763
6	240451	8212.8	0	240451
7	238440	2053.2	0	238440
8	225416	513.3	0	225416
9	217641	128.3	0	216328 1313
10	219356	32.1	1	214911 4445
11	215946	8.0	1	211676 4270
12	219668	2.0	1	214925 4743
13	223799	0.5	1	218359 5440
14	224642	0.5	1	219409 5233
15	246633	0.5	1	240523 6110
16	225891	0.5	1	220384 5507
17	224574	0.5	1	218802 5772
18	219892	0.5	1	214873 5019
19	218992	0.5	1	213787 5205
20	215730	0.5	1	210407 5323
21	203400	0.5	1	198272 5128
22	199448	0.5	1	194705 4743
23	206269	0.5	1	201166 5103
24	204425	0.5	1	199507 4918
25	207736	0.5	1	202559 5177
26	198780	0.5	1	194035 4745
27	194627	0.5	1	189731 4896
28	186485	0.5	1	181850 4635
29	175137	0.5	1	171053 4084
30	167545	0.5	1	163741 3804
31	167062	0.5	1	163116 3946
32	165764	0.5	1	161647 4117
33	162299	0.5	1	158506 3793
34	157085	0.5	1	153262 3823
35	156453	0.5	1	152698 3755
36	154532	0.5	1	150651 3881
37	153066	0.5	1	149176 3890
38	149888	0.5	1	146150 3738
39	138622	0.5	1	134934 3688
40	134347	0.5	1	130797 3550
41	125522	0.5	1	122240 3282
42	121858	0.5	1	118515 3343
43	116381	0.5	1	112678 3703
44	159190	0.5	1	154795 4395
45	112780	0.5	1	109275 3505
46	153488	0.5	1	151058 2430
47	45842	0.5	1	41286 4556
48	388785	0.5	1	383973 4812
49	152890	0.5	1	150241 2649
50	37424	0.5	1	36175 1249
51	32382	0.5	1	31176 1206
52	87272	0.5	1	86351 921
53	15827	0.5	1	14841 986
54	63840	0.5	1	63282 558
55	13109	0.5	1	12602 507
56	22274	0.5	1	21947 327
57	11454	0.5	1	11027 427
58	25809	0.5	1	24901 908
59	67251	0.5	1	66548 703
60	10207	0.5	1	9625 582
61	25393	0.5	1	25109 284
62	2811	0.5	1	2588 223
63	3288	0.5	1	3073 215
64	16953	0.5	1	16437 516
65	39623	0.5	1	39242 381
66	3138	0.5	1	2959 179
67	2043	0.5	1	1874 169
68	8409	0.5	1	8199 210
69	10575	0.5	1	10350 225
70	10435	0.5	1	10245 190
71	7105	0.5	1	6973 132
72	3116	0.5	1	3007 109
73	3595	0.5	1	3463 132
74	7418	0.5	1	7269 149
75	7951	0.5	1	7786 165
76	7439	0.5	1	7302 137
77	7168	0.5	1	6987 181
78	6652	0.5	1	6495 157
79	6067	0.5	1	5913 154
80	5538	0.5	1	5373 165
81	5105	0.5	1	4962 143
82	4647	0.5	1	4519 128
83	3912	0.5	1	3787 125
84	3411	0.5	1	3314 97
85	3231	0.5	1	3147 84
86	3104	0.5	1	3020 84
87	2944	0.5	1	2874 70
88	2820	0.5	1	2732 88
89	2719	0.5	1	2625 94
90	2457	0.5	1	2406 51
91	2278	0.5	1	2225 53
92	2226	0.5	1	2173 53
93	1892	0.5	1	1845 47
94	1685	0.5	1	1638 47
95	1453	0.5	1	1409 44
96	1354	0.5	1	1307 47
97	1265	0.5	1	1225 40
98	1338	0.5	1	1295 43
99	1236	0.5	1	1190 46
100	1105	0.5	1	1066 39
101	1018	0.5	1	973 45
102	971	0.5	1	942 29
103	879	0.5	1	847 32
104	824	0.5	1	792 32
105	670	0.5	1	636 34
106	678	0.5	1	657 21
107	761	0.5	1	721 40
108	749	0.5	1	712 37
109	590	0.5	1	567 23
110	609	0.5	1	574 35
111	589	0.5	1	538 51
112	566	0.5	1	513 53
113	436	0.5	1	406 30
114	516	0.5	1	473 43
115	466	0.5	1	426 40
116	471	0.5	1	457 14
117	414	0.5	1	388 26
118	384	0.5	1	361 23
119	461	0.5	1	430 31
120	800	0.5	1	750 50
121	1104	0.5	1	1056 48
122	578	0.5	1	545 33
123	357	0.5	1	319 38
124	209	0.5	1	185 24
125	204	0.5	1	169 35
126	173	0.5	1	134 39
127	203	0.5	1	163 40
128	273	0.5	1	217 56
129	302	0.5	1	244 58
130	1803	0.5	1	1656 147
131	102545	0.5	1	100750 1795
132	412	0.5	1	347 65
133	246	0.5	1	167 79
134	386	0.5	1	317 69
135	234	0.5	1	168 66
136	171	0.5	1	105 66
137	231	0.5	1	175 56
138	386	0.5	1	315 71
139	223	0.5	1	157 66
140	282	0.5	1	200 82
141	461	0.5	1	370 91
142	357	0.5	1	264 93
143	411	0.5	1	297 114
144	501	0.5	1	368 133
145	520	0.5	1	340 180
146	710	0.5	1	541 169
147	825	0.5	1	434 391
148	991	0.5	1	501 490
149	9263	0.5	1	276 8987
150	505334	0.5	1	9090 496244

RUN STATISTICS FOR INPUT FILE: /vortexfs1/omics/tepolt/raw_reads/C_maenas/Cm_yrv_2023/5-006_R1_001.fastq.gz
=============================================
33639491 sequences processed in total

