
SUMMARISING RUN PARAMETERS
==========================
Input filename: /vortexfs1/omics/tepolt/raw_reads/C_maenas/Cm_yrv_2023/5-003_R1_001.fastq.gz
Trimming mode: paired-end
Trim Galore version: 0.6.6
Cutadapt version: 3.5
Python version: could not detect
Number of cores used for trimming: 8
Quality Phred score cutoff: 20
Quality encoding type selected: ASCII+33
Adapter sequence: 'AGATCGGAAGAGC' (Illumina TruSeq, Sanger iPCR; user defined)
Maximum trimming error rate: 0.1 (default)
Minimum required adapter overlap (stringency): 1 bp
Minimum required sequence length for both reads before a sequence pair gets removed: 20 bp
Running FastQC on the data once trimming has completed
Running FastQC with the following extra arguments: --outdir /vortexfs1/scratch/yaamini.venkataraman/wc-green-crab/output/06b-trimgalore     --threads 28
Output file will be GZIP compressed


This is cutadapt 3.5 with Python 3.9.5
Command line parameters: -j 8 -e 0.1 -q 20 -O 1 -a AGATCGGAAGAGC /vortexfs1/omics/tepolt/raw_reads/C_maenas/Cm_yrv_2023/5-003_R1_001.fastq.gz
Processing reads on 8 cores in single-end mode ...
Finished in 96.50 s (2 µs/read; 29.04 M reads/minute).

=== Summary ===

Total reads processed:              46,712,444
Reads with adapters:                24,180,758 (51.8%)
Reads written (passing filters):    46,712,444 (100.0%)

Total basepairs processed: 7,006,866,600 bp
Quality-trimmed:              12,026,985 bp (0.2%)
Total written (filtered):  6,602,856,896 bp (94.2%)

=== Adapter 1 ===

Sequence: AGATCGGAAGAGC; Type: regular 3'; Length: 13; Trimmed: 24180758 times

Minimum overlap: 1
No. of allowed errors:
1-9 bp: 0; 10-13 bp: 1

Bases preceding removed adapters:
  A: 22.6%
  C: 26.5%
  G: 22.6%
  T: 26.3%
  none/other: 2.0%

Overview of removed sequences
length	count	expect	max.err	error counts
1	9563452	11678111.0	0	9563452
2	2336430	2919527.8	0	2336430
3	1091176	729881.9	0	1091176
4	402596	182470.5	0	402596
5	303734	45617.6	0	303734
6	263112	11404.4	0	263112
7	264379	2851.1	0	264379
8	249431	712.8	0	249431
9	238897	178.2	0	237554 1343
10	237705	44.5	1	233221 4484
11	233102	11.1	1	228881 4221
12	235282	2.8	1	230784 4498
13	239515	0.7	1	234472 5043
14	238282	0.7	1	233513 4769
15	263169	0.7	1	257629 5540
16	240419	0.7	1	235527 4892
17	238871	0.7	1	233587 5284
18	238419	0.7	1	233842 4577
19	236769	0.7	1	231962 4807
20	227847	0.7	1	223200 4647
21	217504	0.7	1	212804 4700
22	211685	0.7	1	207668 4017
23	224009	0.7	1	219268 4741
24	211224	0.7	1	207079 4145
25	222449	0.7	1	217811 4638
26	209975	0.7	1	205545 4430
27	204122	0.7	1	199845 4277
28	198214	0.7	1	193830 4384
29	187694	0.7	1	183862 3832
30	178277	0.7	1	174698 3579
31	177130	0.7	1	173471 3659
32	176700	0.7	1	172811 3889
33	175203	0.7	1	171397 3806
34	178902	0.7	1	174912 3990
35	163746	0.7	1	159870 3876
36	170754	0.7	1	167073 3681
37	163623	0.7	1	160118 3505
38	167014	0.7	1	163207 3807
39	154557	0.7	1	150860 3697
40	149643	0.7	1	146381 3262
41	142738	0.7	1	139668 3070
42	137309	0.7	1	133997 3312
43	134188	0.7	1	130659 3529
44	175106	0.7	1	170540 4566
45	122056	0.7	1	118688 3368
46	182405	0.7	1	179943 2462
47	41666	0.7	1	38816 2850
48	257126	0.7	1	252202 4924
49	305737	0.7	1	302573 3164
50	68238	0.7	1	66343 1895
51	52321	0.7	1	50921 1400
52	107311	0.7	1	106278 1033
53	31621	0.7	1	30196 1425
54	126762	0.7	1	125920 842
55	18962	0.7	1	18085 877
56	45505	0.7	1	44918 587
57	29430	0.7	1	28781 649
58	38702	0.7	1	37492 1210
59	120235	0.7	1	119207 1028
60	27415	0.7	1	26428 987
61	49426	0.7	1	48898 528
62	4410	0.7	1	4098 312
63	7645	0.7	1	7352 293
64	24339	0.7	1	23669 670
65	66857	0.7	1	66368 489
66	4345	0.7	1	4020 325
67	2556	0.7	1	2351 205
68	17898	0.7	1	17613 285
69	20241	0.7	1	19890 351
70	20188	0.7	1	19897 291
71	15377	0.7	1	15145 232
72	6348	0.7	1	6197 151
73	4597	0.7	1	4439 158
74	11436	0.7	1	11241 195
75	12221	0.7	1	11979 242
76	11978	0.7	1	11748 230
77	11067	0.7	1	10851 216
78	10286	0.7	1	10119 167
79	9442	0.7	1	9248 194
80	8351	0.7	1	8188 163
81	7716	0.7	1	7550 166
82	6685	0.7	1	6539 146
83	5943	0.7	1	5762 181
84	5218	0.7	1	5107 111
85	4849	0.7	1	4733 116
86	4483	0.7	1	4383 100
87	4376	0.7	1	4259 117
88	3829	0.7	1	3726 103
89	3546	0.7	1	3456 90
90	3285	0.7	1	3204 81
91	3013	0.7	1	2944 69
92	2715	0.7	1	2653 62
93	2330	0.7	1	2248 82
94	2104	0.7	1	2044 60
95	1669	0.7	1	1617 52
96	1681	0.7	1	1626 55
97	1676	0.7	1	1624 52
98	1450	0.7	1	1418 32
99	1458	0.7	1	1406 52
100	1225	0.7	1	1181 44
101	1093	0.7	1	1051 42
102	969	0.7	1	935 34
103	912	0.7	1	880 32
104	840	0.7	1	818 22
105	757	0.7	1	730 27
106	717	0.7	1	688 29
107	736	0.7	1	709 27
108	686	0.7	1	663 23
109	551	0.7	1	522 29
110	525	0.7	1	497 28
111	481	0.7	1	431 50
112	402	0.7	1	373 29
113	378	0.7	1	346 32
114	398	0.7	1	372 26
115	318	0.7	1	277 41
116	315	0.7	1	297 18
117	290	0.7	1	269 21
118	288	0.7	1	266 22
119	320	0.7	1	277 43
120	396	0.7	1	368 28
121	474	0.7	1	449 25
122	278	0.7	1	268 10
123	162	0.7	1	147 15
124	117	0.7	1	104 13
125	119	0.7	1	101 18
126	134	0.7	1	103 31
127	127	0.7	1	92 35
128	137	0.7	1	107 30
129	186	0.7	1	137 49
130	635	0.7	1	571 64
131	32197	0.7	1	31722 475
132	219	0.7	1	167 52
133	184	0.7	1	139 45
134	242	0.7	1	194 48
135	180	0.7	1	136 44
136	179	0.7	1	118 61
137	228	0.7	1	154 74
138	282	0.7	1	220 62
139	216	0.7	1	162 54
140	305	0.7	1	239 66
141	479	0.7	1	394 85
142	308	0.7	1	220 88
143	436	0.7	1	328 108
144	543	0.7	1	421 122
145	529	0.7	1	381 148
146	775	0.7	1	596 179
147	912	0.7	1	554 358
148	1012	0.7	1	505 507
149	7992	0.7	1	210 7782
150	481695	0.7	1	7113 474582

RUN STATISTICS FOR INPUT FILE: /vortexfs1/omics/tepolt/raw_reads/C_maenas/Cm_yrv_2023/5-003_R1_001.fastq.gz
=============================================
46712444 sequences processed in total

