
SUMMARISING RUN PARAMETERS
==========================
Input filename: /vortexfs1/omics/tepolt/raw_reads/C_maenas/Cm_yrv_2023/5-004_R1_001.fastq.gz
Trimming mode: paired-end
Trim Galore version: 0.6.6
Cutadapt version: 3.5
Python version: could not detect
Number of cores used for trimming: 8
Quality Phred score cutoff: 20
Quality encoding type selected: ASCII+33
Adapter sequence: 'AGATCGGAAGAGC' (Illumina TruSeq, Sanger iPCR; user defined)
Maximum trimming error rate: 0.1 (default)
Minimum required adapter overlap (stringency): 1 bp
Minimum required sequence length for both reads before a sequence pair gets removed: 20 bp
Running FastQC on the data once trimming has completed
Running FastQC with the following extra arguments: --outdir /vortexfs1/scratch/yaamini.venkataraman/wc-green-crab/output/06b-trimgalore     --threads 28
Output file will be GZIP compressed


This is cutadapt 3.5 with Python 3.9.5
Command line parameters: -j 8 -e 0.1 -q 20 -O 1 -a AGATCGGAAGAGC /vortexfs1/omics/tepolt/raw_reads/C_maenas/Cm_yrv_2023/5-004_R1_001.fastq.gz
Processing reads on 8 cores in single-end mode ...
Finished in 109.56 s (2 µs/read; 28.50 M reads/minute).

=== Summary ===

Total reads processed:              52,045,755
Reads with adapters:                29,587,980 (56.8%)
Reads written (passing filters):    52,045,755 (100.0%)

Total basepairs processed: 7,806,863,250 bp
Quality-trimmed:              20,236,403 bp (0.3%)
Total written (filtered):  7,174,427,317 bp (91.9%)

=== Adapter 1 ===

Sequence: AGATCGGAAGAGC; Type: regular 3'; Length: 13; Trimmed: 29587980 times

Minimum overlap: 1
No. of allowed errors:
1-9 bp: 0; 10-13 bp: 1

Bases preceding removed adapters:
  A: 20.2%
  C: 27.5%
  G: 23.7%
  T: 25.9%
  none/other: 2.7%

Overview of removed sequences
length	count	expect	max.err	error counts
1	9187251	13011438.8	0	9187251
2	2434926	3252859.7	0	2434926
3	1146527	813214.9	0	1146527
4	471812	203303.7	0	471812
5	377415	50825.9	0	377415
6	336823	12706.5	0	336823
7	337795	3176.6	0	337795
8	324356	794.2	0	324356
9	314829	198.5	0	313043 1786
10	316132	49.6	1	310129 6003
11	314130	12.4	1	308065 6065
12	320237	3.1	1	313995 6242
13	327948	0.8	1	320465 7483
14	327615	0.8	1	320541 7074
15	360947	0.8	1	352767 8180
16	334846	0.8	1	327386 7460
17	337913	0.8	1	329724 8189
18	331583	0.8	1	324812 6771
19	331338	0.8	1	323947 7391
20	325456	0.8	1	318159 7297
21	315653	0.8	1	308199 7454
22	313485	0.8	1	306905 6580
23	324391	0.8	1	316978 7413
24	324938	0.8	1	317606 7332
25	326373	0.8	1	318952 7421
26	317200	0.8	1	310148 7052
27	313016	0.8	1	305706 7310
28	303777	0.8	1	296608 7169
29	291437	0.8	1	285040 6397
30	279472	0.8	1	273529 5943
31	280529	0.8	1	274546 5983
32	281108	0.8	1	274837 6271
33	277307	0.8	1	271104 6203
34	277621	0.8	1	271075 6546
35	273769	0.8	1	267441 6328
36	272241	0.8	1	265629 6612
37	269632	0.8	1	263388 6244
38	274239	0.8	1	267482 6757
39	252267	0.8	1	246132 6135
40	250347	0.8	1	244481 5866
41	236557	0.8	1	230644 5913
42	229762	0.8	1	224095 5667
43	221990	0.8	1	215587 6403
44	298500	0.8	1	290016 8484
45	219250	0.8	1	213101 6149
46	298510	0.8	1	293675 4835
47	107530	0.8	1	98971 8559
48	839015	0.8	1	828468 10547
49	439783	0.8	1	433402 6381
50	76523	0.8	1	73606 2917
51	69636	0.8	1	67607 2029
52	147165	0.8	1	145659 1506
53	26615	0.8	1	24836 1779
54	146032	0.8	1	144929 1103
55	18722	0.8	1	17658 1064
56	49542	0.8	1	48978 564
57	21081	0.8	1	20162 919
58	57800	0.8	1	55890 1910
59	175662	0.8	1	174201 1461
60	20644	0.8	1	19279 1365
61	68206	0.8	1	67444 762
62	7203	0.8	1	6730 473
63	6801	0.8	1	6278 523
64	41800	0.8	1	40615 1185
65	104377	0.8	1	103388 989
66	12924	0.8	1	12347 577
67	4203	0.8	1	3915 288
68	17648	0.8	1	17199 449
69	27900	0.8	1	27379 521
70	28785	0.8	1	28274 511
71	21935	0.8	1	21585 350
72	9614	0.8	1	9378 236
73	8455	0.8	1	8144 311
74	21386	0.8	1	21000 386
75	23760	0.8	1	23365 395
76	22078	0.8	1	21658 420
77	20578	0.8	1	20135 443
78	19135	0.8	1	18734 401
79	17508	0.8	1	17137 371
80	16056	0.8	1	15711 345
81	14299	0.8	1	13949 350
82	12890	0.8	1	12575 315
83	11545	0.8	1	11272 273
84	10631	0.8	1	10393 238
85	10066	0.8	1	9842 224
86	9674	0.8	1	9441 233
87	9130	0.8	1	8905 225
88	8199	0.8	1	8015 184
89	7550	0.8	1	7344 206
90	7270	0.8	1	7090 180
91	6306	0.8	1	6166 140
92	5950	0.8	1	5812 138
93	5194	0.8	1	5063 131
94	4646	0.8	1	4533 113
95	4167	0.8	1	4073 94
96	3936	0.8	1	3853 83
97	3861	0.8	1	3768 93
98	3731	0.8	1	3629 102
99	3469	0.8	1	3381 88
100	3071	0.8	1	2964 107
101	2724	0.8	1	2652 72
102	2311	0.8	1	2244 67
103	2357	0.8	1	2286 71
104	2030	0.8	1	1969 61
105	1928	0.8	1	1844 84
106	1881	0.8	1	1822 59
107	1783	0.8	1	1731 52
108	1588	0.8	1	1531 57
109	1528	0.8	1	1467 61
110	1338	0.8	1	1284 54
111	1221	0.8	1	1155 66
112	1106	0.8	1	1043 63
113	876	0.8	1	819 57
114	896	0.8	1	852 44
115	730	0.8	1	695 35
116	694	0.8	1	655 39
117	617	0.8	1	579 38
118	622	0.8	1	583 39
119	575	0.8	1	535 40
120	614	0.8	1	578 36
121	642	0.8	1	609 33
122	460	0.8	1	427 33
123	375	0.8	1	338 37
124	250	0.8	1	220 30
125	264	0.8	1	225 39
126	235	0.8	1	211 24
127	312	0.8	1	252 60
128	274	0.8	1	206 68
129	292	0.8	1	240 52
130	734	0.8	1	632 102
131	24855	0.8	1	24407 448
132	408	0.8	1	311 97
133	342	0.8	1	258 84
134	566	0.8	1	458 108
135	418	0.8	1	322 96
136	412	0.8	1	311 101
137	535	0.8	1	425 110
138	712	0.8	1	615 97
139	516	0.8	1	399 117
140	712	0.8	1	580 132
141	1201	0.8	1	1043 158
142	712	0.8	1	557 155
143	1073	0.8	1	881 192
144	1301	0.8	1	1064 237
145	1253	0.8	1	957 296
146	1748	0.8	1	1475 273
147	1752	0.8	1	1189 563
148	1844	0.8	1	1103 741
149	13518	0.8	1	409 13109
150	777908	0.8	1	12159 765749

RUN STATISTICS FOR INPUT FILE: /vortexfs1/omics/tepolt/raw_reads/C_maenas/Cm_yrv_2023/5-004_R1_001.fastq.gz
=============================================
52045755 sequences processed in total

