
SUMMARISING RUN PARAMETERS
==========================
Input filename: /vortexfs1/omics/tepolt/raw_reads/C_maenas/Cm_yrv_2023/5-009_R1_001.fastq.gz
Trimming mode: paired-end
Trim Galore version: 0.6.6
Cutadapt version: 3.5
Python version: could not detect
Number of cores used for trimming: 8
Quality Phred score cutoff: 20
Quality encoding type selected: ASCII+33
Adapter sequence: 'AGATCGGAAGAGC' (Illumina TruSeq, Sanger iPCR; user defined)
Maximum trimming error rate: 0.1 (default)
Minimum required adapter overlap (stringency): 1 bp
Minimum required sequence length for both reads before a sequence pair gets removed: 20 bp
Running FastQC on the data once trimming has completed
Running FastQC with the following extra arguments: --outdir /vortexfs1/scratch/yaamini.venkataraman/wc-green-crab/output/06b-trimgalore     --threads 28
Output file will be GZIP compressed


This is cutadapt 3.5 with Python 3.9.5
Command line parameters: -j 8 -e 0.1 -q 20 -O 1 -a AGATCGGAAGAGC /vortexfs1/omics/tepolt/raw_reads/C_maenas/Cm_yrv_2023/5-009_R1_001.fastq.gz
Processing reads on 8 cores in single-end mode ...
Finished in 69.42 s (2 µs/read; 28.36 M reads/minute).

=== Summary ===

Total reads processed:              32,811,107
Reads with adapters:                16,217,756 (49.4%)
Reads written (passing filters):    32,811,107 (100.0%)

Total basepairs processed: 4,921,666,050 bp
Quality-trimmed:              10,644,087 bp (0.2%)
Total written (filtered):  4,661,012,430 bp (94.7%)

=== Adapter 1 ===

Sequence: AGATCGGAAGAGC; Type: regular 3'; Length: 13; Trimmed: 16217756 times

Minimum overlap: 1
No. of allowed errors:
1-9 bp: 0; 10-13 bp: 1

Bases preceding removed adapters:
  A: 22.7%
  C: 26.8%
  G: 21.1%
  T: 27.3%
  none/other: 2.1%

Overview of removed sequences
length	count	expect	max.err	error counts
1	6925324	8202776.8	0	6925324
2	1683343	2050694.2	0	1683343
3	752278	512673.5	0	752278
4	255273	128168.4	0	255273
5	175417	32042.1	0	175417
6	151973	8010.5	0	151973
7	150123	2002.6	0	150123
8	141871	500.7	0	141871
9	139633	125.2	0	138777 856
10	140060	31.3	1	137371 2689
11	138000	7.8	1	135346 2654
12	140265	2.0	1	137616 2649
13	142534	0.5	1	139334 3200
14	143447	0.5	1	140415 3032
15	153191	0.5	1	149786 3405
16	143461	0.5	1	140345 3116
17	143835	0.5	1	140484 3351
18	139610	0.5	1	136792 2818
19	140248	0.5	1	137205 3043
20	138316	0.5	1	135291 3025
21	131357	0.5	1	128293 3064
22	128948	0.5	1	126256 2692
23	133482	0.5	1	130448 3034
24	131510	0.5	1	128627 2883
25	131051	0.5	1	128093 2958
26	125252	0.5	1	122578 2674
27	124153	0.5	1	121451 2702
28	119105	0.5	1	116396 2709
29	113319	0.5	1	110860 2459
30	109124	0.5	1	106927 2197
31	109304	0.5	1	107064 2240
32	109389	0.5	1	106911 2478
33	107813	0.5	1	105381 2432
34	106959	0.5	1	104464 2495
35	104467	0.5	1	102210 2257
36	102442	0.5	1	100027 2415
37	101448	0.5	1	99157 2291
38	101578	0.5	1	99109 2469
39	93686	0.5	1	91425 2261
40	92967	0.5	1	90784 2183
41	89321	0.5	1	87091 2230
42	86274	0.5	1	84199 2075
43	81954	0.5	1	79621 2333
44	111350	0.5	1	108242 3108
45	80399	0.5	1	78248 2151
46	109527	0.5	1	107781 1746
47	38696	0.5	1	35636 3060
48	311557	0.5	1	307764 3793
49	153295	0.5	1	151102 2193
50	28072	0.5	1	27107 965
51	25089	0.5	1	24338 751
52	53215	0.5	1	52630 585
53	10323	0.5	1	9683 640
54	62278	0.5	1	61868 410
55	6614	0.5	1	6195 419
56	21295	0.5	1	21035 260
57	8527	0.5	1	8207 320
58	21437	0.5	1	20720 717
59	68372	0.5	1	67789 583
60	8089	0.5	1	7563 526
61	26362	0.5	1	26053 309
62	2799	0.5	1	2615 184
63	2554	0.5	1	2361 193
64	15634	0.5	1	15186 448
65	39983	0.5	1	39614 369
66	5107	0.5	1	4878 229
67	1667	0.5	1	1553 114
68	6843	0.5	1	6679 164
69	10607	0.5	1	10420 187
70	10880	0.5	1	10677 203
71	8316	0.5	1	8183 133
72	3701	0.5	1	3598 103
73	3203	0.5	1	3070 133
74	8057	0.5	1	7930 127
75	9061	0.5	1	8916 145
76	8598	0.5	1	8454 144
77	7955	0.5	1	7779 176
78	7375	0.5	1	7207 168
79	6627	0.5	1	6480 147
80	6238	0.5	1	6012 226
81	5721	0.5	1	5535 186
82	5308	0.5	1	5141 167
83	4488	0.5	1	4375 113
84	4131	0.5	1	4036 95
85	4586	0.5	1	4486 100
86	3874	0.5	1	3771 103
87	3227	0.5	1	3133 94
88	2965	0.5	1	2869 96
89	2810	0.5	1	2732 78
90	2493	0.5	1	2431 62
91	2282	0.5	1	2219 63
92	2127	0.5	1	2071 56
93	1869	0.5	1	1807 62
94	1639	0.5	1	1598 41
95	1454	0.5	1	1402 52
96	1254	0.5	1	1207 47
97	1298	0.5	1	1234 64
98	1273	0.5	1	1219 54
99	1844	0.5	1	1717 127
100	1410	0.5	1	1339 71
101	936	0.5	1	896 40
102	814	0.5	1	784 30
103	830	0.5	1	793 37
104	761	0.5	1	728 33
105	632	0.5	1	594 38
106	558	0.5	1	523 35
107	627	0.5	1	594 33
108	547	0.5	1	510 37
109	504	0.5	1	474 30
110	461	0.5	1	438 23
111	478	0.5	1	432 46
112	477	0.5	1	433 44
113	382	0.5	1	332 50
114	414	0.5	1	395 19
115	463	0.5	1	419 44
116	521	0.5	1	493 28
117	525	0.5	1	501 24
118	464	0.5	1	437 27
119	449	0.5	1	427 22
120	593	0.5	1	559 34
121	868	0.5	1	818 50
122	461	0.5	1	445 16
123	273	0.5	1	248 25
124	158	0.5	1	133 25
125	137	0.5	1	112 25
126	138	0.5	1	110 28
127	144	0.5	1	110 34
128	156	0.5	1	122 34
129	352	0.5	1	299 53
130	3408	0.5	1	3087 321
131	18506	0.5	1	18181 325
132	228	0.5	1	193 35
133	170	0.5	1	133 37
134	344	0.5	1	305 39
135	178	0.5	1	132 46
136	133	0.5	1	90 43
137	196	0.5	1	138 58
138	288	0.5	1	247 41
139	165	0.5	1	123 42
140	181	0.5	1	129 52
141	343	0.5	1	276 67
142	241	0.5	1	158 83
143	303	0.5	1	238 65
144	308	0.5	1	236 72
145	298	0.5	1	197 101
146	408	0.5	1	296 112
147	531	0.5	1	277 254
148	659	0.5	1	315 344
149	7002	0.5	1	384 6618
150	330883	0.5	1	14933 315950

RUN STATISTICS FOR INPUT FILE: /vortexfs1/omics/tepolt/raw_reads/C_maenas/Cm_yrv_2023/5-009_R1_001.fastq.gz
=============================================
32811107 sequences processed in total

