
SUMMARISING RUN PARAMETERS
==========================
Input filename: /vortexfs1/omics/tepolt/raw_reads/C_maenas/Cm_yrv_2023/5-010_R2_001.fastq.gz
Trimming mode: paired-end
Trim Galore version: 0.6.6
Cutadapt version: 3.5
Python version: could not detect
Number of cores used for trimming: 8
Quality Phred score cutoff: 20
Quality encoding type selected: ASCII+33
Adapter sequence: 'AGATCGGAAGAGC' (Illumina TruSeq, Sanger iPCR; user defined)
Maximum trimming error rate: 0.1 (default)
Minimum required adapter overlap (stringency): 1 bp
Minimum required sequence length for both reads before a sequence pair gets removed: 20 bp
Running FastQC on the data once trimming has completed
Running FastQC with the following extra arguments: --outdir /vortexfs1/scratch/yaamini.venkataraman/wc-green-crab/output/06b-trimgalore     --threads 28
Output file will be GZIP compressed


This is cutadapt 3.5 with Python 3.9.5
Command line parameters: -j 8 -e 0.1 -q 20 -O 1 -a AGATCGGAAGAGC /vortexfs1/omics/tepolt/raw_reads/C_maenas/Cm_yrv_2023/5-010_R2_001.fastq.gz
Processing reads on 8 cores in single-end mode ...
Finished in 89.93 s (3 µs/read; 23.01 M reads/minute).

=== Summary ===

Total reads processed:              34,495,215
Reads with adapters:                16,488,930 (47.8%)
Reads written (passing filters):    34,495,215 (100.0%)

Total basepairs processed: 5,174,282,250 bp
Quality-trimmed:              13,660,183 bp (0.3%)
Total written (filtered):  4,975,315,192 bp (96.2%)

=== Adapter 1 ===

Sequence: AGATCGGAAGAGC; Type: regular 3'; Length: 13; Trimmed: 16488930 times

Minimum overlap: 1
No. of allowed errors:
1-9 bp: 0; 10-13 bp: 1

Bases preceding removed adapters:
  A: 24.8%
  C: 30.4%
  G: 25.7%
  T: 19.1%
  none/other: 0.1%

Overview of removed sequences
length	count	expect	max.err	error counts
1	7330661	8623803.8	0	7330661
2	1974155	2155950.9	0	1974155
3	740130	538987.7	0	740130
4	311510	134746.9	0	311510
5	207374	33686.7	0	207374
6	182620	8421.7	0	182620
7	177148	2105.4	0	177148
8	166483	526.4	0	166483
9	163242	131.6	0	162448 794
10	165925	32.9	1	162354 3571
11	161483	8.2	1	158426 3057
12	163268	2.1	1	159583 3685
13	158126	0.5	1	154767 3359
14	158599	0.5	1	154724 3875
15	166799	0.5	1	162670 4129
16	149554	0.5	1	146257 3297
17	152548	0.5	1	148464 4084
18	147851	0.5	1	143841 4010
19	153660	0.5	1	149135 4525
20	148941	0.5	1	145136 3805
21	124457	0.5	1	121288 3169
22	128746	0.5	1	125553 3193
23	134347	0.5	1	131037 3310
24	138067	0.5	1	134025 4042
25	124341	0.5	1	121216 3125
26	124650	0.5	1	121262 3388
27	134583	0.5	1	130867 3716
28	108791	0.5	1	106117 2674
29	113333	0.5	1	110664 2669
30	104972	0.5	1	102557 2415
31	105219	0.5	1	102892 2327
32	101595	0.5	1	99382 2213
33	119645	0.5	1	116817 2828
34	96193	0.5	1	94086 2107
35	94412	0.5	1	92364 2048
36	84607	0.5	1	82864 1743
37	89201	0.5	1	87317 1884
38	87135	0.5	1	85281 1854
39	85901	0.5	1	83976 1925
40	81536	0.5	1	79706 1830
41	71605	0.5	1	70218 1387
42	72557	0.5	1	71055 1502
43	73248	0.5	1	71515 1733
44	65199	0.5	1	63843 1356
45	76400	0.5	1	74484 1916
46	58141	0.5	1	56804 1337
47	57642	0.5	1	56433 1209
48	60987	0.5	1	59711 1276
49	52740	0.5	1	51610 1130
50	48311	0.5	1	47201 1110
51	47004	0.5	1	45842 1162
52	48229	0.5	1	47017 1212
53	39223	0.5	1	38427 796
54	40372	0.5	1	39411 961
55	38916	0.5	1	37992 924
56	34904	0.5	1	34162 742
57	34985	0.5	1	34065 920
58	36936	0.5	1	36126 810
59	27350	0.5	1	26682 668
60	28127	0.5	1	27607 520
61	22948	0.5	1	22508 440
62	22912	0.5	1	22428 484
63	19051	0.5	1	18700 351
64	21801	0.5	1	21335 466
65	16367	0.5	1	16028 339
66	16789	0.5	1	16425 364
67	16263	0.5	1	15904 359
68	13529	0.5	1	13269 260
69	11362	0.5	1	11120 242
70	14274	0.5	1	13986 288
71	7245	0.5	1	7071 174
72	8862	0.5	1	8666 196
73	8761	0.5	1	8538 223
74	8533	0.5	1	8319 214
75	8575	0.5	1	8423 152
76	2734	0.5	1	2648 86
77	5316	0.5	1	5183 133
78	5192	0.5	1	5057 135
79	4870	0.5	1	4752 118
80	4245	0.5	1	4139 106
81	3814	0.5	1	3701 113
82	3512	0.5	1	3413 99
83	3174	0.5	1	3076 98
84	2802	0.5	1	2699 103
85	2738	0.5	1	2638 100
86	2474	0.5	1	2392 82
87	2380	0.5	1	2291 89
88	2132	0.5	1	2061 71
89	1962	0.5	1	1900 62
90	1781	0.5	1	1724 57
91	1584	0.5	1	1527 57
92	1453	0.5	1	1400 53
93	1338	0.5	1	1260 78
94	1186	0.5	1	1134 52
95	1030	0.5	1	977 53
96	973	0.5	1	916 57
97	999	0.5	1	925 74
98	887	0.5	1	830 57
99	865	0.5	1	769 96
100	808	0.5	1	751 57
101	666	0.5	1	601 65
102	628	0.5	1	594 34
103	591	0.5	1	558 33
104	535	0.5	1	499 36
105	489	0.5	1	446 43
106	527	0.5	1	466 61
107	457	0.5	1	426 31
108	424	0.5	1	364 60
109	409	0.5	1	371 38
110	394	0.5	1	363 31
111	337	0.5	1	303 34
112	324	0.5	1	287 37
113	315	0.5	1	274 41
114	300	0.5	1	269 31
115	247	0.5	1	216 31
116	235	0.5	1	205 30
117	198	0.5	1	181 17
118	248	0.5	1	204 44
119	217	0.5	1	186 31
120	229	0.5	1	172 57
121	207	0.5	1	173 34
122	167	0.5	1	147 20
123	194	0.5	1	167 27
124	139	0.5	1	102 37
125	109	0.5	1	87 22
126	102	0.5	1	76 26
127	119	0.5	1	94 25
128	110	0.5	1	93 17
129	151	0.5	1	103 48
130	302	0.5	1	276 26
131	539	0.5	1	472 67
132	304	0.5	1	146 158
133	194	0.5	1	131 63
134	504	0.5	1	481 23
135	218	0.5	1	197 21
136	158	0.5	1	136 22
137	239	0.5	1	210 29
138	337	0.5	1	309 28
139	254	0.5	1	211 43
140	269	0.5	1	254 15
141	521	0.5	1	500 21
142	270	0.5	1	250 20
143	357	0.5	1	345 12
144	436	0.5	1	401 35
145	397	0.5	1	346 51
146	547	0.5	1	509 38
147	501	0.5	1	389 112
148	433	0.5	1	410 23
149	472	0.5	1	355 117
150	20405	0.5	1	17973 2432

RUN STATISTICS FOR INPUT FILE: /vortexfs1/omics/tepolt/raw_reads/C_maenas/Cm_yrv_2023/5-010_R2_001.fastq.gz
=============================================
34495215 sequences processed in total

Total number of sequences analysed for the sequence pair length validation: 34495215

Number of sequence pairs removed because at least one read was shorter than the length cutoff (20 bp): 822113 (2.38%)
