
SUMMARISING RUN PARAMETERS
==========================
Input filename: /vortexfs1/omics/tepolt/raw_reads/C_maenas/Cm_yrv_2023/5-014_R1_001.fastq.gz
Trimming mode: paired-end
Trim Galore version: 0.6.6
Cutadapt version: 3.5
Python version: could not detect
Number of cores used for trimming: 8
Quality Phred score cutoff: 20
Quality encoding type selected: ASCII+33
Adapter sequence: 'AGATCGGAAGAGC' (Illumina TruSeq, Sanger iPCR; user defined)
Maximum trimming error rate: 0.1 (default)
Minimum required adapter overlap (stringency): 1 bp
Minimum required sequence length for both reads before a sequence pair gets removed: 20 bp
Running FastQC on the data once trimming has completed
Running FastQC with the following extra arguments: --outdir /vortexfs1/scratch/yaamini.venkataraman/wc-green-crab/output/06b-trimgalore     --threads 28
Output file will be GZIP compressed


This is cutadapt 3.5 with Python 3.9.5
Command line parameters: -j 8 -e 0.1 -q 20 -O 1 -a AGATCGGAAGAGC /vortexfs1/omics/tepolt/raw_reads/C_maenas/Cm_yrv_2023/5-014_R1_001.fastq.gz
Processing reads on 8 cores in single-end mode ...
Finished in 106.14 s (2 µs/read; 27.79 M reads/minute).

=== Summary ===

Total reads processed:              49,165,263
Reads with adapters:                28,473,331 (57.9%)
Reads written (passing filters):    49,165,263 (100.0%)

Total basepairs processed: 7,374,789,450 bp
Quality-trimmed:              15,779,515 bp (0.2%)
Total written (filtered):  6,725,507,482 bp (91.2%)

=== Adapter 1 ===

Sequence: AGATCGGAAGAGC; Type: regular 3'; Length: 13; Trimmed: 28473331 times

Minimum overlap: 1
No. of allowed errors:
1-9 bp: 0; 10-13 bp: 1

Bases preceding removed adapters:
  A: 20.3%
  C: 28.3%
  G: 22.7%
  T: 25.5%
  none/other: 3.2%

Overview of removed sequences
length	count	expect	max.err	error counts
1	8704757	12291315.8	0	8704757
2	2270398	3072828.9	0	2270398
3	1039074	768207.2	0	1039074
4	427871	192051.8	0	427871
5	335390	48013.0	0	335390
6	300659	12003.2	0	300659
7	302444	3000.8	0	302444
8	290214	750.2	0	290214
9	287496	187.6	0	285509 1987
10	290237	46.9	1	284667 5570
11	289586	11.7	1	283534 6052
12	294920	2.9	1	288538 6382
13	300495	0.7	1	293264 7231
14	303541	0.7	1	296441 7100
15	328380	0.7	1	320382 7998
16	309791	0.7	1	302397 7394
17	312163	0.7	1	304061 8102
18	309589	0.7	1	302535 7054
19	308415	0.7	1	301319 7096
20	306952	0.7	1	299649 7303
21	297232	0.7	1	289728 7504
22	294025	0.7	1	287142 6883
23	303127	0.7	1	295978 7149
24	301939	0.7	1	294738 7201
25	309880	0.7	1	302117 7763
26	301675	0.7	1	294415 7260
27	299759	0.7	1	292444 7315
28	292332	0.7	1	284848 7484
29	279146	0.7	1	272533 6613
30	270289	0.7	1	264159 6130
31	272436	0.7	1	266171 6265
32	274788	0.7	1	267882 6906
33	272952	0.7	1	266205 6747
34	273175	0.7	1	266318 6857
35	271918	0.7	1	264981 6937
36	273882	0.7	1	266751 7131
37	262073	0.7	1	255597 6476
38	270155	0.7	1	263201 6954
39	249674	0.7	1	243183 6491
40	247097	0.7	1	240728 6369
41	235079	0.7	1	228907 6172
42	233510	0.7	1	227210 6300
43	229656	0.7	1	222564 7092
44	312182	0.7	1	303508 8674
45	207737	0.7	1	201535 6202
46	273019	0.7	1	268125 4894
47	138343	0.7	1	129574 8769
48	647091	0.7	1	638859 8232
49	206144	0.7	1	201851 4293
50	55768	0.7	1	52853 2915
51	157309	0.7	1	154298 3011
52	156686	0.7	1	154373 2313
53	64116	0.7	1	61262 2854
54	208305	0.7	1	206534 1771
55	42759	0.7	1	40787 1972
56	108877	0.7	1	107373 1504
57	65890	0.7	1	64252 1638
58	87639	0.7	1	84444 3195
59	222509	0.7	1	220195 2314
60	56825	0.7	1	54367 2458
61	127998	0.7	1	126846 1152
62	11384	0.7	1	10593 791
63	20991	0.7	1	20129 862
64	55779	0.7	1	53752 2027
65	144004	0.7	1	142852 1152
66	8314	0.7	1	7656 658
67	5815	0.7	1	5247 568
68	38160	0.7	1	37396 764
69	40231	0.7	1	39411 820
70	42496	0.7	1	41723 773
71	31678	0.7	1	31222 456
72	12637	0.7	1	12321 316
73	10240	0.7	1	9859 381
74	24553	0.7	1	24033 520
75	26920	0.7	1	26394 526
76	25889	0.7	1	25363 526
77	24203	0.7	1	23675 528
78	22266	0.7	1	21791 475
79	20508	0.7	1	20077 431
80	18106	0.7	1	17664 442
81	16534	0.7	1	16100 434
82	14811	0.7	1	14453 358
83	13213	0.7	1	12845 368
84	12080	0.7	1	11806 274
85	11310	0.7	1	11023 287
86	11156	0.7	1	10902 254
87	10225	0.7	1	9974 251
88	9592	0.7	1	9374 218
89	8680	0.7	1	8451 229
90	7890	0.7	1	7715 175
91	7062	0.7	1	6869 193
92	6630	0.7	1	6466 164
93	5799	0.7	1	5635 164
94	4965	0.7	1	4820 145
95	4572	0.7	1	4459 113
96	4466	0.7	1	4361 105
97	4244	0.7	1	4110 134
98	4077	0.7	1	3966 111
99	3847	0.7	1	3739 108
100	3374	0.7	1	3269 105
101	2900	0.7	1	2800 100
102	2620	0.7	1	2543 77
103	2410	0.7	1	2340 70
104	2086	0.7	1	2015 71
105	2040	0.7	1	1975 65
106	1901	0.7	1	1832 69
107	1892	0.7	1	1829 63
108	1661	0.7	1	1606 55
109	1562	0.7	1	1501 61
110	1484	0.7	1	1425 59
111	1246	0.7	1	1152 94
112	1003	0.7	1	946 57
113	886	0.7	1	824 62
114	888	0.7	1	838 50
115	693	0.7	1	640 53
116	674	0.7	1	631 43
117	624	0.7	1	583 41
118	612	0.7	1	574 38
119	577	0.7	1	539 38
120	602	0.7	1	564 38
121	594	0.7	1	556 38
122	390	0.7	1	344 46
123	304	0.7	1	271 33
124	242	0.7	1	205 37
125	195	0.7	1	153 42
126	201	0.7	1	153 48
127	220	0.7	1	161 59
128	232	0.7	1	165 67
129	228	0.7	1	158 70
130	479	0.7	1	378 101
131	14535	0.7	1	14221 314
132	306	0.7	1	216 90
133	248	0.7	1	144 104
134	580	0.7	1	471 109
135	277	0.7	1	175 102
136	284	0.7	1	173 111
137	332	0.7	1	217 115
138	620	0.7	1	505 115
139	373	0.7	1	236 137
140	420	0.7	1	303 117
141	751	0.7	1	597 154
142	420	0.7	1	282 138
143	666	0.7	1	491 175
144	718	0.7	1	514 204
145	728	0.7	1	478 250
146	983	0.7	1	703 280
147	1238	0.7	1	681 557
148	1617	0.7	1	819 798
149	13589	0.7	1	411 13178
150	887131	0.7	1	11625 875506

RUN STATISTICS FOR INPUT FILE: /vortexfs1/omics/tepolt/raw_reads/C_maenas/Cm_yrv_2023/5-014_R1_001.fastq.gz
=============================================
49165263 sequences processed in total

