
SUMMARISING RUN PARAMETERS
==========================
Input filename: /vortexfs1/omics/tepolt/raw_reads/C_maenas/Cm_yrv_2023/5-014_R2_001.fastq.gz
Trimming mode: paired-end
Trim Galore version: 0.6.6
Cutadapt version: 3.5
Python version: could not detect
Number of cores used for trimming: 8
Quality Phred score cutoff: 20
Quality encoding type selected: ASCII+33
Adapter sequence: 'AGATCGGAAGAGC' (Illumina TruSeq, Sanger iPCR; user defined)
Maximum trimming error rate: 0.1 (default)
Minimum required adapter overlap (stringency): 1 bp
Minimum required sequence length for both reads before a sequence pair gets removed: 20 bp
Running FastQC on the data once trimming has completed
Running FastQC with the following extra arguments: --outdir /vortexfs1/scratch/yaamini.venkataraman/wc-green-crab/output/06b-trimgalore     --threads 28
Output file will be GZIP compressed


This is cutadapt 3.5 with Python 3.9.5
Command line parameters: -j 8 -e 0.1 -q 20 -O 1 -a AGATCGGAAGAGC /vortexfs1/omics/tepolt/raw_reads/C_maenas/Cm_yrv_2023/5-014_R2_001.fastq.gz
Processing reads on 8 cores in single-end mode ...
Finished in 108.28 s (2 µs/read; 27.24 M reads/minute).

=== Summary ===

Total reads processed:              49,165,263
Reads with adapters:                27,805,257 (56.6%)
Reads written (passing filters):    49,165,263 (100.0%)

Total basepairs processed: 7,374,789,450 bp
Quality-trimmed:              22,125,744 bp (0.3%)
Total written (filtered):  6,849,945,385 bp (92.9%)

=== Adapter 1 ===

Sequence: AGATCGGAAGAGC; Type: regular 3'; Length: 13; Trimmed: 27805257 times

Minimum overlap: 1
No. of allowed errors:
1-9 bp: 0; 10-13 bp: 1

Bases preceding removed adapters:
  A: 22.1%
  C: 31.3%
  G: 27.2%
  T: 19.3%
  none/other: 0.1%

Overview of removed sequences
length	count	expect	max.err	error counts
1	8990395	12291315.8	0	8990395
2	2386321	3072828.9	0	2386321
3	914494	768207.2	0	914494
4	446186	192051.8	0	446186
5	332352	48013.0	0	332352
6	301107	12003.2	0	301107
7	303476	3000.8	0	303476
8	290661	750.2	0	290661
9	285213	187.6	0	284215 998
10	291462	46.9	1	286094 5368
11	288051	11.7	1	282593 5458
12	300946	2.9	1	294137 6809
13	294172	0.7	1	288205 5967
14	304484	0.7	1	297138 7346
15	334326	0.7	1	326282 8044
16	300766	0.7	1	293715 7051
17	311535	0.7	1	303212 8323
18	311729	0.7	1	303039 8690
19	336542	0.7	1	326238 10304
20	313322	0.7	1	305161 8161
21	275974	0.7	1	269002 6972
22	290225	0.7	1	282846 7379
23	301744	0.7	1	293933 7811
24	325642	0.7	1	315955 9687
25	292788	0.7	1	285349 7439
26	300318	0.7	1	292371 7947
27	330881	0.7	1	321912 8969
28	276670	0.7	1	269653 7017
29	271145	0.7	1	264608 6537
30	271228	0.7	1	265019 6209
31	258801	0.7	1	253477 5324
32	269656	0.7	1	263715 5941
33	291905	0.7	1	285160 6745
34	258887	0.7	1	253320 5567
35	276282	0.7	1	269669 6613
36	295603	0.7	1	289061 6542
37	246565	0.7	1	240996 5569
38	253872	0.7	1	248757 5115
39	286917	0.7	1	280914 6003
40	219343	0.7	1	214739 4604
41	242418	0.7	1	237509 4909
42	206944	0.7	1	202883 4061
43	224173	0.7	1	219239 4934
44	206287	0.7	1	202055 4232
45	244321	0.7	1	238394 5927
46	201664	0.7	1	197138 4526
47	186816	0.7	1	182813 4003
48	212228	0.7	1	207771 4457
49	173605	0.7	1	169994 3611
50	161877	0.7	1	158495 3382
51	156387	0.7	1	152612 3775
52	159508	0.7	1	155766 3742
53	135372	0.7	1	132742 2630
54	142344	0.7	1	139300 3044
55	140169	0.7	1	137039 3130
56	121627	0.7	1	119133 2494
57	133223	0.7	1	130243 2980
58	143413	0.7	1	140478 2935
59	93036	0.7	1	91014 2022
60	107369	0.7	1	105399 1970
61	91301	0.7	1	89625 1676
62	87994	0.7	1	86332 1662
63	73177	0.7	1	71799 1378
64	83754	0.7	1	82242 1512
65	62839	0.7	1	61639 1200
66	64781	0.7	1	63435 1346
67	64525	0.7	1	63278 1247
68	55039	0.7	1	53995 1044
69	45134	0.7	1	44270 864
70	58023	0.7	1	56992 1031
71	27758	0.7	1	27128 630
72	34874	0.7	1	34233 641
73	34759	0.7	1	34072 687
74	35008	0.7	1	34305 703
75	36227	0.7	1	35674 553
76	10794	0.7	1	10471 323
77	22667	0.7	1	22286 381
78	22213	0.7	1	21731 482
79	20439	0.7	1	20030 409
80	18161	0.7	1	17776 385
81	16533	0.7	1	16176 357
82	14723	0.7	1	14395 328
83	13164	0.7	1	12859 305
84	12083	0.7	1	11746 337
85	11104	0.7	1	10850 254
86	11110	0.7	1	10857 253
87	10201	0.7	1	9992 209
88	9583	0.7	1	9382 201
89	8729	0.7	1	8556 173
90	7850	0.7	1	7675 175
91	7103	0.7	1	6931 172
92	6465	0.7	1	6316 149
93	5686	0.7	1	5531 155
94	4873	0.7	1	4757 116
95	4454	0.7	1	4334 120
96	4388	0.7	1	4289 99
97	4172	0.7	1	4050 122
98	3993	0.7	1	3881 112
99	3791	0.7	1	3699 92
100	3313	0.7	1	3221 92
101	2868	0.7	1	2800 68
102	2571	0.7	1	2498 73
103	2341	0.7	1	2266 75
104	2033	0.7	1	1983 50
105	2018	0.7	1	1950 68
106	1882	0.7	1	1820 62
107	1890	0.7	1	1833 57
108	1681	0.7	1	1616 65
109	1535	0.7	1	1494 41
110	1483	0.7	1	1436 47
111	1198	0.7	1	1156 42
112	984	0.7	1	957 27
113	889	0.7	1	846 43
114	888	0.7	1	849 39
115	671	0.7	1	642 29
116	685	0.7	1	643 42
117	613	0.7	1	574 39
118	598	0.7	1	573 25
119	562	0.7	1	530 32
120	591	0.7	1	521 70
121	597	0.7	1	553 44
122	363	0.7	1	341 22
123	288	0.7	1	273 15
124	221	0.7	1	202 19
125	175	0.7	1	155 20
126	165	0.7	1	150 15
127	183	0.7	1	166 17
128	199	0.7	1	168 31
129	172	0.7	1	146 26
130	444	0.7	1	360 84
131	13931	0.7	1	13023 908
132	221	0.7	1	200 21
133	156	0.7	1	134 22
134	480	0.7	1	462 18
135	182	0.7	1	172 10
136	182	0.7	1	170 12
137	222	0.7	1	217 5
138	516	0.7	1	504 12
139	251	0.7	1	246 5
140	312	0.7	1	303 9
141	621	0.7	1	609 12
142	287	0.7	1	282 5
143	503	0.7	1	491 12
144	536	0.7	1	524 12
145	501	0.7	1	475 26
146	711	0.7	1	690 21
147	736	0.7	1	698 38
148	842	0.7	1	821 21
149	435	0.7	1	354 81
150	15292	0.7	1	11825 3467

RUN STATISTICS FOR INPUT FILE: /vortexfs1/omics/tepolt/raw_reads/C_maenas/Cm_yrv_2023/5-014_R2_001.fastq.gz
=============================================
49165263 sequences processed in total

Total number of sequences analysed for the sequence pair length validation: 49165263

Number of sequence pairs removed because at least one read was shorter than the length cutoff (20 bp): 940551 (1.91%)
