
SUMMARISING RUN PARAMETERS
==========================
Input filename: /vortexfs1/omics/tepolt/raw_reads/C_maenas/Cm_yrv_2023/5-010_R1_001.fastq.gz
Trimming mode: paired-end
Trim Galore version: 0.6.6
Cutadapt version: 3.5
Python version: could not detect
Number of cores used for trimming: 8
Quality Phred score cutoff: 20
Quality encoding type selected: ASCII+33
Adapter sequence: 'AGATCGGAAGAGC' (Illumina TruSeq, Sanger iPCR; user defined)
Maximum trimming error rate: 0.1 (default)
Minimum required adapter overlap (stringency): 1 bp
Minimum required sequence length for both reads before a sequence pair gets removed: 20 bp
Running FastQC on the data once trimming has completed
Running FastQC with the following extra arguments: --outdir /vortexfs1/scratch/yaamini.venkataraman/wc-green-crab/output/06b-trimgalore     --threads 28
Output file will be GZIP compressed


This is cutadapt 3.5 with Python 3.9.5
Command line parameters: -j 8 -e 0.1 -q 20 -O 1 -a AGATCGGAAGAGC /vortexfs1/omics/tepolt/raw_reads/C_maenas/Cm_yrv_2023/5-010_R1_001.fastq.gz
Processing reads on 8 cores in single-end mode ...
Finished in 85.55 s (2 µs/read; 24.19 M reads/minute).

=== Summary ===

Total reads processed:              34,495,215
Reads with adapters:                16,749,440 (48.6%)
Reads written (passing filters):    34,495,215 (100.0%)

Total basepairs processed: 5,174,282,250 bp
Quality-trimmed:               9,402,651 bp (0.2%)
Total written (filtered):  4,863,905,963 bp (94.0%)

=== Adapter 1 ===

Sequence: AGATCGGAAGAGC; Type: regular 3'; Length: 13; Trimmed: 16749440 times

Minimum overlap: 1
No. of allowed errors:
1-9 bp: 0; 10-13 bp: 1

Bases preceding removed adapters:
  A: 21.2%
  C: 28.8%
  G: 22.0%
  T: 23.3%
  none/other: 4.8%

Overview of removed sequences
length	count	expect	max.err	error counts
1	6966221	8623803.8	0	6966221
2	1841471	2155950.9	0	1841471
3	723463	538987.7	0	723463
4	281143	134746.9	0	281143
5	203403	33686.7	0	203403
6	180911	8421.7	0	180911
7	176541	2105.4	0	176541
8	166084	526.4	0	166084
9	164098	131.6	0	162890 1208
10	165446	32.9	1	161918 3528
11	162355	8.2	1	159046 3309
12	160230	2.1	1	156964 3266
13	161088	0.5	1	157302 3786
14	157750	0.5	1	154297 3453
15	163637	0.5	1	159606 4031
16	154781	0.5	1	151096 3685
17	152579	0.5	1	148728 3851
18	146856	0.5	1	143812 3044
19	144461	0.5	1	141044 3417
20	141884	0.5	1	138652 3232
21	136522	0.5	1	133114 3408
22	134212	0.5	1	131206 3006
23	134891	0.5	1	131663 3228
24	130212	0.5	1	127277 2935
25	130659	0.5	1	127455 3204
26	124324	0.5	1	121557 2767
27	121697	0.5	1	118732 2965
28	118651	0.5	1	115582 3069
29	112828	0.5	1	110237 2591
30	107494	0.5	1	105163 2331
31	106818	0.5	1	104247 2571
32	110659	0.5	1	107236 3423
33	181760	0.5	1	179135 2625
34	14079	0.5	1	12554 1525
35	96705	0.5	1	94610 2095
36	94215	0.5	1	91808 2407
37	92230	0.5	1	90015 2215
38	86115	0.5	1	84093 2022
39	83877	0.5	1	81819 2058
40	81941	0.5	1	79728 2213
41	80108	0.5	1	77986 2122
42	73595	0.5	1	71601 1994
43	74549	0.5	1	72076 2473
44	100928	0.5	1	98003 2925
45	65658	0.5	1	63673 1985
46	91583	0.5	1	90025 1558
47	27223	0.5	1	25077 2146
48	183077	0.5	1	180058 3019
49	127556	0.5	1	125766 1790
50	31687	0.5	1	30805 882
51	25700	0.5	1	24900 800
52	56735	0.5	1	56140 595
53	14618	0.5	1	13924 694
54	55491	0.5	1	55066 425
55	8213	0.5	1	7826 387
56	18693	0.5	1	18376 317
57	12412	0.5	1	12080 332
58	17007	0.5	1	16438 569
59	48783	0.5	1	48266 517
60	11330	0.5	1	10915 415
61	19557	0.5	1	19270 287
62	2047	0.5	1	1884 163
63	3749	0.5	1	3574 175
64	11489	0.5	1	11114 375
65	30410	0.5	1	30119 291
66	2371	0.5	1	2212 159
67	1352	0.5	1	1249 103
68	7970	0.5	1	7802 168
69	9187	0.5	1	9013 174
70	9331	0.5	1	9164 167
71	7264	0.5	1	7158 106
72	3297	0.5	1	3227 70
73	2501	0.5	1	2395 106
74	5719	0.5	1	5603 116
75	6253	0.5	1	6117 136
76	6089	0.5	1	5966 123
77	5601	0.5	1	5478 123
78	5221	0.5	1	5114 107
79	4874	0.5	1	4774 100
80	4311	0.5	1	4127 184
81	3813	0.5	1	3655 158
82	3500	0.5	1	3370 130
83	3138	0.5	1	3041 97
84	2771	0.5	1	2681 90
85	2835	0.5	1	2747 88
86	2549	0.5	1	2470 79
87	2384	0.5	1	2308 76
88	2134	0.5	1	2063 71
89	1952	0.5	1	1884 68
90	1783	0.5	1	1728 55
91	1585	0.5	1	1526 59
92	1473	0.5	1	1412 61
93	1354	0.5	1	1310 44
94	1261	0.5	1	1217 44
95	1086	0.5	1	1047 39
96	992	0.5	1	945 47
97	1008	0.5	1	972 36
98	899	0.5	1	851 48
99	851	0.5	1	815 36
100	820	0.5	1	779 41
101	648	0.5	1	611 37
102	642	0.5	1	606 36
103	607	0.5	1	578 29
104	544	0.5	1	518 26
105	486	0.5	1	461 25
106	518	0.5	1	483 35
107	462	0.5	1	431 31
108	397	0.5	1	366 31
109	416	0.5	1	389 27
110	387	0.5	1	355 32
111	335	0.5	1	310 25
112	323	0.5	1	299 24
113	300	0.5	1	280 20
114	278	0.5	1	259 19
115	243	0.5	1	217 26
116	240	0.5	1	215 25
117	220	0.5	1	185 35
118	247	0.5	1	204 43
119	219	0.5	1	194 25
120	198	0.5	1	169 29
121	233	0.5	1	199 34
122	181	0.5	1	153 28
123	214	0.5	1	168 46
124	135	0.5	1	105 30
125	133	0.5	1	85 48
126	123	0.5	1	86 37
127	152	0.5	1	101 51
128	171	0.5	1	93 78
129	181	0.5	1	116 65
130	382	0.5	1	278 104
131	602	0.5	1	523 79
132	255	0.5	1	156 99
133	223	0.5	1	139 84
134	591	0.5	1	488 103
135	307	0.5	1	198 109
136	244	0.5	1	142 102
137	321	0.5	1	217 104
138	435	0.5	1	303 132
139	323	0.5	1	216 107
140	385	0.5	1	256 129
141	636	0.5	1	489 147
142	417	0.5	1	262 155
143	528	0.5	1	340 188
144	594	0.5	1	397 197
145	615	0.5	1	352 263
146	817	0.5	1	513 304
147	1018	0.5	1	392 626
148	1238	0.5	1	420 818
149	15479	0.5	1	433 15046
150	788779	0.5	1	17629 771150

RUN STATISTICS FOR INPUT FILE: /vortexfs1/omics/tepolt/raw_reads/C_maenas/Cm_yrv_2023/5-010_R1_001.fastq.gz
=============================================
34495215 sequences processed in total

