
SUMMARISING RUN PARAMETERS
==========================
Input filename: /vortexfs1/omics/tepolt/raw_reads/C_maenas/Cm_yrv_2023/5-015_R1_001.fastq.gz
Trimming mode: paired-end
Trim Galore version: 0.6.6
Cutadapt version: 3.5
Python version: could not detect
Number of cores used for trimming: 8
Quality Phred score cutoff: 20
Quality encoding type selected: ASCII+33
Adapter sequence: 'AGATCGGAAGAGC' (Illumina TruSeq, Sanger iPCR; user defined)
Maximum trimming error rate: 0.1 (default)
Minimum required adapter overlap (stringency): 1 bp
Minimum required sequence length for both reads before a sequence pair gets removed: 20 bp
Running FastQC on the data once trimming has completed
Running FastQC with the following extra arguments: --outdir /vortexfs1/scratch/yaamini.venkataraman/wc-green-crab/output/06b-trimgalore     --threads 28
Output file will be GZIP compressed


This is cutadapt 3.5 with Python 3.9.5
Command line parameters: -j 8 -e 0.1 -q 20 -O 1 -a AGATCGGAAGAGC /vortexfs1/omics/tepolt/raw_reads/C_maenas/Cm_yrv_2023/5-015_R1_001.fastq.gz
Processing reads on 8 cores in single-end mode ...
Finished in 73.13 s (2 µs/read; 27.98 M reads/minute).

=== Summary ===

Total reads processed:              34,105,726
Reads with adapters:                15,883,381 (46.6%)
Reads written (passing filters):    34,105,726 (100.0%)

Total basepairs processed: 5,115,858,900 bp
Quality-trimmed:               7,578,196 bp (0.1%)
Total written (filtered):  4,875,331,824 bp (95.3%)

=== Adapter 1 ===

Sequence: AGATCGGAAGAGC; Type: regular 3'; Length: 13; Trimmed: 15883381 times

Minimum overlap: 1
No. of allowed errors:
1-9 bp: 0; 10-13 bp: 1

Bases preceding removed adapters:
  A: 25.0%
  C: 24.5%
  G: 20.8%
  T: 25.9%
  none/other: 3.8%

Overview of removed sequences
length	count	expect	max.err	error counts
1	7641827	8526431.5	0	7641827
2	1915727	2131607.9	0	1915727
3	806156	532902.0	0	806156
4	259576	133225.5	0	259576
5	165319	33306.4	0	165319
6	137054	8326.6	0	137054
7	133194	2081.6	0	133194
8	126402	520.4	0	126402
9	122426	130.1	0	121643 783
10	121631	32.5	1	119154 2477
11	118832	8.1	1	116523 2309
12	118695	2.0	1	116282 2413
13	119127	0.5	1	116493 2634
14	118273	0.5	1	115673 2600
15	129256	0.5	1	126348 2908
16	116746	0.5	1	114095 2651
17	114753	0.5	1	112038 2715
18	111721	0.5	1	109440 2281
19	111983	0.5	1	109478 2505
20	109481	0.5	1	107103 2378
21	102708	0.5	1	100355 2353
22	100860	0.5	1	98808 2052
23	103749	0.5	1	101450 2299
24	98654	0.5	1	96439 2215
25	101248	0.5	1	98988 2260
26	94137	0.5	1	92087 2050
27	90925	0.5	1	88768 2157
28	87639	0.5	1	85470 2169
29	82314	0.5	1	80485 1829
30	78432	0.5	1	76823 1609
31	78779	0.5	1	76918 1861
32	82020	0.5	1	79626 2394
33	136875	0.5	1	134949 1926
34	10433	0.5	1	9330 1103
35	72545	0.5	1	71064 1481
36	70994	0.5	1	69366 1628
37	70071	0.5	1	68475 1596
38	67788	0.5	1	66236 1552
39	63877	0.5	1	62426 1451
40	63214	0.5	1	61695 1519
41	60474	0.5	1	58882 1592
42	56086	0.5	1	54612 1474
43	56749	0.5	1	54896 1853
44	76650	0.5	1	74520 2130
45	50057	0.5	1	48524 1533
46	67466	0.5	1	66384 1082
47	21849	0.5	1	20206 1643
48	134502	0.5	1	132332 2170
49	105031	0.5	1	103672 1359
50	24199	0.5	1	23477 722
51	19746	0.5	1	19131 615
52	44591	0.5	1	44131 460
53	10064	0.5	1	9576 488
54	38898	0.5	1	38589 309
55	6390	0.5	1	6087 303
56	13818	0.5	1	13628 190
57	9181	0.5	1	8940 241
58	12886	0.5	1	12435 451
59	36926	0.5	1	36557 369
60	8574	0.5	1	8257 317
61	14960	0.5	1	14757 203
62	1571	0.5	1	1479 92
63	2934	0.5	1	2806 128
64	9291	0.5	1	8988 303
65	23443	0.5	1	23234 209
66	1797	0.5	1	1697 100
67	1123	0.5	1	1013 110
68	6066	0.5	1	5961 105
69	7177	0.5	1	7044 133
70	7010	0.5	1	6876 134
71	5476	0.5	1	5380 96
72	2526	0.5	1	2466 60
73	1864	0.5	1	1806 58
74	4440	0.5	1	4334 106
75	4799	0.5	1	4697 102
76	4805	0.5	1	4699 106
77	4470	0.5	1	4367 103
78	4213	0.5	1	4111 102
79	3704	0.5	1	3617 87
80	3405	0.5	1	3307 98
81	3150	0.5	1	3051 99
82	2783	0.5	1	2704 79
83	2649	0.5	1	2573 76
84	2346	0.5	1	2274 72
85	2272	0.5	1	2202 70
86	2190	0.5	1	2127 63
87	2027	0.5	1	1984 43
88	1861	0.5	1	1817 44
89	1660	0.5	1	1609 51
90	1576	0.5	1	1521 55
91	1439	0.5	1	1402 37
92	1374	0.5	1	1326 48
93	1145	0.5	1	1108 37
94	1007	0.5	1	975 32
95	937	0.5	1	915 22
96	897	0.5	1	864 33
97	818	0.5	1	788 30
98	850	0.5	1	827 23
99	797	0.5	1	770 27
100	717	0.5	1	675 42
101	611	0.5	1	592 19
102	596	0.5	1	568 28
103	605	0.5	1	583 22
104	506	0.5	1	486 20
105	462	0.5	1	447 15
106	451	0.5	1	424 27
107	477	0.5	1	455 22
108	420	0.5	1	402 18
109	397	0.5	1	379 18
110	378	0.5	1	364 14
111	374	0.5	1	348 26
112	319	0.5	1	290 29
113	306	0.5	1	275 31
114	307	0.5	1	286 21
115	268	0.5	1	245 23
116	278	0.5	1	257 21
117	207	0.5	1	189 18
118	232	0.5	1	211 21
119	177	0.5	1	160 17
120	203	0.5	1	182 21
121	217	0.5	1	192 25
122	176	0.5	1	157 19
123	161	0.5	1	138 23
124	121	0.5	1	98 23
125	134	0.5	1	97 37
126	141	0.5	1	108 33
127	158	0.5	1	110 48
128	184	0.5	1	125 59
129	174	0.5	1	117 57
130	341	0.5	1	260 81
131	2303	0.5	1	2206 97
132	238	0.5	1	154 84
133	206	0.5	1	140 66
134	483	0.5	1	409 74
135	229	0.5	1	161 68
136	224	0.5	1	155 69
137	285	0.5	1	214 71
138	385	0.5	1	308 77
139	282	0.5	1	194 88
140	380	0.5	1	278 102
141	621	0.5	1	524 97
142	414	0.5	1	274 140
143	544	0.5	1	411 133
144	699	0.5	1	564 135
145	783	0.5	1	586 197
146	967	0.5	1	710 257
147	1038	0.5	1	598 440
148	1115	0.5	1	484 631
149	12856	0.5	1	472 12384
150	592801	0.5	1	29171 563630

RUN STATISTICS FOR INPUT FILE: /vortexfs1/omics/tepolt/raw_reads/C_maenas/Cm_yrv_2023/5-015_R1_001.fastq.gz
=============================================
34105726 sequences processed in total

