
SUMMARISING RUN PARAMETERS
==========================
Input filename: /vortexfs1/omics/tepolt/raw_reads/C_maenas/Cm_yrv_2023/5-012_R2_001.fastq.gz
Trimming mode: paired-end
Trim Galore version: 0.6.6
Cutadapt version: 3.5
Python version: could not detect
Number of cores used for trimming: 8
Quality Phred score cutoff: 20
Quality encoding type selected: ASCII+33
Adapter sequence: 'AGATCGGAAGAGC' (Illumina TruSeq, Sanger iPCR; user defined)
Maximum trimming error rate: 0.1 (default)
Minimum required adapter overlap (stringency): 1 bp
Minimum required sequence length for both reads before a sequence pair gets removed: 20 bp
Running FastQC on the data once trimming has completed
Running FastQC with the following extra arguments: --outdir /vortexfs1/scratch/yaamini.venkataraman/wc-green-crab/output/06b-trimgalore     --threads 28
Output file will be GZIP compressed


This is cutadapt 3.5 with Python 3.9.5
Command line parameters: -j 8 -e 0.1 -q 20 -O 1 -a AGATCGGAAGAGC /vortexfs1/omics/tepolt/raw_reads/C_maenas/Cm_yrv_2023/5-012_R2_001.fastq.gz
Processing reads on 8 cores in single-end mode ...
Finished in 96.13 s (2 µs/read; 26.92 M reads/minute).

=== Summary ===

Total reads processed:              43,132,548
Reads with adapters:                18,169,907 (42.1%)
Reads written (passing filters):    43,132,548 (100.0%)

Total basepairs processed: 6,469,882,200 bp
Quality-trimmed:              17,301,725 bp (0.3%)
Total written (filtered):  6,343,676,822 bp (98.0%)

=== Adapter 1 ===

Sequence: AGATCGGAAGAGC; Type: regular 3'; Length: 13; Trimmed: 18169907 times

Minimum overlap: 1
No. of allowed errors:
1-9 bp: 0; 10-13 bp: 1

Bases preceding removed adapters:
  A: 32.0%
  C: 22.2%
  G: 21.6%
  T: 24.1%
  none/other: 0.1%

Overview of removed sequences
length	count	expect	max.err	error counts
1	11430316	10783137.0	0	11430316
2	2543662	2695784.2	0	2543662
3	783191	673946.1	0	783191
4	263279	168486.5	0	263279
5	129220	42121.6	0	129220
6	98837	10530.4	0	98837
7	96314	2632.6	0	96314
8	88178	658.2	0	88178
9	83294	164.5	0	82724 570
10	81232	41.1	1	79340 1892
11	78874	10.3	1	77064 1810
12	80921	2.6	1	78955 1966
13	77909	0.6	1	76292 1617
14	78514	0.6	1	76627 1887
15	90313	0.6	1	88155 2158
16	76115	0.6	1	74370 1745
17	77339	0.6	1	75303 2036
18	75939	0.6	1	73848 2091
19	79953	0.6	1	77599 2354
20	76523	0.6	1	74578 1945
21	61529	0.6	1	59966 1563
22	61931	0.6	1	60361 1570
23	70688	0.6	1	68924 1764
24	69558	0.6	1	67617 1941
25	65847	0.6	1	64203 1644
26	62986	0.6	1	61317 1669
27	66180	0.6	1	64362 1818
28	53133	0.6	1	51757 1376
29	55129	0.6	1	53819 1310
30	49329	0.6	1	48216 1113
31	49518	0.6	1	48459 1059
32	48280	0.6	1	47234 1046
33	57874	0.6	1	56438 1436
34	46036	0.6	1	45001 1035
35	46573	0.6	1	45596 977
36	41539	0.6	1	40723 816
37	44792	0.6	1	43863 929
38	44378	0.6	1	43413 965
39	42867	0.6	1	41884 983
40	40986	0.6	1	40042 944
41	35229	0.6	1	34492 737
42	35200	0.6	1	34431 769
43	36106	0.6	1	35275 831
44	32248	0.6	1	31597 651
45	37498	0.6	1	36616 882
46	28830	0.6	1	28121 709
47	28382	0.6	1	27752 630
48	32232	0.6	1	31556 676
49	26974	0.6	1	26399 575
50	23980	0.6	1	23427 553
51	23012	0.6	1	22449 563
52	23896	0.6	1	23335 561
53	19959	0.6	1	19544 415
54	19905	0.6	1	19420 485
55	19850	0.6	1	19385 465
56	17946	0.6	1	17542 404
57	18491	0.6	1	18030 461
58	18447	0.6	1	18016 431
59	15679	0.6	1	15338 341
60	13853	0.6	1	13582 271
61	12517	0.6	1	12269 248
62	13604	0.6	1	13326 278
63	10163	0.6	1	9914 249
64	11977	0.6	1	11708 269
65	8538	0.6	1	8371 167
66	8906	0.6	1	8711 195
67	8983	0.6	1	8801 182
68	7753	0.6	1	7588 165
69	6428	0.6	1	6283 145
70	7905	0.6	1	7738 167
71	4034	0.6	1	3909 125
72	4843	0.6	1	4715 128
73	4845	0.6	1	4733 112
74	4654	0.6	1	4536 118
75	4997	0.6	1	4892 105
76	1555	0.6	1	1488 67
77	3063	0.6	1	2986 77
78	3076	0.6	1	2978 98
79	2847	0.6	1	2769 78
80	2628	0.6	1	2549 79
81	2426	0.6	1	2316 110
82	2450	0.6	1	2244 206
83	2029	0.6	1	1890 139
84	1787	0.6	1	1709 78
85	1642	0.6	1	1546 96
86	1505	0.6	1	1441 64
87	1600	0.6	1	1526 74
88	1330	0.6	1	1269 61
89	1317	0.6	1	1258 59
90	1248	0.6	1	1197 51
91	1221	0.6	1	1152 69
92	1062	0.6	1	1021 41
93	967	0.6	1	916 51
94	860	0.6	1	814 46
95	712	0.6	1	670 42
96	683	0.6	1	646 37
97	676	0.6	1	638 38
98	671	0.6	1	619 52
99	867	0.6	1	793 74
100	622	0.6	1	576 46
101	574	0.6	1	528 46
102	486	0.6	1	456 30
103	489	0.6	1	451 38
104	417	0.6	1	379 38
105	404	0.6	1	373 31
106	355	0.6	1	324 31
107	945	0.6	1	907 38
108	401	0.6	1	361 40
109	325	0.6	1	300 25
110	328	0.6	1	296 32
111	335	0.6	1	291 44
112	281	0.6	1	251 30
113	254	0.6	1	229 25
114	263	0.6	1	232 31
115	254	0.6	1	219 35
116	237	0.6	1	197 40
117	207	0.6	1	182 25
118	264	0.6	1	229 35
119	232	0.6	1	195 37
120	251	0.6	1	194 57
121	430	0.6	1	286 144
122	202	0.6	1	176 26
123	146	0.6	1	131 15
124	126	0.6	1	107 19
125	95	0.6	1	77 18
126	100	0.6	1	78 22
127	90	0.6	1	74 16
128	109	0.6	1	93 16
129	136	0.6	1	114 22
130	737	0.6	1	673 64
131	11929	0.6	1	11023 906
132	173	0.6	1	155 18
133	104	0.6	1	88 16
134	154	0.6	1	149 5
135	112	0.6	1	100 12
136	124	0.6	1	105 19
137	131	0.6	1	123 8
138	212	0.6	1	199 13
139	150	0.6	1	147 3
140	131	0.6	1	128 3
141	306	0.6	1	301 5
142	168	0.6	1	159 9
143	252	0.6	1	245 7
144	280	0.6	1	272 8
145	310	0.6	1	297 13
146	436	0.6	1	422 14
147	382	0.6	1	355 27
148	265	0.6	1	253 12
149	215	0.6	1	154 61
150	8816	0.6	1	7382 1434

RUN STATISTICS FOR INPUT FILE: /vortexfs1/omics/tepolt/raw_reads/C_maenas/Cm_yrv_2023/5-012_R2_001.fastq.gz
=============================================
43132548 sequences processed in total

Total number of sequences analysed for the sequence pair length validation: 43132548

Number of sequence pairs removed because at least one read was shorter than the length cutoff (20 bp): 503904 (1.17%)
