
SUMMARISING RUN PARAMETERS
==========================
Input filename: /vortexfs1/omics/tepolt/raw_reads/C_maenas/Cm_yrv_2023/5-012_R1_001.fastq.gz
Trimming mode: paired-end
Trim Galore version: 0.6.6
Cutadapt version: 3.5
Python version: could not detect
Number of cores used for trimming: 8
Quality Phred score cutoff: 20
Quality encoding type selected: ASCII+33
Adapter sequence: 'AGATCGGAAGAGC' (Illumina TruSeq, Sanger iPCR; user defined)
Maximum trimming error rate: 0.1 (default)
Minimum required adapter overlap (stringency): 1 bp
Minimum required sequence length for both reads before a sequence pair gets removed: 20 bp
Running FastQC on the data once trimming has completed
Running FastQC with the following extra arguments: --outdir /vortexfs1/scratch/yaamini.venkataraman/wc-green-crab/output/06b-trimgalore     --threads 28
Output file will be GZIP compressed


This is cutadapt 3.5 with Python 3.9.5
Command line parameters: -j 8 -e 0.1 -q 20 -O 1 -a AGATCGGAAGAGC /vortexfs1/omics/tepolt/raw_reads/C_maenas/Cm_yrv_2023/5-012_R1_001.fastq.gz
Processing reads on 8 cores in single-end mode ...
Finished in 86.01 s (2 µs/read; 30.09 M reads/minute).

=== Summary ===

Total reads processed:              43,132,548
Reads with adapters:                18,074,163 (41.9%)
Reads written (passing filters):    43,132,548 (100.0%)

Total basepairs processed: 6,469,882,200 bp
Quality-trimmed:               8,201,792 bp (0.1%)
Total written (filtered):  6,282,851,430 bp (97.1%)

=== Adapter 1 ===

Sequence: AGATCGGAAGAGC; Type: regular 3'; Length: 13; Trimmed: 18074163 times

Minimum overlap: 1
No. of allowed errors:
1-9 bp: 0; 10-13 bp: 1

Bases preceding removed adapters:
  A: 27.2%
  C: 23.6%
  G: 18.2%
  T: 28.3%
  none/other: 2.6%

Overview of removed sequences
length	count	expect	max.err	error counts
1	10828401	10783137.0	0	10828401
2	2353343	2695784.2	0	2353343
3	1019171	673946.1	0	1019171
4	246309	168486.5	0	246309
5	128278	42121.6	0	128278
6	98435	10530.4	0	98435
7	95655	2632.6	0	95655
8	88318	658.2	0	88318
9	84112	164.5	0	83326 786
10	81177	41.1	1	79029 2148
11	78948	10.3	1	77386 1562
12	79706	2.6	1	77872 1834
13	78993	0.6	1	77224 1769
14	78095	0.6	1	76416 1679
15	88622	0.6	1	86630 1992
16	79024	0.6	1	77305 1719
17	77222	0.6	1	75407 1815
18	75352	0.6	1	73884 1468
19	75874	0.6	1	74278 1596
20	72036	0.6	1	70545 1491
21	67607	0.6	1	66183 1424
22	64617	0.6	1	63173 1444
23	70902	0.6	1	69295 1607
24	65464	0.6	1	64041 1423
25	69114	0.6	1	67589 1525
26	63052	0.6	1	61646 1406
27	59808	0.6	1	58377 1431
28	58066	0.6	1	56701 1365
29	54378	0.6	1	53201 1177
30	50645	0.6	1	49635 1010
31	50391	0.6	1	49198 1193
32	49461	0.6	1	48334 1127
33	48661	0.6	1	47518 1143
34	47566	0.6	1	46398 1168
35	47578	0.6	1	46555 1023
36	46532	0.6	1	45410 1122
37	45468	0.6	1	44396 1072
38	44480	0.6	1	43432 1048
39	42114	0.6	1	41065 1049
40	40869	0.6	1	39866 1003
41	38658	0.6	1	37691 967
42	36049	0.6	1	35052 997
43	35960	0.6	1	34772 1188
44	48796	0.6	1	47357 1439
45	30856	0.6	1	29895 961
46	45951	0.6	1	45272 679
47	9776	0.6	1	8948 828
48	62178	0.6	1	60977 1201
49	36473	0.6	1	35788 685
50	14798	0.6	1	14321 477
51	21194	0.6	1	20675 519
52	28691	0.6	1	28271 420
53	12479	0.6	1	12146 333
54	26240	0.6	1	25940 300
55	11000	0.6	1	10685 315
56	17202	0.6	1	16914 288
57	13336	0.6	1	13079 257
58	13088	0.6	1	12752 336
59	26742	0.6	1	26390 352
60	11878	0.6	1	11561 317
61	18685	0.6	1	18463 222
62	3809	0.6	1	3650 159
63	4961	0.6	1	4853 108
64	8221	0.6	1	7965 256
65	21390	0.6	1	21192 198
66	2232	0.6	1	2120 112
67	1522	0.6	1	1424 98
68	6175	0.6	1	6048 127
69	6130	0.6	1	6006 124
70	5964	0.6	1	5858 106
71	4510	0.6	1	4441 69
72	1701	0.6	1	1643 58
73	1759	0.6	1	1710 49
74	3381	0.6	1	3305 76
75	3627	0.6	1	3553 74
76	3418	0.6	1	3342 76
77	3210	0.6	1	3128 82
78	3029	0.6	1	2959 70
79	2832	0.6	1	2755 77
80	2672	0.6	1	2604 68
81	2429	0.6	1	2346 83
82	2776	0.6	1	2661 115
83	2112	0.6	1	2045 67
84	1750	0.6	1	1696 54
85	1829	0.6	1	1773 56
86	1609	0.6	1	1563 46
87	1573	0.6	1	1529 44
88	1336	0.6	1	1283 53
89	1289	0.6	1	1227 62
90	1260	0.6	1	1213 47
91	1187	0.6	1	1152 35
92	1073	0.6	1	1017 56
93	971	0.6	1	935 36
94	873	0.6	1	833 40
95	705	0.6	1	669 36
96	668	0.6	1	627 41
97	695	0.6	1	666 29
98	660	0.6	1	616 44
99	679	0.6	1	636 43
100	638	0.6	1	603 35
101	559	0.6	1	529 30
102	497	0.6	1	471 26
103	487	0.6	1	462 25
104	407	0.6	1	386 21
105	410	0.6	1	381 29
106	347	0.6	1	323 24
107	929	0.6	1	896 33
108	434	0.6	1	395 39
109	317	0.6	1	293 24
110	328	0.6	1	307 21
111	366	0.6	1	302 64
112	303	0.6	1	268 35
113	259	0.6	1	223 36
114	278	0.6	1	248 30
115	265	0.6	1	228 37
116	237	0.6	1	213 24
117	223	0.6	1	198 25
118	274	0.6	1	258 16
119	232	0.6	1	212 20
120	246	0.6	1	223 23
121	496	0.6	1	466 30
122	221	0.6	1	190 31
123	154	0.6	1	129 25
124	135	0.6	1	108 27
125	101	0.6	1	78 23
126	109	0.6	1	78 31
127	97	0.6	1	68 29
128	139	0.6	1	90 49
129	161	0.6	1	126 35
130	737	0.6	1	659 78
131	12400	0.6	1	12188 212
132	227	0.6	1	164 63
133	144	0.6	1	88 56
134	202	0.6	1	153 49
135	146	0.6	1	96 50
136	163	0.6	1	107 56
137	197	0.6	1	125 72
138	272	0.6	1	200 72
139	221	0.6	1	147 74
140	199	0.6	1	137 62
141	364	0.6	1	292 72
142	256	0.6	1	162 94
143	328	0.6	1	243 85
144	381	0.6	1	270 111
145	448	0.6	1	294 154
146	603	0.6	1	426 177
147	677	0.6	1	356 321
148	688	0.6	1	261 427
149	7373	0.6	1	193 7180
150	468597	0.6	1	7279 461318

RUN STATISTICS FOR INPUT FILE: /vortexfs1/omics/tepolt/raw_reads/C_maenas/Cm_yrv_2023/5-012_R1_001.fastq.gz
=============================================
43132548 sequences processed in total

