
SUMMARISING RUN PARAMETERS
==========================
Input filename: /vortexfs1/omics/tepolt/raw_reads/C_maenas/Cm_yrv_2023/5-015_R2_001.fastq.gz
Trimming mode: paired-end
Trim Galore version: 0.6.6
Cutadapt version: 3.5
Python version: could not detect
Number of cores used for trimming: 8
Quality Phred score cutoff: 20
Quality encoding type selected: ASCII+33
Adapter sequence: 'AGATCGGAAGAGC' (Illumina TruSeq, Sanger iPCR; user defined)
Maximum trimming error rate: 0.1 (default)
Minimum required adapter overlap (stringency): 1 bp
Minimum required sequence length for both reads before a sequence pair gets removed: 20 bp
Running FastQC on the data once trimming has completed
Running FastQC with the following extra arguments: --outdir /vortexfs1/scratch/yaamini.venkataraman/wc-green-crab/output/06b-trimgalore     --threads 28
Output file will be GZIP compressed


This is cutadapt 3.5 with Python 3.9.5
Command line parameters: -j 8 -e 0.1 -q 20 -O 1 -a AGATCGGAAGAGC /vortexfs1/omics/tepolt/raw_reads/C_maenas/Cm_yrv_2023/5-015_R2_001.fastq.gz
Processing reads on 8 cores in single-end mode ...
Finished in 76.88 s (2 µs/read; 26.62 M reads/minute).

=== Summary ===

Total reads processed:              34,105,726
Reads with adapters:                15,489,049 (45.4%)
Reads written (passing filters):    34,105,726 (100.0%)

Total basepairs processed: 5,115,858,900 bp
Quality-trimmed:              11,168,389 bp (0.2%)
Total written (filtered):  4,956,989,043 bp (96.9%)

=== Adapter 1 ===

Sequence: AGATCGGAAGAGC; Type: regular 3'; Length: 13; Trimmed: 15489049 times

Minimum overlap: 1
No. of allowed errors:
1-9 bp: 0; 10-13 bp: 1

Bases preceding removed adapters:
  A: 27.0%
  C: 26.2%
  G: 24.5%
  T: 22.1%
  none/other: 0.2%

Overview of removed sequences
length	count	expect	max.err	error counts
1	7922018	8526431.5	0	7922018
2	1965565	2131607.9	0	1965565
3	667560	532902.0	0	667560
4	263737	133225.5	0	263737
5	165254	33306.4	0	165254
6	137140	8326.6	0	137140
7	133901	2081.6	0	133901
8	126799	520.4	0	126799
9	121820	130.1	0	121274 546
10	121984	32.5	1	119802 2182
11	118407	8.1	1	116103 2304
12	121249	2.0	1	118721 2528
13	116545	0.5	1	114357 2188
14	118816	0.5	1	116197 2619
15	131599	0.5	1	128672 2927
16	113349	0.5	1	110905 2444
17	114845	0.5	1	111875 2970
18	112577	0.5	1	109656 2921
19	122308	0.5	1	118896 3412
20	111418	0.5	1	108647 2771
21	94800	0.5	1	92478 2322
22	97877	0.5	1	95526 2351
23	103372	0.5	1	100837 2535
24	106578	0.5	1	103616 2962
25	95469	0.5	1	93032 2437
26	94098	0.5	1	91662 2436
27	99908	0.5	1	97391 2517
28	83370	0.5	1	81339 2031
29	79680	0.5	1	77833 1847
30	78173	0.5	1	76463 1710
31	75723	0.5	1	74247 1476
32	75857	0.5	1	74304 1553
33	80793	0.5	1	79011 1782
34	70806	0.5	1	69338 1468
35	75420	0.5	1	73672 1748
36	77362	0.5	1	75793 1569
37	64895	0.5	1	63432 1463
38	65546	0.5	1	64316 1230
39	71881	0.5	1	70494 1387
40	56202	0.5	1	55060 1142
41	61013	0.5	1	59772 1241
42	50944	0.5	1	49990 954
43	54719	0.5	1	53539 1180
44	49340	0.5	1	48399 941
45	57023	0.5	1	55700 1323
46	45437	0.5	1	44455 982
47	42252	0.5	1	41361 891
48	47930	0.5	1	46991 939
49	39539	0.5	1	38737 802
50	36027	0.5	1	35261 766
51	34149	0.5	1	33394 755
52	35526	0.5	1	34754 772
53	29302	0.5	1	28760 542
54	29785	0.5	1	29127 658
55	29485	0.5	1	28805 680
56	26044	0.5	1	25517 527
57	27797	0.5	1	27175 622
58	29010	0.5	1	28381 629
59	19334	0.5	1	18905 429
60	21498	0.5	1	21134 364
61	17880	0.5	1	17527 353
62	18066	0.5	1	17687 379
63	14945	0.5	1	14700 245
64	17227	0.5	1	16903 324
65	12804	0.5	1	12550 254
66	12975	0.5	1	12715 260
67	12888	0.5	1	12671 217
68	10437	0.5	1	10236 201
69	8607	0.5	1	8443 164
70	10777	0.5	1	10558 219
71	5393	0.5	1	5269 124
72	6588	0.5	1	6466 122
73	6532	0.5	1	6395 137
74	6574	0.5	1	6433 141
75	6778	0.5	1	6688 90
76	2124	0.5	1	2062 62
77	4207	0.5	1	4125 82
78	4153	0.5	1	4064 89
79	3738	0.5	1	3641 97
80	3450	0.5	1	3370 80
81	3153	0.5	1	3078 75
82	2808	0.5	1	2719 89
83	2678	0.5	1	2597 81
84	2322	0.5	1	2266 56
85	2163	0.5	1	2090 73
86	2084	0.5	1	2005 79
87	2059	0.5	1	1992 67
88	1860	0.5	1	1804 56
89	1700	0.5	1	1654 46
90	1612	0.5	1	1563 49
91	1476	0.5	1	1424 52
92	1367	0.5	1	1321 46
93	1153	0.5	1	1113 40
94	1013	0.5	1	972 41
95	935	0.5	1	915 20
96	870	0.5	1	843 27
97	829	0.5	1	789 40
98	865	0.5	1	837 28
99	782	0.5	1	748 34
100	716	0.5	1	680 36
101	612	0.5	1	590 22
102	585	0.5	1	556 29
103	588	0.5	1	562 26
104	501	0.5	1	481 20
105	467	0.5	1	445 22
106	458	0.5	1	429 29
107	474	0.5	1	455 19
108	425	0.5	1	400 25
109	397	0.5	1	376 21
110	382	0.5	1	360 22
111	370	0.5	1	345 25
112	326	0.5	1	302 24
113	293	0.5	1	268 25
114	315	0.5	1	297 18
115	270	0.5	1	252 18
116	269	0.5	1	245 24
117	199	0.5	1	177 22
118	226	0.5	1	211 15
119	158	0.5	1	144 14
120	210	0.5	1	191 19
121	203	0.5	1	183 20
122	165	0.5	1	150 15
123	158	0.5	1	142 16
124	97	0.5	1	93 4
125	110	0.5	1	98 12
126	123	0.5	1	111 12
127	114	0.5	1	102 12
128	128	0.5	1	120 8
129	114	0.5	1	104 10
130	294	0.5	1	274 20
131	2196	0.5	1	2024 172
132	183	0.5	1	153 30
133	148	0.5	1	137 11
134	408	0.5	1	399 9
135	164	0.5	1	155 9
136	157	0.5	1	151 6
137	224	0.5	1	209 15
138	314	0.5	1	309 5
139	212	0.5	1	201 11
140	279	0.5	1	272 7
141	539	0.5	1	527 12
142	282	0.5	1	276 6
143	420	0.5	1	415 5
144	578	0.5	1	558 20
145	591	0.5	1	577 14
146	720	0.5	1	707 13
147	599	0.5	1	575 24
148	482	0.5	1	467 15
149	399	0.5	1	335 64
150	31680	0.5	1	29744 1936

RUN STATISTICS FOR INPUT FILE: /vortexfs1/omics/tepolt/raw_reads/C_maenas/Cm_yrv_2023/5-015_R2_001.fastq.gz
=============================================
34105726 sequences processed in total

Total number of sequences analysed for the sequence pair length validation: 34105726

Number of sequence pairs removed because at least one read was shorter than the length cutoff (20 bp): 623608 (1.83%)
