
SUMMARISING RUN PARAMETERS
==========================
Input filename: /vortexfs1/omics/tepolt/raw_reads/C_maenas/Cm_yrv_2023/5-063_R1_001.fastq.gz
Trimming mode: paired-end
Trim Galore version: 0.6.6
Cutadapt version: 3.5
Python version: could not detect
Number of cores used for trimming: 8
Quality Phred score cutoff: 20
Quality encoding type selected: ASCII+33
Adapter sequence: 'AGATCGGAAGAGC' (Illumina TruSeq, Sanger iPCR; user defined)
Maximum trimming error rate: 0.1 (default)
Minimum required adapter overlap (stringency): 1 bp
Minimum required sequence length for both reads before a sequence pair gets removed: 20 bp
Running FastQC on the data once trimming has completed
Running FastQC with the following extra arguments: --outdir /vortexfs1/scratch/yaamini.venkataraman/wc-green-crab/output/06b-trimgalore     --threads 28
Output file will be GZIP compressed


This is cutadapt 3.5 with Python 3.9.5
Command line parameters: -j 8 -e 0.1 -q 20 -O 1 -a AGATCGGAAGAGC /vortexfs1/omics/tepolt/raw_reads/C_maenas/Cm_yrv_2023/5-063_R1_001.fastq.gz
Processing reads on 8 cores in single-end mode ...
Finished in 94.34 s (2 µs/read; 27.14 M reads/minute).

=== Summary ===

Total reads processed:              42,677,541
Reads with adapters:                19,875,041 (46.6%)
Reads written (passing filters):    42,677,541 (100.0%)

Total basepairs processed: 6,401,631,150 bp
Quality-trimmed:               8,271,705 bp (0.1%)
Total written (filtered):  6,127,312,923 bp (95.7%)

=== Adapter 1 ===

Sequence: AGATCGGAAGAGC; Type: regular 3'; Length: 13; Trimmed: 19875041 times

Minimum overlap: 1
No. of allowed errors:
1-9 bp: 0; 10-13 bp: 1

Bases preceding removed adapters:
  A: 23.0%
  C: 26.7%
  G: 22.0%
  T: 26.2%
  none/other: 2.0%

Overview of removed sequences
length	count	expect	max.err	error counts
1	9076515	10669385.2	0	9076515
2	2327189	2667346.3	0	2327189
3	975263	666836.6	0	975263
4	318543	166709.1	0	318543
5	226750	41677.3	0	226750
6	192603	10419.3	0	192603
7	193538	2604.8	0	193538
8	181123	651.2	0	181123
9	178453	162.8	0	176963 1490
10	178668	40.7	1	173007 5661
11	175107	10.2	1	171362 3745
12	175539	2.5	1	171616 3923
13	172910	0.6	1	168574 4336
14	171941	0.6	1	167713 4228
15	185869	0.6	1	181087 4782
16	171546	0.6	1	167183 4363
17	171509	0.6	1	166945 4564
18	164014	0.6	1	160066 3948
19	165151	0.6	1	160953 4198
20	161012	0.6	1	157026 3986
21	153784	0.6	1	149692 4092
22	148588	0.6	1	144862 3726
23	152021	0.6	1	148113 3908
24	146058	0.6	1	142315 3743
25	148957	0.6	1	145003 3954
26	142642	0.6	1	138929 3713
27	139377	0.6	1	135704 3673
28	134226	0.6	1	130668 3558
29	128249	0.6	1	125027 3222
30	122605	0.6	1	119628 2977
31	119225	0.6	1	116195 3030
32	118099	0.6	1	114957 3142
33	113616	0.6	1	110622 2994
34	109011	0.6	1	106079 2932
35	108640	0.6	1	105824 2816
36	106246	0.6	1	103308 2938
37	103137	0.6	1	100347 2790
38	102965	0.6	1	100009 2956
39	95748	0.6	1	93111 2637
40	91960	0.6	1	89315 2645
41	87211	0.6	1	84790 2421
42	80765	0.6	1	78382 2383
43	80628	0.6	1	77781 2847
44	105162	0.6	1	101819 3343
45	72023	0.6	1	69710 2313
46	97327	0.6	1	95748 1579
47	22745	0.6	1	20798 1947
48	115544	0.6	1	113237 2307
49	67812	0.6	1	66438 1374
50	33939	0.6	1	32859 1080
51	45691	0.6	1	44506 1185
52	56603	0.6	1	55680 923
53	27027	0.6	1	26097 930
54	52610	0.6	1	51926 684
55	22326	0.6	1	21616 710
56	34425	0.6	1	33769 656
57	27449	0.6	1	26852 597
58	26563	0.6	1	25776 787
59	46091	0.6	1	45270 821
60	23623	0.6	1	22947 676
61	34247	0.6	1	33796 451
62	8171	0.6	1	7846 325
63	10346	0.6	1	10047 299
64	15481	0.6	1	14903 578
65	36793	0.6	1	36416 377
66	5061	0.6	1	4831 230
67	3302	0.6	1	3109 193
68	10633	0.6	1	10414 219
69	10040	0.6	1	9807 233
70	10129	0.6	1	9945 184
71	7665	0.6	1	7505 160
72	3081	0.6	1	2982 99
73	3077	0.6	1	2978 99
74	5586	0.6	1	5461 125
75	5759	0.6	1	5618 141
76	5452	0.6	1	5344 108
77	5215	0.6	1	5047 168
78	4829	0.6	1	4707 122
79	4328	0.6	1	4198 130
80	4168	0.6	1	3997 171
81	3940	0.6	1	3784 156
82	3789	0.6	1	3660 129
83	3291	0.6	1	3173 118
84	2677	0.6	1	2589 88
85	3021	0.6	1	2923 98
86	2602	0.6	1	2507 95
87	2253	0.6	1	2169 84
88	2013	0.6	1	1940 73
89	1834	0.6	1	1759 75
90	1760	0.6	1	1690 70
91	1590	0.6	1	1514 76
92	1478	0.6	1	1417 61
93	1227	0.6	1	1170 57
94	1170	0.6	1	1112 58
95	1021	0.6	1	967 54
96	981	0.6	1	931 50
97	923	0.6	1	874 49
98	967	0.6	1	916 51
99	917	0.6	1	860 57
100	881	0.6	1	846 35
101	746	0.6	1	707 39
102	736	0.6	1	704 32
103	633	0.6	1	607 26
104	604	0.6	1	577 27
105	514	0.6	1	483 31
106	494	0.6	1	463 31
107	778	0.6	1	740 38
108	514	0.6	1	474 40
109	468	0.6	1	434 34
110	459	0.6	1	426 33
111	459	0.6	1	404 55
112	392	0.6	1	358 34
113	365	0.6	1	325 40
114	386	0.6	1	355 31
115	343	0.6	1	303 40
116	295	0.6	1	264 31
117	275	0.6	1	247 28
118	358	0.6	1	317 41
119	298	0.6	1	263 35
120	385	0.6	1	360 25
121	858	0.6	1	786 72
122	340	0.6	1	309 31
123	235	0.6	1	205 30
124	147	0.6	1	121 26
125	148	0.6	1	126 22
126	162	0.6	1	117 45
127	156	0.6	1	122 34
128	232	0.6	1	194 38
129	273	0.6	1	225 48
130	1733	0.6	1	1574 159
131	50756	0.6	1	49469 1287
132	460	0.6	1	402 58
133	219	0.6	1	163 56
134	286	0.6	1	246 40
135	197	0.6	1	159 38
136	165	0.6	1	109 56
137	196	0.6	1	130 66
138	278	0.6	1	218 60
139	218	0.6	1	134 84
140	185	0.6	1	108 77
141	362	0.6	1	282 80
142	245	0.6	1	166 79
143	283	0.6	1	201 82
144	309	0.6	1	178 131
145	305	0.6	1	178 127
146	348	0.6	1	202 146
147	507	0.6	1	219 288
148	658	0.6	1	259 399
149	7931	0.6	1	290 7641
150	391688	0.6	1	13190 378498

RUN STATISTICS FOR INPUT FILE: /vortexfs1/omics/tepolt/raw_reads/C_maenas/Cm_yrv_2023/5-063_R1_001.fastq.gz
=============================================
42677541 sequences processed in total

