
SUMMARISING RUN PARAMETERS
==========================
Input filename: /vortexfs1/omics/tepolt/raw_reads/C_maenas/Cm_yrv_2023/5-061_R2_001.fastq.gz
Trimming mode: paired-end
Trim Galore version: 0.6.6
Cutadapt version: 3.5
Python version: could not detect
Number of cores used for trimming: 8
Quality Phred score cutoff: 20
Quality encoding type selected: ASCII+33
Adapter sequence: 'AGATCGGAAGAGC' (Illumina TruSeq, Sanger iPCR; user defined)
Maximum trimming error rate: 0.1 (default)
Minimum required adapter overlap (stringency): 1 bp
Minimum required sequence length for both reads before a sequence pair gets removed: 20 bp
Running FastQC on the data once trimming has completed
Running FastQC with the following extra arguments: --outdir /vortexfs1/scratch/yaamini.venkataraman/wc-green-crab/output/06b-trimgalore     --threads 28
Output file will be GZIP compressed


This is cutadapt 3.5 with Python 3.9.5
Command line parameters: -j 8 -e 0.1 -q 20 -O 1 -a AGATCGGAAGAGC /vortexfs1/omics/tepolt/raw_reads/C_maenas/Cm_yrv_2023/5-061_R2_001.fastq.gz
Processing reads on 8 cores in single-end mode ...
Finished in 76.10 s (2 µs/read; 29.12 M reads/minute).

=== Summary ===

Total reads processed:              36,937,307
Reads with adapters:                16,218,258 (43.9%)
Reads written (passing filters):    36,937,307 (100.0%)

Total basepairs processed: 5,540,596,050 bp
Quality-trimmed:              12,683,119 bp (0.2%)
Total written (filtered):  5,399,213,777 bp (97.4%)

=== Adapter 1 ===

Sequence: AGATCGGAAGAGC; Type: regular 3'; Length: 13; Trimmed: 16218258 times

Minimum overlap: 1
No. of allowed errors:
1-9 bp: 0; 10-13 bp: 1

Bases preceding removed adapters:
  A: 30.4%
  C: 23.2%
  G: 22.6%
  T: 23.7%
  none/other: 0.1%

Overview of removed sequences
length	count	expect	max.err	error counts
1	9309001	9234326.8	0	9309001
2	2111651	2308581.7	0	2111651
3	667887	577145.4	0	667887
4	256522	144286.4	0	256522
5	142630	36071.6	0	142630
6	113076	9017.9	0	113076
7	112245	2254.5	0	112245
8	103766	563.6	0	103766
9	96975	140.9	0	96507 468
10	95370	35.2	1	93469 1901
11	92538	8.8	1	90663 1875
12	94417	2.2	1	92269 2148
13	92820	0.6	1	90959 1861
14	93587	0.6	1	91418 2169
15	109011	0.6	1	106470 2541
16	90694	0.6	1	88738 1956
17	93169	0.6	1	90758 2411
18	89762	0.6	1	87356 2406
19	96149	0.6	1	93391 2758
20	91998	0.6	1	89757 2241
21	74547	0.6	1	72663 1884
22	76371	0.6	1	74483 1888
23	85467	0.6	1	83289 2178
24	85221	0.6	1	82825 2396
25	80548	0.6	1	78586 1962
26	77522	0.6	1	75518 2004
27	82759	0.6	1	80621 2138
28	65541	0.6	1	63958 1583
29	68041	0.6	1	66391 1650
30	61457	0.6	1	60136 1321
31	61093	0.6	1	59817 1276
32	60739	0.6	1	59467 1272
33	72874	0.6	1	71210 1664
34	59412	0.6	1	58098 1314
35	59632	0.6	1	58400 1232
36	52047	0.6	1	51084 963
37	56794	0.6	1	55630 1164
38	57407	0.6	1	56246 1161
39	55233	0.6	1	54013 1220
40	53882	0.6	1	52741 1141
41	45461	0.6	1	44622 839
42	45573	0.6	1	44626 947
43	46418	0.6	1	45353 1065
44	42479	0.6	1	41626 853
45	48326	0.6	1	47120 1206
46	39605	0.6	1	38699 906
47	37207	0.6	1	36413 794
48	43098	0.6	1	42284 814
49	35033	0.6	1	34283 750
50	31652	0.6	1	30965 687
51	29942	0.6	1	29294 648
52	30815	0.6	1	30127 688
53	26121	0.6	1	25601 520
54	26072	0.6	1	25507 565
55	26440	0.6	1	25810 630
56	23465	0.6	1	22984 481
57	24198	0.6	1	23645 553
58	26649	0.6	1	26049 600
59	19877	0.6	1	19441 436
60	19603	0.6	1	19216 387
61	15794	0.6	1	15475 319
62	17006	0.6	1	16669 337
63	13665	0.6	1	13412 253
64	16157	0.6	1	15859 298
65	11643	0.6	1	11393 250
66	12563	0.6	1	12327 236
67	12208	0.6	1	11988 220
68	10635	0.6	1	10432 203
69	8462	0.6	1	8292 170
70	10804	0.6	1	10601 203
71	5149	0.6	1	5011 138
72	6286	0.6	1	6171 115
73	6252	0.6	1	6123 129
74	6526	0.6	1	6403 123
75	6719	0.6	1	6611 108
76	1971	0.6	1	1921 50
77	4082	0.6	1	3983 99
78	4087	0.6	1	3965 122
79	3953	0.6	1	3840 113
80	3699	0.6	1	3628 71
81	3401	0.6	1	3306 95
82	3177	0.6	1	3038 139
83	2858	0.6	1	2764 94
84	2490	0.6	1	2410 80
85	2307	0.6	1	2224 83
86	2251	0.6	1	2174 77
87	2318	0.6	1	2252 66
88	2098	0.6	1	2054 44
89	2034	0.6	1	1973 61
90	1969	0.6	1	1921 48
91	1855	0.6	1	1819 36
92	1842	0.6	1	1791 51
93	1461	0.6	1	1410 51
94	1320	0.6	1	1280 40
95	1218	0.6	1	1177 41
96	1057	0.6	1	1022 35
97	1114	0.6	1	1075 39
98	1112	0.6	1	1087 25
99	1133	0.6	1	1076 57
100	943	0.6	1	905 38
101	927	0.6	1	899 28
102	810	0.6	1	789 21
103	773	0.6	1	742 31
104	634	0.6	1	610 24
105	616	0.6	1	588 28
106	573	0.6	1	546 27
107	965	0.6	1	932 33
108	617	0.6	1	582 35
109	548	0.6	1	525 23
110	594	0.6	1	562 32
111	541	0.6	1	516 25
112	456	0.6	1	446 10
113	423	0.6	1	406 17
114	412	0.6	1	389 23
115	343	0.6	1	319 24
116	363	0.6	1	349 14
117	281	0.6	1	260 21
118	325	0.6	1	305 20
119	303	0.6	1	277 26
120	300	0.6	1	269 31
121	350	0.6	1	298 52
122	216	0.6	1	205 11
123	194	0.6	1	180 14
124	138	0.6	1	132 6
125	131	0.6	1	127 4
126	162	0.6	1	148 14
127	137	0.6	1	125 12
128	144	0.6	1	138 6
129	147	0.6	1	139 8
130	342	0.6	1	305 37
131	3898	0.6	1	3625 273
132	194	0.6	1	182 12
133	165	0.6	1	154 11
134	340	0.6	1	326 14
135	219	0.6	1	212 7
136	166	0.6	1	156 10
137	208	0.6	1	207 1
138	265	0.6	1	261 4
139	251	0.6	1	247 4
140	354	0.6	1	345 9
141	528	0.6	1	522 6
142	311	0.6	1	306 5
143	508	0.6	1	496 12
144	674	0.6	1	655 19
145	651	0.6	1	633 18
146	983	0.6	1	969 14
147	828	0.6	1	792 36
148	561	0.6	1	550 11
149	289	0.6	1	229 60
150	10592	0.6	1	9326 1266

RUN STATISTICS FOR INPUT FILE: /vortexfs1/omics/tepolt/raw_reads/C_maenas/Cm_yrv_2023/5-061_R2_001.fastq.gz
=============================================
36937307 sequences processed in total

Total number of sequences analysed for the sequence pair length validation: 36937307

Number of sequence pairs removed because at least one read was shorter than the length cutoff (20 bp): 522299 (1.41%)
