
SUMMARISING RUN PARAMETERS
==========================
Input filename: /vortexfs1/omics/tepolt/raw_reads/C_maenas/Cm_yrv_2023/5-067_R1_001.fastq.gz
Trimming mode: paired-end
Trim Galore version: 0.6.6
Cutadapt version: 3.5
Python version: could not detect
Number of cores used for trimming: 8
Quality Phred score cutoff: 20
Quality encoding type selected: ASCII+33
Adapter sequence: 'AGATCGGAAGAGC' (Illumina TruSeq, Sanger iPCR; user defined)
Maximum trimming error rate: 0.1 (default)
Minimum required adapter overlap (stringency): 1 bp
Minimum required sequence length for both reads before a sequence pair gets removed: 20 bp
Running FastQC on the data once trimming has completed
Running FastQC with the following extra arguments: --outdir /vortexfs1/scratch/yaamini.venkataraman/wc-green-crab/output/06b-trimgalore     --threads 28
Output file will be GZIP compressed


This is cutadapt 3.5 with Python 3.9.5
Command line parameters: -j 8 -e 0.1 -q 20 -O 1 -a AGATCGGAAGAGC /vortexfs1/omics/tepolt/raw_reads/C_maenas/Cm_yrv_2023/5-067_R1_001.fastq.gz
Processing reads on 8 cores in single-end mode ...
Finished in 99.52 s (2 µs/read; 27.17 M reads/minute).

=== Summary ===

Total reads processed:              45,059,618
Reads with adapters:                23,232,459 (51.6%)
Reads written (passing filters):    45,059,618 (100.0%)

Total basepairs processed: 6,758,942,700 bp
Quality-trimmed:              13,281,022 bp (0.2%)
Total written (filtered):  6,358,636,830 bp (94.1%)

=== Adapter 1 ===

Sequence: AGATCGGAAGAGC; Type: regular 3'; Length: 13; Trimmed: 23232459 times

Minimum overlap: 1
No. of allowed errors:
1-9 bp: 0; 10-13 bp: 1

Bases preceding removed adapters:
  A: 21.7%
  C: 26.1%
  G: 22.9%
  T: 27.0%
  none/other: 2.2%

Overview of removed sequences
length	count	expect	max.err	error counts
1	9047494	11264904.5	0	9047494
2	2284914	2816226.1	0	2284914
3	1059443	704056.5	0	1059443
4	392453	176014.1	0	392453
5	300825	44003.5	0	300825
6	261622	11000.9	0	261622
7	259937	2750.2	0	259937
8	244237	687.6	0	244237
9	238867	171.9	0	237295 1572
10	239339	43.0	1	234318 5021
11	236866	10.7	1	232063 4803
12	240557	2.7	1	235297 5260
13	242166	0.7	1	236093 6073
14	242150	0.7	1	236429 5721
15	266551	0.7	1	259850 6701
16	243220	0.7	1	237251 5969
17	241330	0.7	1	235084 6246
18	234229	0.7	1	228829 5400
19	234304	0.7	1	228668 5636
20	230298	0.7	1	224706 5592
21	217604	0.7	1	212109 5495
22	213370	0.7	1	208471 4899
23	223321	0.7	1	217865 5456
24	215971	0.7	1	210744 5227
25	221421	0.7	1	216011 5410
26	209556	0.7	1	204579 4977
27	204567	0.7	1	199572 4995
28	197195	0.7	1	192130 5065
29	185510	0.7	1	181134 4376
30	176829	0.7	1	172732 4097
31	175939	0.7	1	171648 4291
32	174461	0.7	1	170042 4419
33	171225	0.7	1	167091 4134
34	166236	0.7	1	162184 4052
35	164855	0.7	1	160812 4043
36	162142	0.7	1	157990 4152
37	159831	0.7	1	155500 4331
38	155529	0.7	1	151582 3947
39	145615	0.7	1	141719 3896
40	141953	0.7	1	138319 3634
41	131791	0.7	1	128369 3422
42	127663	0.7	1	124061 3602
43	122468	0.7	1	118513 3955
44	170196	0.7	1	165410 4786
45	117991	0.7	1	114350 3641
46	155014	0.7	1	152597 2417
47	43321	0.7	1	38590 4731
48	392703	0.7	1	387718 4985
49	177644	0.7	1	174870 2774
50	38844	0.7	1	37521 1323
51	33982	0.7	1	32686 1296
52	93296	0.7	1	92327 969
53	14491	0.7	1	13540 951
54	56981	0.7	1	56463 518
55	13319	0.7	1	12810 509
56	21643	0.7	1	21273 370
57	10963	0.7	1	10494 469
58	25839	0.7	1	24938 901
59	68295	0.7	1	67605 690
60	10189	0.7	1	9621 568
61	25830	0.7	1	25468 362
62	2648	0.7	1	2423 225
63	3219	0.7	1	2964 255
64	16956	0.7	1	16443 513
65	41188	0.7	1	40767 421
66	3268	0.7	1	3081 187
67	1858	0.7	1	1719 139
68	8720	0.7	1	8516 204
69	10904	0.7	1	10648 256
70	10827	0.7	1	10635 192
71	7714	0.7	1	7577 137
72	3296	0.7	1	3194 102
73	3569	0.7	1	3453 116
74	8249	0.7	1	8062 187
75	8411	0.7	1	8244 167
76	7974	0.7	1	7813 161
77	7427	0.7	1	7274 153
78	7020	0.7	1	6852 168
79	6412	0.7	1	6247 165
80	5744	0.7	1	5574 170
81	5174	0.7	1	5053 121
82	4814	0.7	1	4694 120
83	4215	0.7	1	4074 141
84	3537	0.7	1	3452 85
85	3428	0.7	1	3329 99
86	3257	0.7	1	3155 102
87	2982	0.7	1	2883 99
88	2923	0.7	1	2840 83
89	2700	0.7	1	2621 79
90	2621	0.7	1	2556 65
91	2367	0.7	1	2298 69
92	2144	0.7	1	2062 82
93	1840	0.7	1	1775 65
94	1744	0.7	1	1679 65
95	1457	0.7	1	1401 56
96	1316	0.7	1	1266 50
97	1387	0.7	1	1326 61
98	1282	0.7	1	1226 56
99	1267	0.7	1	1228 39
100	1176	0.7	1	1139 37
101	979	0.7	1	932 47
102	952	0.7	1	913 39
103	914	0.7	1	888 26
104	780	0.7	1	740 40
105	786	0.7	1	741 45
106	756	0.7	1	716 40
107	884	0.7	1	836 48
108	898	0.7	1	851 47
109	683	0.7	1	635 48
110	676	0.7	1	641 35
111	647	0.7	1	608 39
112	639	0.7	1	598 41
113	560	0.7	1	529 31
114	578	0.7	1	539 39
115	660	0.7	1	614 46
116	643	0.7	1	622 21
117	563	0.7	1	532 31
118	524	0.7	1	486 38
119	637	0.7	1	605 32
120	1318	0.7	1	1270 48
121	1901	0.7	1	1834 67
122	956	0.7	1	916 40
123	394	0.7	1	352 42
124	270	0.7	1	233 37
125	237	0.7	1	209 28
126	290	0.7	1	243 47
127	254	0.7	1	211 43
128	422	0.7	1	361 61
129	473	0.7	1	408 65
130	2902	0.7	1	2712 190
131	195632	0.7	1	192535 3097
132	686	0.7	1	623 63
133	338	0.7	1	261 77
134	371	0.7	1	317 54
135	310	0.7	1	250 60
136	238	0.7	1	161 77
137	297	0.7	1	238 59
138	438	0.7	1	385 53
139	302	0.7	1	240 62
140	432	0.7	1	352 80
141	644	0.7	1	534 110
142	444	0.7	1	348 96
143	596	0.7	1	491 105
144	728	0.7	1	568 160
145	746	0.7	1	573 173
146	1112	0.7	1	929 183
147	1199	0.7	1	860 339
148	1182	0.7	1	707 475
149	9209	0.7	1	316 8893
150	500949	0.7	1	9310 491639

RUN STATISTICS FOR INPUT FILE: /vortexfs1/omics/tepolt/raw_reads/C_maenas/Cm_yrv_2023/5-067_R1_001.fastq.gz
=============================================
45059618 sequences processed in total

