
SUMMARISING RUN PARAMETERS
==========================
Input filename: /vortexfs1/omics/tepolt/raw_reads/C_maenas/Cm_yrv_2023/5-066_R1_001.fastq.gz
Trimming mode: paired-end
Trim Galore version: 0.6.6
Cutadapt version: 3.5
Python version: could not detect
Number of cores used for trimming: 8
Quality Phred score cutoff: 20
Quality encoding type selected: ASCII+33
Adapter sequence: 'AGATCGGAAGAGC' (Illumina TruSeq, Sanger iPCR; user defined)
Maximum trimming error rate: 0.1 (default)
Minimum required adapter overlap (stringency): 1 bp
Minimum required sequence length for both reads before a sequence pair gets removed: 20 bp
Running FastQC on the data once trimming has completed
Running FastQC with the following extra arguments: --outdir /vortexfs1/scratch/yaamini.venkataraman/wc-green-crab/output/06b-trimgalore     --threads 28
Output file will be GZIP compressed


This is cutadapt 3.5 with Python 3.9.5
Command line parameters: -j 8 -e 0.1 -q 20 -O 1 -a AGATCGGAAGAGC /vortexfs1/omics/tepolt/raw_reads/C_maenas/Cm_yrv_2023/5-066_R1_001.fastq.gz
Processing reads on 8 cores in single-end mode ...
Finished in 44.15 s (1 µs/read; 43.66 M reads/minute).

=== Summary ===

Total reads processed:              32,128,669
Reads with adapters:                25,424,915 (79.1%)
Reads written (passing filters):    32,128,669 (100.0%)

Total basepairs processed: 4,819,300,350 bp
Quality-trimmed:              26,516,820 bp (0.6%)
Total written (filtered):  2,386,799,630 bp (49.5%)

=== Adapter 1 ===

Sequence: AGATCGGAAGAGC; Type: regular 3'; Length: 13; Trimmed: 25424915 times

Minimum overlap: 1
No. of allowed errors:
1-9 bp: 0; 10-13 bp: 1

Bases preceding removed adapters:
  A: 8.4%
  C: 14.9%
  G: 13.2%
  T: 12.4%
  none/other: 51.0%

Overview of removed sequences
length	count	expect	max.err	error counts
1	2521848	8032167.2	0	2521848
2	665782	2008041.8	0	665782
3	318073	502010.5	0	318073
4	119855	125502.6	0	119855
5	92390	31375.7	0	92390
6	83181	7843.9	0	83181
7	83715	1961.0	0	83715
8	79999	490.2	0	79999
9	80883	122.6	0	80294 589
10	81979	30.6	1	80132 1847
11	82262	7.7	1	80460 1802
12	83918	1.9	1	81876 2042
13	86980	0.5	1	84664 2316
14	89550	0.5	1	87256 2294
15	96071	0.5	1	93511 2560
16	90733	0.5	1	88418 2315
17	90552	0.5	1	88059 2493
18	88987	0.5	1	86708 2279
19	92210	0.5	1	89793 2417
20	91880	0.5	1	89481 2399
21	89741	0.5	1	87229 2512
22	89179	0.5	1	86965 2214
23	93091	0.5	1	90640 2451
24	92581	0.5	1	90123 2458
25	95474	0.5	1	92609 2865
26	94436	0.5	1	91743 2693
27	95008	0.5	1	92225 2783
28	92296	0.5	1	89540 2756
29	90884	0.5	1	88317 2567
30	90194	0.5	1	87702 2492
31	93589	0.5	1	90750 2839
32	96213	0.5	1	93563 2650
33	94923	0.5	1	92456 2467
34	95212	0.5	1	92570 2642
35	97921	0.5	1	94951 2970
36	99616	0.5	1	96189 3427
37	100112	0.5	1	96748 3364
38	102165	0.5	1	98935 3230
39	99355	0.5	1	95883 3472
40	101547	0.5	1	97514 4033
41	102041	0.5	1	97629 4412
42	102969	0.5	1	98138 4831
43	108469	0.5	1	99305 9164
44	168809	0.5	1	159480 9329
45	116455	0.5	1	108619 7836
46	169313	0.5	1	164362 4951
47	75301	0.5	1	59778 15523
48	866728	0.5	1	853876 12852
49	288292	0.5	1	280839 7453
50	74145	0.5	1	70598 3547
51	47243	0.5	1	44189 3054
52	130571	0.5	1	128776 1795
53	24952	0.5	1	22605 2347
54	121795	0.5	1	120673 1122
55	14910	0.5	1	13867 1043
56	33716	0.5	1	33068 648
57	19610	0.5	1	18613 997
58	48252	0.5	1	45884 2368
59	164335	0.5	1	162712 1623
60	24786	0.5	1	23083 1703
61	64394	0.5	1	63516 878
62	8717	0.5	1	8109 608
63	10531	0.5	1	9692 839
64	53346	0.5	1	51238 2108
65	155225	0.5	1	153641 1584
66	28007	0.5	1	27089 918
67	7471	0.5	1	6877 594
68	36669	0.5	1	35630 1039
69	59611	0.5	1	58319 1292
70	69003	0.5	1	67619 1384
71	60290	0.5	1	59277 1013
72	32467	0.5	1	31745 722
73	23238	0.5	1	22196 1042
74	63776	0.5	1	62383 1393
75	77184	0.5	1	75523 1661
76	79926	0.5	1	78260 1666
77	82109	0.5	1	80303 1806
78	80939	0.5	1	79088 1851
79	80111	0.5	1	78321 1790
80	78446	0.5	1	76639 1807
81	76225	0.5	1	74412 1813
82	74597	0.5	1	72895 1702
83	71000	0.5	1	69390 1610
84	68535	0.5	1	66971 1564
85	68010	0.5	1	66500 1510
86	71046	0.5	1	69430 1616
87	71849	0.5	1	70135 1714
88	69983	0.5	1	68395 1588
89	67969	0.5	1	66338 1631
90	64427	0.5	1	62981 1446
91	62996	0.5	1	61648 1348
92	60320	0.5	1	59025 1295
93	53708	0.5	1	52563 1145
94	50008	0.5	1	48954 1054
95	46355	0.5	1	45276 1079
96	45065	0.5	1	44162 903
97	45298	0.5	1	44267 1031
98	45144	0.5	1	44155 989
99	41828	0.5	1	40935 893
100	38315	0.5	1	37476 839
101	33539	0.5	1	32740 799
102	28502	0.5	1	27828 674
103	26000	0.5	1	25381 619
104	22346	0.5	1	21824 522
105	19937	0.5	1	19435 502
106	18445	0.5	1	17975 470
107	18344	0.5	1	17852 492
108	16441	0.5	1	15979 462
109	15203	0.5	1	14780 423
110	13748	0.5	1	13336 412
111	11476	0.5	1	11076 400
112	9860	0.5	1	9492 368
113	7799	0.5	1	7486 313
114	7108	0.5	1	6764 344
115	6040	0.5	1	5692 348
116	5718	0.5	1	5363 355
117	5344	0.5	1	4993 351
118	4922	0.5	1	4562 360
119	4359	0.5	1	3983 376
120	4232	0.5	1	3872 360
121	4637	0.5	1	4147 490
122	3119	0.5	1	2707 412
123	3277	0.5	1	2791 486
124	2034	0.5	1	1497 537
125	1758	0.5	1	1140 618
126	1537	0.5	1	880 657
127	1955	0.5	1	1104 851
128	1983	0.5	1	964 1019
129	2186	0.5	1	1099 1087
130	2945	0.5	1	1660 1285
131	6544	0.5	1	5121 1423
132	2835	0.5	1	1411 1424
133	2865	0.5	1	1295 1570
134	10553	0.5	1	8691 1862
135	3817	0.5	1	2071 1746
136	3160	0.5	1	1387 1773
137	4731	0.5	1	2768 1963
138	11405	0.5	1	9362 2043
139	4710	0.5	1	2581 2129
140	5181	0.5	1	2873 2308
141	10612	0.5	1	7952 2660
142	6491	0.5	1	3628 2863
143	7774	0.5	1	4575 3199
144	8806	0.5	1	4851 3955
145	8799	0.5	1	4058 4741
146	11607	0.5	1	6152 5455
147	16199	0.5	1	5203 10996
148	20114	0.5	1	5351 14763
149	239395	0.5	1	7090 232305
150	12763308	0.5	1	282206 12481102

RUN STATISTICS FOR INPUT FILE: /vortexfs1/omics/tepolt/raw_reads/C_maenas/Cm_yrv_2023/5-066_R1_001.fastq.gz
=============================================
32128669 sequences processed in total

