
SUMMARISING RUN PARAMETERS
==========================
Input filename: /vortexfs1/omics/tepolt/raw_reads/C_maenas/Cm_yrv_2023/5-063_R2_001.fastq.gz
Trimming mode: paired-end
Trim Galore version: 0.6.6
Cutadapt version: 3.5
Python version: could not detect
Number of cores used for trimming: 8
Quality Phred score cutoff: 20
Quality encoding type selected: ASCII+33
Adapter sequence: 'AGATCGGAAGAGC' (Illumina TruSeq, Sanger iPCR; user defined)
Maximum trimming error rate: 0.1 (default)
Minimum required adapter overlap (stringency): 1 bp
Minimum required sequence length for both reads before a sequence pair gets removed: 20 bp
Running FastQC on the data once trimming has completed
Running FastQC with the following extra arguments: --outdir /vortexfs1/scratch/yaamini.venkataraman/wc-green-crab/output/06b-trimgalore     --threads 28
Output file will be GZIP compressed


This is cutadapt 3.5 with Python 3.9.5
Command line parameters: -j 8 -e 0.1 -q 20 -O 1 -a AGATCGGAAGAGC /vortexfs1/omics/tepolt/raw_reads/C_maenas/Cm_yrv_2023/5-063_R2_001.fastq.gz
Processing reads on 8 cores in single-end mode ...
Finished in 99.84 s (2 µs/read; 25.65 M reads/minute).

=== Summary ===

Total reads processed:              42,677,541
Reads with adapters:                19,791,921 (46.4%)
Reads written (passing filters):    42,677,541 (100.0%)

Total basepairs processed: 6,401,631,150 bp
Quality-trimmed:              18,182,374 bp (0.3%)
Total written (filtered):  6,175,114,940 bp (96.5%)

=== Adapter 1 ===

Sequence: AGATCGGAAGAGC; Type: regular 3'; Length: 13; Trimmed: 19791921 times

Minimum overlap: 1
No. of allowed errors:
1-9 bp: 0; 10-13 bp: 1

Bases preceding removed adapters:
  A: 25.7%
  C: 26.9%
  G: 26.5%
  T: 20.8%
  none/other: 0.1%

Overview of removed sequences
length	count	expect	max.err	error counts
1	9379126	10669385.2	0	9379126
2	2484976	2667346.3	0	2484976
3	827570	666836.6	0	827570
4	335014	166709.1	0	335014
5	224945	41677.3	0	224945
6	193507	10419.3	0	193507
7	194415	2604.8	0	194415
8	181204	651.2	0	181204
9	176580	162.8	0	175897 683
10	177504	40.7	1	174160 3344
11	173958	10.2	1	170516 3442
12	178499	2.5	1	174485 4014
13	169419	0.6	1	165793 3626
14	172582	0.6	1	168217 4365
15	188094	0.6	1	183580 4514
16	166320	0.6	1	162449 3871
17	170361	0.6	1	165772 4589
18	164789	0.6	1	160134 4655
19	164989	0.6	1	160278 4711
20	184886	0.6	1	179580 5306
21	134803	0.6	1	131267 3536
22	142512	0.6	1	138895 3617
23	151262	0.6	1	147181 4081
24	155969	0.6	1	151172 4797
25	140925	0.6	1	137145 3780
26	142358	0.6	1	138383 3975
27	151745	0.6	1	147572 4173
28	124129	0.6	1	120835 3294
29	126769	0.6	1	123702 3067
30	117295	0.6	1	114693 2602
31	120849	0.6	1	117933 2916
32	113800	0.6	1	111181 2619
33	123187	0.6	1	120066 3121
34	100936	0.6	1	98809 2127
35	106724	0.6	1	104319 2405
36	110254	0.6	1	107334 2920
37	110737	0.6	1	107945 2792
38	99931	0.6	1	97795 2136
39	89836	0.6	1	87884 1952
40	95256	0.6	1	93141 2115
41	83483	0.6	1	81468 2015
42	76536	0.6	1	74953 1583
43	79516	0.6	1	77628 1888
44	72432	0.6	1	70863 1569
45	80490	0.6	1	78412 2078
46	65657	0.6	1	64114 1543
47	61492	0.6	1	60110 1382
48	69397	0.6	1	67869 1528
49	55575	0.6	1	54357 1218
50	50457	0.6	1	49384 1073
51	48543	0.6	1	47310 1233
52	48166	0.6	1	46971 1195
53	40474	0.6	1	39619 855
54	40782	0.6	1	39835 947
55	41680	0.6	1	40645 1035
56	33497	0.6	1	32753 744
57	35571	0.6	1	34736 835
58	38686	0.6	1	37833 853
59	27271	0.6	1	26645 626
60	26768	0.6	1	26261 507
61	22580	0.6	1	22133 447
62	23128	0.6	1	22630 498
63	18432	0.6	1	18095 337
64	21528	0.6	1	21025 503
65	15487	0.6	1	15138 349
66	15814	0.6	1	15491 323
67	15415	0.6	1	15083 332
68	13044	0.6	1	12752 292
69	10517	0.6	1	10281 236
70	13305	0.6	1	13020 285
71	6683	0.6	1	6505 178
72	7978	0.6	1	7787 191
73	8366	0.6	1	8184 182
74	7837	0.6	1	7662 175
75	7818	0.6	1	7665 153
76	2141	0.6	1	2055 86
77	5102	0.6	1	4974 128
78	4817	0.6	1	4699 118
79	4290	0.6	1	4169 121
80	4099	0.6	1	3949 150
81	3770	0.6	1	3628 142
82	3566	0.6	1	3377 189
83	3036	0.6	1	2826 210
84	2732	0.6	1	2627 105
85	2468	0.6	1	2314 154
86	2277	0.6	1	2161 116
87	2274	0.6	1	2190 84
88	1967	0.6	1	1900 67
89	1867	0.6	1	1807 60
90	1749	0.6	1	1682 67
91	1547	0.6	1	1489 58
92	1440	0.6	1	1391 49
93	1233	0.6	1	1163 70
94	1198	0.6	1	1140 58
95	996	0.6	1	956 40
96	968	0.6	1	927 41
97	901	0.6	1	856 45
98	956	0.6	1	910 46
99	1083	0.6	1	999 84
100	882	0.6	1	838 44
101	749	0.6	1	702 47
102	711	0.6	1	673 38
103	634	0.6	1	604 30
104	606	0.6	1	572 34
105	521	0.6	1	482 39
106	479	0.6	1	447 32
107	798	0.6	1	750 48
108	488	0.6	1	440 48
109	497	0.6	1	459 38
110	450	0.6	1	417 33
111	425	0.6	1	390 35
112	398	0.6	1	370 28
113	345	0.6	1	312 33
114	406	0.6	1	382 24
115	342	0.6	1	292 50
116	301	0.6	1	266 35
117	268	0.6	1	232 36
118	345	0.6	1	310 35
119	286	0.6	1	248 38
120	385	0.6	1	326 59
121	766	0.6	1	612 154
122	322	0.6	1	276 46
123	214	0.6	1	187 27
124	132	0.6	1	120 12
125	138	0.6	1	119 19
126	136	0.6	1	113 23
127	161	0.6	1	125 36
128	254	0.6	1	192 62
129	232	0.6	1	184 48
130	1959	0.6	1	1553 406
131	47689	0.6	1	41770 5919
132	405	0.6	1	366 39
133	188	0.6	1	158 30
134	259	0.6	1	248 11
135	174	0.6	1	158 16
136	111	0.6	1	101 10
137	142	0.6	1	129 13
138	226	0.6	1	220 6
139	144	0.6	1	141 3
140	114	0.6	1	106 8
141	303	0.6	1	285 18
142	172	0.6	1	165 7
143	230	0.6	1	212 18
144	192	0.6	1	182 10
145	180	0.6	1	173 7
146	215	0.6	1	201 14
147	245	0.6	1	215 30
148	272	0.6	1	251 21
149	437	0.6	1	234 203
150	16696	0.6	1	13418 3278

RUN STATISTICS FOR INPUT FILE: /vortexfs1/omics/tepolt/raw_reads/C_maenas/Cm_yrv_2023/5-063_R2_001.fastq.gz
=============================================
42677541 sequences processed in total

Total number of sequences analysed for the sequence pair length validation: 42677541

Number of sequence pairs removed because at least one read was shorter than the length cutoff (20 bp): 471077 (1.10%)
