
SUMMARISING RUN PARAMETERS
==========================
Input filename: /vortexfs1/omics/tepolt/raw_reads/C_maenas/Cm_yrv_2023/5-069_R1_001.fastq.gz
Trimming mode: paired-end
Trim Galore version: 0.6.6
Cutadapt version: 3.5
Python version: could not detect
Number of cores used for trimming: 8
Quality Phred score cutoff: 20
Quality encoding type selected: ASCII+33
Adapter sequence: 'AGATCGGAAGAGC' (Illumina TruSeq, Sanger iPCR; user defined)
Maximum trimming error rate: 0.1 (default)
Minimum required adapter overlap (stringency): 1 bp
Minimum required sequence length for both reads before a sequence pair gets removed: 20 bp
Running FastQC on the data once trimming has completed
Running FastQC with the following extra arguments: --outdir /vortexfs1/scratch/yaamini.venkataraman/wc-green-crab/output/06b-trimgalore     --threads 28
Output file will be GZIP compressed


This is cutadapt 3.5 with Python 3.9.5
Command line parameters: -j 8 -e 0.1 -q 20 -O 1 -a AGATCGGAAGAGC /vortexfs1/omics/tepolt/raw_reads/C_maenas/Cm_yrv_2023/5-069_R1_001.fastq.gz
Processing reads on 8 cores in single-end mode ...
Finished in 74.77 s (2 µs/read; 30.22 M reads/minute).

=== Summary ===

Total reads processed:              37,654,463
Reads with adapters:                15,046,750 (40.0%)
Reads written (passing filters):    37,654,463 (100.0%)

Total basepairs processed: 5,648,169,450 bp
Quality-trimmed:               6,140,323 bp (0.1%)
Total written (filtered):  5,462,707,089 bp (96.7%)

=== Adapter 1 ===

Sequence: AGATCGGAAGAGC; Type: regular 3'; Length: 13; Trimmed: 15046750 times

Minimum overlap: 1
No. of allowed errors:
1-9 bp: 0; 10-13 bp: 1

Bases preceding removed adapters:
  A: 27.3%
  C: 23.3%
  G: 16.9%
  T: 27.0%
  none/other: 5.4%

Overview of removed sequences
length	count	expect	max.err	error counts
1	9457473	9413615.8	0	9457473
2	2107400	2353403.9	0	2107400
3	861761	588351.0	0	861761
4	191839	147087.7	0	191839
5	90253	36771.9	0	90253
6	60549	9193.0	0	60549
7	58200	2298.2	0	58200
8	53827	574.6	0	53827
9	50497	143.6	0	49942 555
10	49443	35.9	1	48045 1398
11	47205	9.0	1	46126 1079
12	47391	2.2	1	46277 1114
13	46554	0.6	1	45535 1019
14	44571	0.6	1	43573 998
15	50127	0.6	1	48919 1208
16	44861	0.6	1	43887 974
17	42942	0.6	1	41917 1025
18	41972	0.6	1	41125 847
19	41581	0.6	1	40635 946
20	40086	0.6	1	39156 930
21	36308	0.6	1	35421 887
22	35581	0.6	1	34813 768
23	38195	0.6	1	37359 836
24	34723	0.6	1	34004 719
25	36269	0.6	1	35481 788
26	32475	0.6	1	31651 824
27	30662	0.6	1	29948 714
28	29594	0.6	1	28879 715
29	27508	0.6	1	26900 608
30	24854	0.6	1	24302 552
31	23949	0.6	1	23446 503
32	23699	0.6	1	23130 569
33	23158	0.6	1	22622 536
34	22090	0.6	1	21480 610
35	21730	0.6	1	21195 535
36	20990	0.6	1	20476 514
37	20082	0.6	1	19578 504
38	20007	0.6	1	19462 545
39	18199	0.6	1	17703 496
40	17874	0.6	1	17380 494
41	16438	0.6	1	15953 485
42	14945	0.6	1	14479 466
43	14773	0.6	1	14161 612
44	19349	0.6	1	18616 733
45	12320	0.6	1	11821 499
46	17950	0.6	1	17592 358
47	4371	0.6	1	3882 489
48	22856	0.6	1	22291 565
49	13316	0.6	1	12951 365
50	5614	0.6	1	5353 261
51	8140	0.6	1	7865 275
52	10431	0.6	1	10221 210
53	4134	0.6	1	3969 165
54	8677	0.6	1	8516 161
55	3936	0.6	1	3819 117
56	5697	0.6	1	5584 113
57	4372	0.6	1	4261 111
58	4547	0.6	1	4390 157
59	8751	0.6	1	8595 156
60	4046	0.6	1	3881 165
61	6294	0.6	1	6194 100
62	1301	0.6	1	1246 55
63	1645	0.6	1	1599 46
64	2654	0.6	1	2557 97
65	7069	0.6	1	6978 91
66	732	0.6	1	699 33
67	529	0.6	1	488 41
68	2013	0.6	1	1949 64
69	1953	0.6	1	1895 58
70	1970	0.6	1	1927 43
71	1474	0.6	1	1442 32
72	582	0.6	1	562 20
73	613	0.6	1	587 26
74	1157	0.6	1	1117 40
75	1289	0.6	1	1249 40
76	1232	0.6	1	1186 46
77	1160	0.6	1	1124 36
78	1111	0.6	1	1063 48
79	1060	0.6	1	1022 38
80	997	0.6	1	940 57
81	908	0.6	1	856 52
82	924	0.6	1	870 54
83	756	0.6	1	709 47
84	669	0.6	1	635 34
85	698	0.6	1	673 25
86	698	0.6	1	657 41
87	579	0.6	1	556 23
88	573	0.6	1	538 35
89	521	0.6	1	496 25
90	550	0.6	1	510 40
91	461	0.6	1	430 31
92	480	0.6	1	449 31
93	440	0.6	1	400 40
94	406	0.6	1	383 23
95	388	0.6	1	366 22
96	359	0.6	1	334 25
97	352	0.6	1	335 17
98	336	0.6	1	321 15
99	334	0.6	1	318 16
100	320	0.6	1	308 12
101	272	0.6	1	250 22
102	263	0.6	1	233 30
103	301	0.6	1	278 23
104	231	0.6	1	201 30
105	228	0.6	1	209 19
106	244	0.6	1	218 26
107	315	0.6	1	293 22
108	215	0.6	1	189 26
109	191	0.6	1	171 20
110	183	0.6	1	159 24
111	221	0.6	1	178 43
112	182	0.6	1	136 46
113	155	0.6	1	119 36
114	176	0.6	1	157 19
115	141	0.6	1	113 28
116	158	0.6	1	125 33
117	120	0.6	1	97 23
118	138	0.6	1	109 29
119	141	0.6	1	114 27
120	130	0.6	1	104 26
121	142	0.6	1	116 26
122	116	0.6	1	89 27
123	105	0.6	1	90 15
124	100	0.6	1	62 38
125	93	0.6	1	62 31
126	93	0.6	1	58 35
127	103	0.6	1	66 37
128	132	0.6	1	76 56
129	139	0.6	1	72 67
130	247	0.6	1	179 68
131	5134	0.6	1	4954 180
132	185	0.6	1	101 84
133	145	0.6	1	72 73
134	232	0.6	1	139 93
135	176	0.6	1	91 85
136	168	0.6	1	82 86
137	205	0.6	1	102 103
138	264	0.6	1	157 107
139	197	0.6	1	99 98
140	278	0.6	1	146 132
141	411	0.6	1	289 122
142	286	0.6	1	157 129
143	369	0.6	1	224 145
144	460	0.6	1	273 187
145	501	0.6	1	253 248
146	692	0.6	1	428 264
147	844	0.6	1	315 529
148	1003	0.6	1	250 753
149	8718	0.6	1	143 8575
150	802478	0.6	1	7027 795451

RUN STATISTICS FOR INPUT FILE: /vortexfs1/omics/tepolt/raw_reads/C_maenas/Cm_yrv_2023/5-069_R1_001.fastq.gz
=============================================
37654463 sequences processed in total

