
SUMMARISING RUN PARAMETERS
==========================
Input filename: /vortexfs1/omics/tepolt/raw_reads/C_maenas/Cm_yrv_2023/5-067_R2_001.fastq.gz
Trimming mode: paired-end
Trim Galore version: 0.6.6
Cutadapt version: 3.5
Python version: could not detect
Number of cores used for trimming: 8
Quality Phred score cutoff: 20
Quality encoding type selected: ASCII+33
Adapter sequence: 'AGATCGGAAGAGC' (Illumina TruSeq, Sanger iPCR; user defined)
Maximum trimming error rate: 0.1 (default)
Minimum required adapter overlap (stringency): 1 bp
Minimum required sequence length for both reads before a sequence pair gets removed: 20 bp
Running FastQC on the data once trimming has completed
Running FastQC with the following extra arguments: --outdir /vortexfs1/scratch/yaamini.venkataraman/wc-green-crab/output/06b-trimgalore     --threads 28
Output file will be GZIP compressed


This is cutadapt 3.5 with Python 3.9.5
Command line parameters: -j 8 -e 0.1 -q 20 -O 1 -a AGATCGGAAGAGC /vortexfs1/omics/tepolt/raw_reads/C_maenas/Cm_yrv_2023/5-067_R2_001.fastq.gz
Processing reads on 8 cores in single-end mode ...
Finished in 103.56 s (2 µs/read; 26.11 M reads/minute).

=== Summary ===

Total reads processed:              45,059,618
Reads with adapters:                23,121,468 (51.3%)
Reads written (passing filters):    45,059,618 (100.0%)

Total basepairs processed: 6,758,942,700 bp
Quality-trimmed:              20,058,584 bp (0.3%)
Total written (filtered):  6,425,295,151 bp (95.1%)

=== Adapter 1 ===

Sequence: AGATCGGAAGAGC; Type: regular 3'; Length: 13; Trimmed: 23121468 times

Minimum overlap: 1
No. of allowed errors:
1-9 bp: 0; 10-13 bp: 1

Bases preceding removed adapters:
  A: 24.4%
  C: 28.0%
  G: 27.5%
  T: 20.0%
  none/other: 0.1%

Overview of removed sequences
length	count	expect	max.err	error counts
1	9479114	11264904.5	0	9479114
2	2434839	2816226.1	0	2434839
3	907083	704056.5	0	907083
4	410793	176014.1	0	410793
5	300327	44003.5	0	300327
6	262229	11000.9	0	262229
7	260578	2750.2	0	260578
8	244504	687.6	0	244504
9	236213	171.9	0	235385 828
10	240396	43.0	1	235623 4773
11	235152	10.7	1	230304 4848
12	246811	2.7	1	240877 5934
13	235503	0.7	1	230281 5222
14	243403	0.7	1	236673 6730
15	272769	0.7	1	265436 7333
16	233557	0.7	1	227587 5970
17	241675	0.7	1	234333 7342
18	234770	0.7	1	227543 7227
19	258726	0.7	1	250198 8528
20	229226	0.7	1	222672 6554
21	201121	0.7	1	195640 5481
22	202961	0.7	1	197262 5699
23	222018	0.7	1	215803 6215
24	233127	0.7	1	225384 7743
25	208823	0.7	1	202799 6024
26	211343	0.7	1	205152 6191
27	223533	0.7	1	216791 6742
28	186575	0.7	1	181283 5292
29	181767	0.7	1	176915 4852
30	186689	0.7	1	181677 5012
31	156849	0.7	1	153400 3449
32	175626	0.7	1	171086 4540
33	166713	0.7	1	162837 3876
34	208234	0.7	1	202718 5516
35	130426	0.7	1	127320 3106
36	169840	0.7	1	165743 4097
37	155962	0.7	1	152273 3689
38	150957	0.7	1	147686 3271
39	129931	0.7	1	127310 2621
40	169215	0.7	1	165214 4001
41	104047	0.7	1	101506 2541
42	117660	0.7	1	115043 2617
43	123126	0.7	1	120050 3076
44	111112	0.7	1	108574 2538
45	127999	0.7	1	124522 3477
46	99503	0.7	1	96892 2611
47	92662	0.7	1	90428 2234
48	106043	0.7	1	103580 2463
49	85218	0.7	1	83205 2013
50	76473	0.7	1	74520 1953
51	73078	0.7	1	71128 1950
52	75022	0.7	1	73198 1824
53	60151	0.7	1	58841 1310
54	61248	0.7	1	59759 1489
55	61960	0.7	1	60411 1549
56	52059	0.7	1	50863 1196
57	55315	0.7	1	53834 1481
58	57918	0.7	1	56588 1330
59	40223	0.7	1	39246 977
60	40445	0.7	1	39612 833
61	34585	0.7	1	33855 730
62	34999	0.7	1	34216 783
63	26932	0.7	1	26396 536
64	32489	0.7	1	31761 728
65	22797	0.7	1	22307 490
66	23756	0.7	1	23305 451
67	23601	0.7	1	23067 534
68	19132	0.7	1	18723 409
69	15566	0.7	1	15228 338
70	20659	0.7	1	20242 417
71	8610	0.7	1	8368 242
72	11404	0.7	1	11129 275
73	11301	0.7	1	11045 256
74	11371	0.7	1	11113 258
75	11467	0.7	1	11292 175
76	3480	0.7	1	3370 110
77	6953	0.7	1	6794 159
78	7007	0.7	1	6819 188
79	6419	0.7	1	6253 166
80	5736	0.7	1	5605 131
81	5178	0.7	1	5045 133
82	4766	0.7	1	4595 171
83	4118	0.7	1	3957 161
84	3517	0.7	1	3405 112
85	3331	0.7	1	3236 95
86	3220	0.7	1	3118 102
87	2950	0.7	1	2880 70
88	2918	0.7	1	2834 84
89	2698	0.7	1	2623 75
90	2575	0.7	1	2494 81
91	2321	0.7	1	2247 74
92	2118	0.7	1	2052 66
93	1834	0.7	1	1773 61
94	1670	0.7	1	1629 41
95	1427	0.7	1	1368 59
96	1279	0.7	1	1235 44
97	1370	0.7	1	1308 62
98	1243	0.7	1	1197 46
99	1259	0.7	1	1191 68
100	1146	0.7	1	1094 52
101	962	0.7	1	916 46
102	927	0.7	1	877 50
103	890	0.7	1	849 41
104	754	0.7	1	705 49
105	786	0.7	1	725 61
106	740	0.7	1	699 41
107	850	0.7	1	797 53
108	846	0.7	1	748 98
109	650	0.7	1	609 41
110	647	0.7	1	582 65
111	608	0.7	1	555 53
112	608	0.7	1	553 55
113	536	0.7	1	473 63
114	557	0.7	1	505 52
115	610	0.7	1	514 96
116	618	0.7	1	520 98
117	547	0.7	1	485 62
118	485	0.7	1	412 73
119	616	0.7	1	528 88
120	1249	0.7	1	1006 243
121	1734	0.7	1	1362 372
122	906	0.7	1	765 141
123	366	0.7	1	314 52
124	282	0.7	1	233 49
125	227	0.7	1	185 42
126	255	0.7	1	204 51
127	262	0.7	1	199 63
128	434	0.7	1	326 108
129	486	0.7	1	344 142
130	3258	0.7	1	2442 816
131	189557	0.7	1	176192 13365
132	659	0.7	1	600 59
133	279	0.7	1	249 30
134	321	0.7	1	308 13
135	268	0.7	1	256 12
136	168	0.7	1	155 13
137	246	0.7	1	234 12
138	391	0.7	1	383 8
139	254	0.7	1	242 12
140	350	0.7	1	340 10
141	549	0.7	1	541 8
142	364	0.7	1	349 15
143	507	0.7	1	494 13
144	594	0.7	1	575 19
145	598	0.7	1	582 16
146	972	0.7	1	951 21
147	885	0.7	1	839 46
148	738	0.7	1	714 24
149	333	0.7	1	283 50
150	10897	0.7	1	9436 1461

RUN STATISTICS FOR INPUT FILE: /vortexfs1/omics/tepolt/raw_reads/C_maenas/Cm_yrv_2023/5-067_R2_001.fastq.gz
=============================================
45059618 sequences processed in total

Total number of sequences analysed for the sequence pair length validation: 45059618

Number of sequence pairs removed because at least one read was shorter than the length cutoff (20 bp): 731194 (1.62%)
