
SUMMARISING RUN PARAMETERS
==========================
Input filename: /vortexfs1/omics/tepolt/raw_reads/C_maenas/Cm_yrv_2023/5-066_R2_001.fastq.gz
Trimming mode: paired-end
Trim Galore version: 0.6.6
Cutadapt version: 3.5
Python version: could not detect
Number of cores used for trimming: 8
Quality Phred score cutoff: 20
Quality encoding type selected: ASCII+33
Adapter sequence: 'AGATCGGAAGAGC' (Illumina TruSeq, Sanger iPCR; user defined)
Maximum trimming error rate: 0.1 (default)
Minimum required adapter overlap (stringency): 1 bp
Minimum required sequence length for both reads before a sequence pair gets removed: 20 bp
Running FastQC on the data once trimming has completed
Running FastQC with the following extra arguments: --outdir /vortexfs1/scratch/yaamini.venkataraman/wc-green-crab/output/06b-trimgalore     --threads 28
Output file will be GZIP compressed


This is cutadapt 3.5 with Python 3.9.5
Command line parameters: -j 8 -e 0.1 -q 20 -O 1 -a AGATCGGAAGAGC /vortexfs1/omics/tepolt/raw_reads/C_maenas/Cm_yrv_2023/5-066_R2_001.fastq.gz
Processing reads on 8 cores in single-end mode ...
Finished in 60.97 s (2 µs/read; 31.62 M reads/minute).

=== Summary ===

Total reads processed:              32,128,669
Reads with adapters:                12,757,834 (39.7%)
Reads written (passing filters):    32,128,669 (100.0%)

Total basepairs processed: 4,819,300,350 bp
Quality-trimmed:              23,768,260 bp (0.5%)
Total written (filtered):  4,290,340,567 bp (89.0%)

=== Adapter 1 ===

Sequence: AGATCGGAAGAGC; Type: regular 3'; Length: 13; Trimmed: 12757834 times

Minimum overlap: 1
No. of allowed errors:
1-9 bp: 0; 10-13 bp: 1

Bases preceding removed adapters:
  A: 18.0%
  C: 33.6%
  G: 28.9%
  T: 17.0%
  none/other: 2.5%

Overview of removed sequences
length	count	expect	max.err	error counts
1	2677093	8032167.2	0	2677093
2	716379	2008041.8	0	716379
3	269873	502010.5	0	269873
4	124213	125502.6	0	124213
5	92405	31375.7	0	92405
6	83731	7843.9	0	83731
7	84247	1961.0	0	84247
8	80227	490.2	0	80227
9	80445	122.6	0	80146 299
10	82502	30.6	1	80872 1630
11	82040	7.7	1	80392 1648
12	85652	1.9	1	83675 1977
13	85875	0.5	1	84098 1777
14	90283	0.5	1	88049 2234
15	98400	0.5	1	96052 2348
16	87525	0.5	1	85518 2007
17	91191	0.5	1	88593 2598
18	89982	0.5	1	87474 2508
19	99128	0.5	1	95884 3244
20	96732	0.5	1	94252 2480
21	82762	0.5	1	80650 2112
22	86755	0.5	1	84511 2244
23	92984	0.5	1	90646 2338
24	99033	0.5	1	95959 3074
25	91269	0.5	1	88995 2274
26	94357	0.5	1	91780 2577
27	106228	0.5	1	103208 3020
28	85750	0.5	1	83564 2186
29	92329	0.5	1	90118 2211
30	88324	0.5	1	86306 2018
31	91109	0.5	1	89178 1931
32	93483	0.5	1	91381 2102
33	117684	0.5	1	114881 2803
34	94873	0.5	1	92677 2196
35	97472	0.5	1	95402 2070
36	88112	0.5	1	86402 1710
37	97447	0.5	1	95452 1995
38	100643	0.5	1	98584 2059
39	100978	0.5	1	98881 2097
40	100496	0.5	1	98312 2184
41	89864	0.5	1	88205 1659
42	97032	0.5	1	94950 2082
43	100634	0.5	1	98408 2226
44	95384	0.5	1	93530 1854
45	114299	0.5	1	111602 2697
46	95070	0.5	1	92853 2217
47	95406	0.5	1	93461 1945
48	108835	0.5	1	106604 2231
49	96276	0.5	1	94305 1971
50	92670	0.5	1	90832 1838
51	94733	0.5	1	92555 2178
52	103431	0.5	1	101073 2358
53	88538	0.5	1	86890 1648
54	96999	0.5	1	94985 2014
55	101391	0.5	1	99115 2276
56	96227	0.5	1	94259 1968
57	105872	0.5	1	103562 2310
58	117908	0.5	1	115440 2468
59	102607	0.5	1	100446 2161
60	107313	0.5	1	105384 1929
61	93910	0.5	1	92246 1664
62	97661	0.5	1	95838 1823
63	89984	0.5	1	88404 1580
64	111403	0.5	1	109464 1939
65	87564	0.5	1	86041 1523
66	98470	0.5	1	96864 1606
67	103504	0.5	1	101706 1798
68	94216	0.5	1	92623 1593
69	82833	0.5	1	81476 1357
70	115510	0.5	1	113597 1913
71	61018	0.5	1	59816 1202
72	81725	0.5	1	80341 1384
73	89913	0.5	1	88387 1526
74	97559	0.5	1	95928 1631
75	109727	0.5	1	108427 1300
76	34254	0.5	1	33316 938
77	77583	0.5	1	76440 1143
78	81247	0.5	1	79818 1429
79	80327	0.5	1	78916 1411
80	78912	0.5	1	77490 1422
81	76620	0.5	1	75324 1296
82	74630	0.5	1	73214 1416
83	71078	0.5	1	69751 1327
84	68652	0.5	1	67447 1205
85	67763	0.5	1	66546 1217
86	70363	0.5	1	69164 1199
87	71988	0.5	1	70724 1264
88	69768	0.5	1	68678 1090
89	68091	0.5	1	66935 1156
90	64298	0.5	1	63258 1040
91	62968	0.5	1	61973 995
92	59783	0.5	1	58759 1024
93	53175	0.5	1	52366 809
94	49330	0.5	1	48576 754
95	45680	0.5	1	44970 710
96	44506	0.5	1	43813 693
97	44794	0.5	1	44110 684
98	44441	0.5	1	43725 716
99	41293	0.5	1	40636 657
100	38032	0.5	1	37426 606
101	33112	0.5	1	32599 513
102	28071	0.5	1	27582 489
103	25617	0.5	1	25191 426
104	22008	0.5	1	21692 316
105	19659	0.5	1	19318 341
106	18154	0.5	1	17843 311
107	18219	0.5	1	17879 340
108	16350	0.5	1	16086 264
109	15009	0.5	1	14740 269
110	13700	0.5	1	13484 216
111	11352	0.5	1	11104 248
112	9679	0.5	1	9442 237
113	7658	0.5	1	7509 149
114	6946	0.5	1	6770 176
115	5877	0.5	1	5759 118
116	5568	0.5	1	5394 174
117	5067	0.5	1	4873 194
118	4669	0.5	1	4537 132
119	4079	0.5	1	3965 114
120	3972	0.5	1	3807 165
121	4207	0.5	1	3912 295
122	2788	0.5	1	2665 123
123	2905	0.5	1	2829 76
124	1543	0.5	1	1498 45
125	1184	0.5	1	1159 25
126	910	0.5	1	869 41
127	1112	0.5	1	1084 28
128	975	0.5	1	945 30
129	1072	0.5	1	1035 37
130	1699	0.5	1	1640 59
131	5030	0.5	1	4686 344
132	1391	0.5	1	1345 46
133	1272	0.5	1	1225 47
134	8942	0.5	1	8825 117
135	2073	0.5	1	2036 37
136	1382	0.5	1	1356 26
137	2732	0.5	1	2676 56
138	9665	0.5	1	9546 119
139	2597	0.5	1	2555 42
140	2838	0.5	1	2795 43
141	8294	0.5	1	8164 130
142	3658	0.5	1	3599 59
143	4672	0.5	1	4616 56
144	4923	0.5	1	4825 98
145	4099	0.5	1	4014 85
146	6251	0.5	1	6121 130
147	5235	0.5	1	5075 160
148	5280	0.5	1	5069 211
149	6724	0.5	1	5722 1002
150	322542	0.5	1	288459 34083

RUN STATISTICS FOR INPUT FILE: /vortexfs1/omics/tepolt/raw_reads/C_maenas/Cm_yrv_2023/5-066_R2_001.fastq.gz
=============================================
32128669 sequences processed in total

Total number of sequences analysed for the sequence pair length validation: 32128669

Number of sequence pairs removed because at least one read was shorter than the length cutoff (20 bp): 13223310 (41.16%)
