
SUMMARISING RUN PARAMETERS
==========================
Input filename: /vortexfs1/omics/tepolt/raw_reads/C_maenas/Cm_yrv_2023/5-061_R1_001.fastq.gz
Trimming mode: paired-end
Trim Galore version: 0.6.6
Cutadapt version: 3.5
Python version: could not detect
Number of cores used for trimming: 8
Quality Phred score cutoff: 20
Quality encoding type selected: ASCII+33
Adapter sequence: 'AGATCGGAAGAGC' (Illumina TruSeq, Sanger iPCR; user defined)
Maximum trimming error rate: 0.1 (default)
Minimum required adapter overlap (stringency): 1 bp
Minimum required sequence length for both reads before a sequence pair gets removed: 20 bp
Running FastQC on the data once trimming has completed
Running FastQC with the following extra arguments: --outdir /vortexfs1/scratch/yaamini.venkataraman/wc-green-crab/output/06b-trimgalore     --threads 28
Output file will be GZIP compressed


This is cutadapt 3.5 with Python 3.9.5
Command line parameters: -j 8 -e 0.1 -q 20 -O 1 -a AGATCGGAAGAGC /vortexfs1/omics/tepolt/raw_reads/C_maenas/Cm_yrv_2023/5-061_R1_001.fastq.gz
Processing reads on 8 cores in single-end mode ...
Finished in 73.07 s (2 µs/read; 30.33 M reads/minute).

=== Summary ===

Total reads processed:              36,937,307
Reads with adapters:                16,442,886 (44.5%)
Reads written (passing filters):    36,937,307 (100.0%)

Total basepairs processed: 5,540,596,050 bp
Quality-trimmed:               6,759,771 bp (0.1%)
Total written (filtered):  5,331,972,267 bp (96.2%)

=== Adapter 1 ===

Sequence: AGATCGGAAGAGC; Type: regular 3'; Length: 13; Trimmed: 16442886 times

Minimum overlap: 1
No. of allowed errors:
1-9 bp: 0; 10-13 bp: 1

Bases preceding removed adapters:
  A: 26.9%
  C: 23.1%
  G: 19.1%
  T: 27.9%
  none/other: 3.0%

Overview of removed sequences
length	count	expect	max.err	error counts
1	8880746	9234326.8	0	8880746
2	2012418	2308581.7	0	2012418
3	925272	577145.4	0	925272
4	246315	144286.4	0	246315
5	142790	36071.6	0	142790
6	113802	9017.9	0	113802
7	111507	2254.5	0	111507
8	103771	563.6	0	103771
9	97423	140.9	0	96795 628
10	95253	35.2	1	93203 2050
11	92777	8.8	1	90968 1809
12	93096	2.2	1	91183 1913
13	94061	0.6	1	91901 2160
14	93092	0.6	1	91006 2086
15	107147	0.6	1	104638 2509
16	94259	0.6	1	92185 2074
17	92264	0.6	1	90135 2129
18	89284	0.6	1	87430 1854
19	90669	0.6	1	88692 1977
20	88516	0.6	1	86599 1917
21	80159	0.6	1	78264 1895
22	79416	0.6	1	77720 1696
23	85883	0.6	1	83929 1954
24	80559	0.6	1	78761 1798
25	84098	0.6	1	82148 1950
26	77514	0.6	1	75815 1699
27	74351	0.6	1	72589 1762
28	72358	0.6	1	70689 1669
29	67075	0.6	1	65572 1503
30	62742	0.6	1	61380 1362
31	62425	0.6	1	61029 1396
32	62371	0.6	1	60793 1578
33	62649	0.6	1	61206 1443
34	60936	0.6	1	59482 1454
35	58788	0.6	1	57424 1364
36	59185	0.6	1	57658 1527
37	58004	0.6	1	56628 1376
38	57811	0.6	1	56437 1374
39	54213	0.6	1	52809 1404
40	54603	0.6	1	53228 1375
41	48938	0.6	1	47712 1226
42	46953	0.6	1	45705 1248
43	46908	0.6	1	45403 1505
44	65335	0.6	1	63468 1867
45	40531	0.6	1	39242 1289
46	61935	0.6	1	60991 944
47	13837	0.6	1	12500 1337
48	96000	0.6	1	94210 1790
49	84137	0.6	1	82992 1145
50	17551	0.6	1	16903 648
51	22525	0.6	1	21988 537
52	34448	0.6	1	34021 427
53	10833	0.6	1	10311 522
54	41211	0.6	1	40873 338
55	7680	0.6	1	7351 329
56	18488	0.6	1	18235 253
57	10306	0.6	1	10014 292
58	15115	0.6	1	14577 538
59	43355	0.6	1	42954 401
60	9136	0.6	1	8749 387
61	19887	0.6	1	19681 206
62	1887	0.6	1	1722 165
63	2858	0.6	1	2732 126
64	9366	0.6	1	9085 281
65	25477	0.6	1	25230 247
66	1644	0.6	1	1495 149
67	976	0.6	1	897 79
68	6640	0.6	1	6489 151
69	7248	0.6	1	7079 169
70	7152	0.6	1	7012 140
71	5212	0.6	1	5131 81
72	2132	0.6	1	2070 62
73	1995	0.6	1	1914 81
74	4643	0.6	1	4557 86
75	4997	0.6	1	4888 109
76	4650	0.6	1	4553 97
77	4371	0.6	1	4265 106
78	4159	0.6	1	4043 116
79	3929	0.6	1	3843 86
80	3757	0.6	1	3587 170
81	3540	0.6	1	3355 185
82	3485	0.6	1	3361 124
83	2899	0.6	1	2817 82
84	2486	0.6	1	2423 63
85	2502	0.6	1	2437 65
86	2262	0.6	1	2198 64
87	2295	0.6	1	2251 44
88	2099	0.6	1	2050 49
89	2009	0.6	1	1965 44
90	1962	0.6	1	1904 58
91	1851	0.6	1	1795 56
92	1850	0.6	1	1787 63
93	1419	0.6	1	1380 39
94	1329	0.6	1	1280 49
95	1216	0.6	1	1177 39
96	1069	0.6	1	1039 30
97	1135	0.6	1	1100 35
98	1112	0.6	1	1075 37
99	1061	0.6	1	1023 38
100	944	0.6	1	919 25
101	937	0.6	1	902 35
102	838	0.6	1	819 19
103	779	0.6	1	753 26
104	653	0.6	1	632 21
105	605	0.6	1	586 19
106	590	0.6	1	570 20
107	970	0.6	1	935 35
108	635	0.6	1	612 23
109	553	0.6	1	528 25
110	588	0.6	1	557 31
111	536	0.6	1	507 29
112	459	0.6	1	440 19
113	423	0.6	1	391 32
114	420	0.6	1	399 21
115	349	0.6	1	323 26
116	368	0.6	1	344 24
117	288	0.6	1	272 16
118	339	0.6	1	316 23
119	319	0.6	1	296 23
120	308	0.6	1	286 22
121	379	0.6	1	356 23
122	226	0.6	1	206 20
123	215	0.6	1	190 25
124	141	0.6	1	127 14
125	156	0.6	1	129 27
126	172	0.6	1	144 28
127	151	0.6	1	126 25
128	189	0.6	1	151 38
129	186	0.6	1	146 40
130	359	0.6	1	315 44
131	4094	0.6	1	3975 119
132	251	0.6	1	186 65
133	207	0.6	1	158 49
134	383	0.6	1	327 56
135	281	0.6	1	211 70
136	226	0.6	1	159 67
137	277	0.6	1	214 63
138	335	0.6	1	266 69
139	330	0.6	1	248 82
140	412	0.6	1	337 75
141	606	0.6	1	515 91
142	404	0.6	1	312 92
143	598	0.6	1	491 107
144	809	0.6	1	660 149
145	806	0.6	1	626 180
146	1149	0.6	1	952 197
147	1142	0.6	1	794 348
148	1024	0.6	1	560 464
149	9779	0.6	1	257 9522
150	490313	0.6	1	9169 481144

RUN STATISTICS FOR INPUT FILE: /vortexfs1/omics/tepolt/raw_reads/C_maenas/Cm_yrv_2023/5-061_R1_001.fastq.gz
=============================================
36937307 sequences processed in total

