
SUMMARISING RUN PARAMETERS
==========================
Input filename: /vortexfs1/omics/tepolt/raw_reads/C_maenas/Cm_yrv_2023/5-073_R2_001.fastq.gz
Trimming mode: paired-end
Trim Galore version: 0.6.6
Cutadapt version: 3.5
Python version: could not detect
Number of cores used for trimming: 8
Quality Phred score cutoff: 20
Quality encoding type selected: ASCII+33
Adapter sequence: 'AGATCGGAAGAGC' (Illumina TruSeq, Sanger iPCR; user defined)
Maximum trimming error rate: 0.1 (default)
Minimum required adapter overlap (stringency): 1 bp
Minimum required sequence length for both reads before a sequence pair gets removed: 20 bp
Running FastQC on the data once trimming has completed
Running FastQC with the following extra arguments: --outdir /vortexfs1/scratch/yaamini.venkataraman/wc-green-crab/output/06b-trimgalore     --threads 28
Output file will be GZIP compressed


This is cutadapt 3.5 with Python 3.9.5
Command line parameters: -j 8 -e 0.1 -q 20 -O 1 -a AGATCGGAAGAGC /vortexfs1/omics/tepolt/raw_reads/C_maenas/Cm_yrv_2023/5-073_R2_001.fastq.gz
Processing reads on 8 cores in single-end mode ...
Finished in 69.15 s (2 µs/read; 30.40 M reads/minute).

=== Summary ===

Total reads processed:              35,029,787
Reads with adapters:                19,908,765 (56.8%)
Reads written (passing filters):    35,029,787 (100.0%)

Total basepairs processed: 5,254,468,050 bp
Quality-trimmed:              18,248,993 bp (0.3%)
Total written (filtered):  4,556,363,546 bp (86.7%)

=== Adapter 1 ===

Sequence: AGATCGGAAGAGC; Type: regular 3'; Length: 13; Trimmed: 19908765 times

Minimum overlap: 1
No. of allowed errors:
1-9 bp: 0; 10-13 bp: 1

Bases preceding removed adapters:
  A: 20.8%
  C: 25.1%
  G: 36.2%
  T: 17.8%
  none/other: 0.1%

Overview of removed sequences
length	count	expect	max.err	error counts
1	6391399	8757446.8	0	6391399
2	1594551	2189361.7	0	1594551
3	570824	547340.4	0	570824
4	261242	136835.1	0	261242
5	189991	34208.8	0	189991
6	164745	8552.2	0	164745
7	164064	2138.0	0	164064
8	151575	534.5	0	151575
9	146454	133.6	0	145871 583
10	149755	33.4	1	146640 3115
11	147321	8.4	1	144172 3149
12	153754	2.1	1	149840 3914
13	149204	0.5	1	146038 3166
14	153626	0.5	1	149582 4044
15	176032	0.5	1	171360 4672
16	149443	0.5	1	145687 3756
17	155585	0.5	1	150765 4820
18	151181	0.5	1	146659 4522
19	168380	0.5	1	162891 5489
20	152152	0.5	1	148003 4149
21	133067	0.5	1	129441 3626
22	135618	0.5	1	131961 3657
23	145895	0.5	1	141824 4071
24	155748	0.5	1	150692 5056
25	140425	0.5	1	136541 3884
26	143693	0.5	1	139499 4194
27	154877	0.5	1	150268 4609
28	126845	0.5	1	123309 3536
29	129006	0.5	1	125589 3417
30	135265	0.5	1	131860 3405
31	110929	0.5	1	108499 2430
32	128355	0.5	1	125127 3228
33	135844	0.5	1	132733 3111
34	118064	0.5	1	115227 2837
35	125737	0.5	1	122870 2867
36	158400	0.5	1	154390 4010
37	123242	0.5	1	120274 2968
38	128179	0.5	1	125713 2466
39	90243	0.5	1	88305 1938
40	109210	0.5	1	106940 2270
41	110026	0.5	1	107627 2399
42	114908	0.5	1	111974 2934
43	113188	0.5	1	110532 2656
44	99826	0.5	1	97486 2340
45	140251	0.5	1	136936 3315
46	92449	0.5	1	90077 2372
47	85908	0.5	1	83881 2027
48	116722	0.5	1	114251 2471
49	84637	0.5	1	82766 1871
50	84010	0.5	1	82143 1867
51	84664	0.5	1	82597 2067
52	97770	0.5	1	95528 2242
53	67908	0.5	1	66383 1525
54	82009	0.5	1	80120 1889
55	82257	0.5	1	80289 1968
56	71858	0.5	1	70192 1666
57	89427	0.5	1	87204 2223
58	106171	0.5	1	103920 2251
59	64656	0.5	1	63155 1501
60	81533	0.5	1	80082 1451
61	55045	0.5	1	53968 1077
62	67696	0.5	1	66487 1209
63	50522	0.5	1	49472 1050
64	76328	0.5	1	75023 1305
65	45459	0.5	1	44562 897
66	56665	0.5	1	55609 1056
67	61853	0.5	1	60752 1101
68	47750	0.5	1	46820 930
69	37759	0.5	1	37021 738
70	68124	0.5	1	67072 1052
71	17969	0.5	1	17371 598
72	35491	0.5	1	34797 694
73	39565	0.5	1	38760 805
74	41773	0.5	1	40934 839
75	45060	0.5	1	44391 669
76	15113	0.5	1	14680 433
77	27601	0.5	1	27096 505
78	30781	0.5	1	30161 620
79	29152	0.5	1	28555 597
80	27712	0.5	1	27083 629
81	26818	0.5	1	26124 694
82	25254	0.5	1	24383 871
83	23569	0.5	1	22532 1037
84	20137	0.5	1	19603 534
85	19327	0.5	1	18717 610
86	19302	0.5	1	18735 567
87	19251	0.5	1	18766 485
88	17781	0.5	1	17380 401
89	17010	0.5	1	16524 486
90	15214	0.5	1	14877 337
91	14803	0.5	1	14473 330
92	13296	0.5	1	12995 301
93	11291	0.5	1	11006 285
94	9972	0.5	1	9736 236
95	8559	0.5	1	8354 205
96	7766	0.5	1	7584 182
97	7290	0.5	1	7099 191
98	7325	0.5	1	7123 202
99	6886	0.5	1	6664 222
100	6085	0.5	1	5885 200
101	5442	0.5	1	5195 247
102	6718	0.5	1	6127 591
103	4662	0.5	1	4360 302
104	3955	0.5	1	3721 234
105	3448	0.5	1	3200 248
106	3693	0.5	1	3285 408
107	4453	0.5	1	3937 516
108	8033	0.5	1	6159 1874
109	2886	0.5	1	2561 325
110	4074	0.5	1	3383 691
111	3103	0.5	1	2603 500
112	3461	0.5	1	2778 683
113	2919	0.5	1	2424 495
114	3138	0.5	1	2634 504
115	4764	0.5	1	3675 1089
116	5094	0.5	1	3906 1188
117	4627	0.5	1	3499 1128
118	4053	0.5	1	3022 1031
119	5378	0.5	1	3966 1412
120	13999	0.5	1	9921 4078
121	22412	0.5	1	15593 6819
122	10114	0.5	1	8282 1832
123	3391	0.5	1	2794 597
124	1678	0.5	1	1288 390
125	1962	0.5	1	1425 537
126	2124	0.5	1	1447 677
127	2522	0.5	1	1686 836
128	5361	0.5	1	3334 2027
129	6537	0.5	1	4161 2376
130	53195	0.5	1	39122 14073
131	2638220	0.5	1	2426385 211835
132	8069	0.5	1	7550 519
133	2020	0.5	1	1890 130
134	1217	0.5	1	1164 53
135	1273	0.5	1	1222 51
136	459	0.5	1	446 13
137	468	0.5	1	453 15
138	875	0.5	1	855 20
139	551	0.5	1	542 9
140	496	0.5	1	485 11
141	967	0.5	1	945 22
142	539	0.5	1	530 9
143	724	0.5	1	700 24
144	729	0.5	1	715 14
145	835	0.5	1	821 14
146	902	0.5	1	879 23
147	919	0.5	1	867 52
148	831	0.5	1	777 54
149	882	0.5	1	645 237
150	26141	0.5	1	20269 5872

RUN STATISTICS FOR INPUT FILE: /vortexfs1/omics/tepolt/raw_reads/C_maenas/Cm_yrv_2023/5-073_R2_001.fastq.gz
=============================================
35029787 sequences processed in total

Total number of sequences analysed for the sequence pair length validation: 35029787

Number of sequence pairs removed because at least one read was shorter than the length cutoff (20 bp): 3772897 (10.77%)
