
SUMMARISING RUN PARAMETERS
==========================
Input filename: /vortexfs1/omics/tepolt/raw_reads/C_maenas/Cm_yrv_2023/5-073_R1_001.fastq.gz
Trimming mode: paired-end
Trim Galore version: 0.6.6
Cutadapt version: 3.5
Python version: could not detect
Number of cores used for trimming: 8
Quality Phred score cutoff: 20
Quality encoding type selected: ASCII+33
Adapter sequence: 'AGATCGGAAGAGC' (Illumina TruSeq, Sanger iPCR; user defined)
Maximum trimming error rate: 0.1 (default)
Minimum required adapter overlap (stringency): 1 bp
Minimum required sequence length for both reads before a sequence pair gets removed: 20 bp
Running FastQC on the data once trimming has completed
Running FastQC with the following extra arguments: --outdir /vortexfs1/scratch/yaamini.venkataraman/wc-green-crab/output/06b-trimgalore     --threads 28
Output file will be GZIP compressed


This is cutadapt 3.5 with Python 3.9.5
Command line parameters: -j 8 -e 0.1 -q 20 -O 1 -a AGATCGGAAGAGC /vortexfs1/omics/tepolt/raw_reads/C_maenas/Cm_yrv_2023/5-073_R1_001.fastq.gz
Processing reads on 8 cores in single-end mode ...
Finished in 63.56 s (2 µs/read; 33.07 M reads/minute).

=== Summary ===

Total reads processed:              35,029,787
Reads with adapters:                20,663,749 (59.0%)
Reads written (passing filters):    35,029,787 (100.0%)

Total basepairs processed: 5,254,468,050 bp
Quality-trimmed:              18,462,776 bp (0.4%)
Total written (filtered):  4,413,851,745 bp (84.0%)

=== Adapter 1 ===

Sequence: AGATCGGAAGAGC; Type: regular 3'; Length: 13; Trimmed: 20663749 times

Minimum overlap: 1
No. of allowed errors:
1-9 bp: 0; 10-13 bp: 1

Bases preceding removed adapters:
  A: 17.6%
  C: 22.2%
  G: 18.9%
  T: 36.9%
  none/other: 4.5%

Overview of removed sequences
length	count	expect	max.err	error counts
1	6072509	8757446.8	0	6072509
2	1484241	2189361.7	0	1484241
3	698993	547340.4	0	698993
4	246447	136835.1	0	246447
5	188464	34208.8	0	188464
6	163649	8552.2	0	163649
7	163244	2138.0	0	163244
8	150895	534.5	0	150895
9	147664	133.6	0	146714 950
10	148319	33.4	1	145528 2791
11	147558	8.4	1	144644 2914
12	149268	2.1	1	146230 3038
13	152972	0.5	1	149696 3276
14	152946	0.5	1	149648 3298
15	171704	0.5	1	167927 3777
16	156350	0.5	1	153041 3309
17	153285	0.5	1	149608 3677
18	150493	0.5	1	147483 3010
19	155739	0.5	1	152387 3352
20	148163	0.5	1	145011 3152
21	142404	0.5	1	139228 3176
22	140338	0.5	1	137434 2904
23	146328	0.5	1	143060 3268
24	143485	0.5	1	140382 3103
25	148403	0.5	1	145041 3362
26	142609	0.5	1	139509 3100
27	138930	0.5	1	135684 3246
28	135692	0.5	1	132391 3301
29	128146	0.5	1	125340 2806
30	125148	0.5	1	122447 2701
31	126011	0.5	1	123299 2712
32	126525	0.5	1	123633 2892
33	126156	0.5	1	123388 2768
34	125328	0.5	1	122421 2907
35	126942	0.5	1	123891 3051
36	126862	0.5	1	123774 3088
37	125169	0.5	1	122242 2927
38	125167	0.5	1	122294 2873
39	120143	0.5	1	117255 2888
40	118156	0.5	1	115218 2938
41	114143	0.5	1	111197 2946
42	114750	0.5	1	111576 3174
43	110727	0.5	1	107222 3505
44	171373	0.5	1	166655 4718
45	102721	0.5	1	99559 3162
46	146220	0.5	1	143336 2884
47	88709	0.5	1	80940 7769
48	823017	0.5	1	816421 6596
49	154829	0.5	1	150025 4804
50	126240	0.5	1	124459 1781
51	39343	0.5	1	37649 1694
52	116532	0.5	1	115510 1022
53	15572	0.5	1	14825 747
54	28314	0.5	1	27958 356
55	9690	0.5	1	9397 293
56	11297	0.5	1	11065 232
57	5088	0.5	1	4677 411
58	31213	0.5	1	30223 990
59	86964	0.5	1	86131 833
60	12349	0.5	1	11472 877
61	43325	0.5	1	42853 472
62	7497	0.5	1	7174 323
63	4376	0.5	1	3950 426
64	33342	0.5	1	32413 929
65	83218	0.5	1	82458 760
66	21703	0.5	1	21224 479
67	5201	0.5	1	4955 246
68	7829	0.5	1	7510 319
69	19140	0.5	1	18746 394
70	22804	0.5	1	22415 389
71	18022	0.5	1	17726 296
72	9762	0.5	1	9512 250
73	9881	0.5	1	9551 330
74	27310	0.5	1	26890 420
75	32195	0.5	1	31667 528
76	32446	0.5	1	31884 562
77	31947	0.5	1	31288 659
78	31132	0.5	1	30547 585
79	29508	0.5	1	28930 578
80	27970	0.5	1	27363 607
81	27024	0.5	1	26407 617
82	26298	0.5	1	25669 629
83	25039	0.5	1	24417 622
84	20695	0.5	1	20254 441
85	22632	0.5	1	22224 408
86	20042	0.5	1	19651 391
87	19318	0.5	1	18935 383
88	17995	0.5	1	17628 367
89	17279	0.5	1	16866 413
90	15517	0.5	1	15241 276
91	14863	0.5	1	14579 284
92	13674	0.5	1	13405 269
93	11529	0.5	1	11302 227
94	10254	0.5	1	10031 223
95	8820	0.5	1	8652 168
96	7999	0.5	1	7856 143
97	7551	0.5	1	7412 139
98	7583	0.5	1	7420 163
99	6961	0.5	1	6811 150
100	6220	0.5	1	6069 151
101	5529	0.5	1	5396 133
102	7520	0.5	1	7297 223
103	4922	0.5	1	4811 111
104	4124	0.5	1	4015 109
105	3556	0.5	1	3464 92
106	3929	0.5	1	3798 131
107	4746	0.5	1	4605 141
108	9331	0.5	1	9019 312
109	3128	0.5	1	3039 89
110	4532	0.5	1	4404 128
111	3294	0.5	1	3168 126
112	3911	0.5	1	3770 141
113	3398	0.5	1	3273 125
114	3628	0.5	1	3457 171
115	5552	0.5	1	5343 209
116	5807	0.5	1	5619 188
117	5291	0.5	1	5116 175
118	4479	0.5	1	4321 158
119	6149	0.5	1	5954 195
120	15789	0.5	1	15330 459
121	26211	0.5	1	25563 648
122	10935	0.5	1	10668 267
123	3512	0.5	1	3382 130
124	1605	0.5	1	1478 127
125	1747	0.5	1	1605 142
126	1937	0.5	1	1746 191
127	2118	0.5	1	1896 222
128	3819	0.5	1	3463 356
129	4918	0.5	1	4474 444
130	39603	0.5	1	37455 2148
131	2753135	0.5	1	2713669 39466
132	8378	0.5	1	8163 215
133	2149	0.5	1	2026 123
134	1307	0.5	1	1198 109
135	1396	0.5	1	1267 129
136	539	0.5	1	446 93
137	577	0.5	1	445 132
138	974	0.5	1	847 127
139	708	0.5	1	549 159
140	648	0.5	1	494 154
141	1079	0.5	1	933 146
142	705	0.5	1	520 185
143	895	0.5	1	714 181
144	960	0.5	1	696 264
145	1133	0.5	1	806 327
146	1250	0.5	1	887 363
147	1568	0.5	1	864 704
148	1720	0.5	1	800 920
149	17297	0.5	1	708 16589
150	906474	0.5	1	20124 886350

RUN STATISTICS FOR INPUT FILE: /vortexfs1/omics/tepolt/raw_reads/C_maenas/Cm_yrv_2023/5-073_R1_001.fastq.gz
=============================================
35029787 sequences processed in total

