
SUMMARISING RUN PARAMETERS
==========================
Input filename: /vortexfs1/omics/tepolt/raw_reads/C_maenas/Cm_yrv_2023/5-075_R2_001.fastq.gz
Trimming mode: paired-end
Trim Galore version: 0.6.6
Cutadapt version: 3.5
Python version: could not detect
Number of cores used for trimming: 8
Quality Phred score cutoff: 20
Quality encoding type selected: ASCII+33
Adapter sequence: 'AGATCGGAAGAGC' (Illumina TruSeq, Sanger iPCR; user defined)
Maximum trimming error rate: 0.1 (default)
Minimum required adapter overlap (stringency): 1 bp
Minimum required sequence length for both reads before a sequence pair gets removed: 20 bp
Running FastQC on the data once trimming has completed
Running FastQC with the following extra arguments: --outdir /vortexfs1/scratch/yaamini.venkataraman/wc-green-crab/output/06b-trimgalore     --threads 28
Output file will be GZIP compressed


This is cutadapt 3.5 with Python 3.9.5
Command line parameters: -j 8 -e 0.1 -q 20 -O 1 -a AGATCGGAAGAGC /vortexfs1/omics/tepolt/raw_reads/C_maenas/Cm_yrv_2023/5-075_R2_001.fastq.gz
Processing reads on 8 cores in single-end mode ...
Finished in 62.15 s (2 µs/read; 26.94 M reads/minute).

=== Summary ===

Total reads processed:              27,906,937
Reads with adapters:                13,330,942 (47.8%)
Reads written (passing filters):    27,906,937 (100.0%)

Total basepairs processed: 4,186,040,550 bp
Quality-trimmed:               9,003,944 bp (0.2%)
Total written (filtered):  4,031,656,281 bp (96.3%)

=== Adapter 1 ===

Sequence: AGATCGGAAGAGC; Type: regular 3'; Length: 13; Trimmed: 13330942 times

Minimum overlap: 1
No. of allowed errors:
1-9 bp: 0; 10-13 bp: 1

Bases preceding removed adapters:
  A: 26.2%
  C: 28.1%
  G: 23.8%
  T: 21.8%
  none/other: 0.1%

Overview of removed sequences
length	count	expect	max.err	error counts
1	6248988	6976734.2	0	6248988
2	1575262	1744183.6	0	1575262
3	553898	436045.9	0	553898
4	233089	109011.5	0	233089
5	157401	27252.9	0	157401
6	136312	6813.2	0	136312
7	133474	1703.3	0	133474
8	124662	425.8	0	124662
9	121935	106.5	0	121465 470
10	121080	26.6	1	119016 2064
11	118884	6.7	1	116847 2037
12	123186	1.7	1	120718 2468
13	121788	0.4	1	119571 2217
14	126034	0.4	1	123247 2787
15	135217	0.4	1	132244 2973
16	116151	0.4	1	113709 2442
17	116974	0.4	1	114147 2827
18	112875	0.4	1	109983 2892
19	114104	0.4	1	111119 2985
20	127402	0.4	1	124243 3159
21	89156	0.4	1	86966 2190
22	94665	0.4	1	92475 2190
23	100960	0.4	1	98585 2375
24	106750	0.4	1	103945 2805
25	95424	0.4	1	93159 2265
26	95670	0.4	1	93359 2311
27	100958	0.4	1	98461 2497
28	82839	0.4	1	80896 1943
29	82251	0.4	1	80322 1929
30	76190	0.4	1	74701 1489
31	82966	0.4	1	81071 1895
32	77495	0.4	1	76005 1490
33	83798	0.4	1	81917 1881
34	70879	0.4	1	69492 1387
35	73652	0.4	1	72189 1463
36	76259	0.4	1	74527 1732
37	75958	0.4	1	74257 1701
38	67653	0.4	1	66388 1265
39	63593	0.4	1	62306 1287
40	65823	0.4	1	64408 1415
41	57477	0.4	1	56289 1188
42	53870	0.4	1	52880 990
43	56613	0.4	1	55355 1258
44	50118	0.4	1	49074 1044
45	57925	0.4	1	56528 1397
46	46200	0.4	1	45239 961
47	44319	0.4	1	43450 869
48	48119	0.4	1	47156 963
49	41021	0.4	1	40201 820
50	37883	0.4	1	37119 764
51	35817	0.4	1	34988 829
52	36498	0.4	1	35674 824
53	30499	0.4	1	29895 604
54	30927	0.4	1	30227 700
55	30862	0.4	1	30184 678
56	26914	0.4	1	26397 517
57	27749	0.4	1	27138 611
58	30549	0.4	1	29929 620
59	21184	0.4	1	20712 472
60	22771	0.4	1	22342 429
61	19209	0.4	1	18862 347
62	19618	0.4	1	19229 389
63	15877	0.4	1	15578 299
64	17929	0.4	1	17612 317
65	13379	0.4	1	13110 269
66	13436	0.4	1	13187 249
67	13385	0.4	1	13113 272
68	11111	0.4	1	10881 230
69	8795	0.4	1	8619 176
70	11131	0.4	1	10893 238
71	5849	0.4	1	5716 133
72	6916	0.4	1	6750 166
73	6850	0.4	1	6703 147
74	6659	0.4	1	6530 129
75	6966	0.4	1	6855 111
76	2013	0.4	1	1954 59
77	4080	0.4	1	3995 85
78	4142	0.4	1	4067 75
79	3796	0.4	1	3691 105
80	3505	0.4	1	3414 91
81	3206	0.4	1	3116 90
82	2824	0.4	1	2728 96
83	2511	0.4	1	2424 87
84	2391	0.4	1	2280 111
85	2200	0.4	1	2100 100
86	2080	0.4	1	1984 96
87	1951	0.4	1	1875 76
88	1770	0.4	1	1706 64
89	1639	0.4	1	1586 53
90	1514	0.4	1	1463 51
91	1397	0.4	1	1353 44
92	1306	0.4	1	1262 44
93	1070	0.4	1	1022 48
94	1010	0.4	1	971 39
95	987	0.4	1	944 43
96	836	0.4	1	797 39
97	740	0.4	1	708 32
98	712	0.4	1	683 29
99	763	0.4	1	729 34
100	642	0.4	1	618 24
101	523	0.4	1	490 33
102	488	0.4	1	456 32
103	521	0.4	1	497 24
104	451	0.4	1	428 23
105	428	0.4	1	399 29
106	356	0.4	1	337 19
107	372	0.4	1	354 18
108	348	0.4	1	331 17
109	342	0.4	1	324 18
110	398	0.4	1	381 17
111	304	0.4	1	290 14
112	280	0.4	1	263 17
113	202	0.4	1	189 13
114	245	0.4	1	225 20
115	226	0.4	1	204 22
116	202	0.4	1	185 17
117	214	0.4	1	196 18
118	226	0.4	1	215 11
119	193	0.4	1	170 23
120	198	0.4	1	169 29
121	191	0.4	1	170 21
122	182	0.4	1	171 11
123	142	0.4	1	132 10
124	116	0.4	1	106 10
125	99	0.4	1	89 10
126	98	0.4	1	84 14
127	112	0.4	1	101 11
128	116	0.4	1	105 11
129	109	0.4	1	94 15
130	1280	0.4	1	1245 35
131	3439	0.4	1	3127 312
132	158	0.4	1	138 20
133	108	0.4	1	95 13
134	319	0.4	1	306 13
135	155	0.4	1	148 7
136	111	0.4	1	104 7
137	158	0.4	1	151 7
138	299	0.4	1	296 3
139	140	0.4	1	132 8
140	196	0.4	1	186 10
141	346	0.4	1	336 10
142	217	0.4	1	209 8
143	291	0.4	1	287 4
144	290	0.4	1	281 9
145	287	0.4	1	275 12
146	403	0.4	1	387 16
147	361	0.4	1	337 24
148	464	0.4	1	427 37
149	545	0.4	1	343 202
150	18528	0.4	1	15932 2596

RUN STATISTICS FOR INPUT FILE: /vortexfs1/omics/tepolt/raw_reads/C_maenas/Cm_yrv_2023/5-075_R2_001.fastq.gz
=============================================
27906937 sequences processed in total

Total number of sequences analysed for the sequence pair length validation: 27906937

Number of sequence pairs removed because at least one read was shorter than the length cutoff (20 bp): 623597 (2.23%)
