
SUMMARISING RUN PARAMETERS
==========================
Input filename: /vortexfs1/omics/tepolt/raw_reads/C_maenas/Cm_yrv_2023/5-071_R1_001.fastq.gz
Trimming mode: paired-end
Trim Galore version: 0.6.6
Cutadapt version: 3.5
Python version: could not detect
Number of cores used for trimming: 8
Quality Phred score cutoff: 20
Quality encoding type selected: ASCII+33
Adapter sequence: 'AGATCGGAAGAGC' (Illumina TruSeq, Sanger iPCR; user defined)
Maximum trimming error rate: 0.1 (default)
Minimum required adapter overlap (stringency): 1 bp
Minimum required sequence length for both reads before a sequence pair gets removed: 20 bp
Running FastQC on the data once trimming has completed
Running FastQC with the following extra arguments: --outdir /vortexfs1/scratch/yaamini.venkataraman/wc-green-crab/output/06b-trimgalore     --threads 28
Output file will be GZIP compressed


This is cutadapt 3.5 with Python 3.9.5
Command line parameters: -j 8 -e 0.1 -q 20 -O 1 -a AGATCGGAAGAGC /vortexfs1/omics/tepolt/raw_reads/C_maenas/Cm_yrv_2023/5-071_R1_001.fastq.gz
Processing reads on 8 cores in single-end mode ...
Finished in 86.92 s (2 µs/read; 29.47 M reads/minute).

=== Summary ===

Total reads processed:              42,689,125
Reads with adapters:                19,431,760 (45.5%)
Reads written (passing filters):    42,689,125 (100.0%)

Total basepairs processed: 6,403,368,750 bp
Quality-trimmed:               7,985,230 bp (0.1%)
Total written (filtered):  6,165,959,306 bp (96.3%)

=== Adapter 1 ===

Sequence: AGATCGGAAGAGC; Type: regular 3'; Length: 13; Trimmed: 19431760 times

Minimum overlap: 1
No. of allowed errors:
1-9 bp: 0; 10-13 bp: 1

Bases preceding removed adapters:
  A: 26.0%
  C: 24.5%
  G: 19.9%
  T: 27.3%
  none/other: 2.3%

Overview of removed sequences
length	count	expect	max.err	error counts
1	9920731	10672281.2	0	9920731
2	2417246	2668070.3	0	2417246
3	1058352	667017.6	0	1058352
4	316191	166754.4	0	316191
5	196598	41688.6	0	196598
6	162716	10422.1	0	162716
7	160086	2605.5	0	160086
8	150289	651.4	0	150289
9	145571	162.8	0	144326 1245
10	142498	40.7	1	139217 3281
11	139097	10.2	1	136060 3037
12	139950	2.5	1	136800 3150
13	139163	0.6	1	135619 3544
14	138273	0.6	1	134886 3387
15	152591	0.6	1	148591 4000
16	137400	0.6	1	133904 3496
17	136927	0.6	1	133289 3638
18	132683	0.6	1	129529 3154
19	131880	0.6	1	128548 3332
20	128584	0.6	1	125440 3144
21	119932	0.6	1	116828 3104
22	115676	0.6	1	112939 2737
23	121368	0.6	1	118251 3117
24	115437	0.6	1	112513 2924
25	117104	0.6	1	114021 3083
26	108879	0.6	1	105988 2891
27	103847	0.6	1	101154 2693
28	100218	0.6	1	97509 2709
29	94281	0.6	1	91909 2372
30	88681	0.6	1	86541 2140
31	88705	0.6	1	86297 2408
32	87026	0.6	1	84709 2317
33	85507	0.6	1	83291 2216
34	80934	0.6	1	78788 2146
35	81503	0.6	1	79359 2144
36	79276	0.6	1	77154 2122
37	75873	0.6	1	73801 2072
38	76417	0.6	1	74200 2217
39	70443	0.6	1	68571 1872
40	67652	0.6	1	65688 1964
41	64501	0.6	1	62814 1687
42	59182	0.6	1	57498 1684
43	60451	0.6	1	58335 2116
44	75352	0.6	1	72997 2355
45	52707	0.6	1	50956 1751
46	74058	0.6	1	72898 1160
47	16456	0.6	1	14997 1459
48	86742	0.6	1	85012 1730
49	48759	0.6	1	47719 1040
50	24703	0.6	1	23928 775
51	32451	0.6	1	31563 888
52	41010	0.6	1	40314 696
53	21271	0.6	1	20589 682
54	37972	0.6	1	37484 488
55	16438	0.6	1	15917 521
56	24756	0.6	1	24325 431
57	20081	0.6	1	19652 429
58	19702	0.6	1	19100 602
59	34521	0.6	1	33969 552
60	17812	0.6	1	17322 490
61	25689	0.6	1	25359 330
62	6054	0.6	1	5825 229
63	8020	0.6	1	7794 226
64	11664	0.6	1	11226 438
65	27535	0.6	1	27249 286
66	3807	0.6	1	3668 139
67	2524	0.6	1	2372 152
68	8016	0.6	1	7854 162
69	7436	0.6	1	7279 157
70	7669	0.6	1	7517 152
71	5618	0.6	1	5517 101
72	2251	0.6	1	2174 77
73	2119	0.6	1	2034 85
74	3986	0.6	1	3885 101
75	4244	0.6	1	4141 103
76	3779	0.6	1	3700 79
77	3729	0.6	1	3624 105
78	3582	0.6	1	3482 100
79	3287	0.6	1	3186 101
80	3373	0.6	1	2968 405
81	3050	0.6	1	2782 268
82	2725	0.6	1	2608 117
83	2562	0.6	1	2459 103
84	1937	0.6	1	1885 52
85	2249	0.6	1	2170 79
86	1866	0.6	1	1798 68
87	1689	0.6	1	1632 57
88	1527	0.6	1	1479 48
89	1495	0.6	1	1445 50
90	1283	0.6	1	1240 43
91	1216	0.6	1	1155 61
92	1192	0.6	1	1155 37
93	1039	0.6	1	985 54
94	842	0.6	1	811 31
95	745	0.6	1	712 33
96	675	0.6	1	660 15
97	692	0.6	1	666 26
98	649	0.6	1	616 33
99	711	0.6	1	663 48
100	578	0.6	1	538 40
101	503	0.6	1	482 21
102	574	0.6	1	543 31
103	519	0.6	1	488 31
104	453	0.6	1	429 24
105	449	0.6	1	417 32
106	409	0.6	1	380 29
107	727	0.6	1	688 39
108	475	0.6	1	443 32
109	353	0.6	1	338 15
110	366	0.6	1	347 19
111	313	0.6	1	277 36
112	319	0.6	1	277 42
113	284	0.6	1	263 21
114	326	0.6	1	296 30
115	242	0.6	1	212 30
116	270	0.6	1	245 25
117	273	0.6	1	251 22
118	250	0.6	1	227 23
119	245	0.6	1	218 27
120	330	0.6	1	293 37
121	638	0.6	1	612 26
122	287	0.6	1	267 20
123	161	0.6	1	135 26
124	146	0.6	1	120 26
125	128	0.6	1	94 34
126	125	0.6	1	98 27
127	135	0.6	1	92 43
128	190	0.6	1	144 46
129	258	0.6	1	199 59
130	1254	0.6	1	1144 110
131	43319	0.6	1	42386 933
132	371	0.6	1	304 67
133	203	0.6	1	144 59
134	287	0.6	1	226 61
135	217	0.6	1	148 69
136	173	0.6	1	105 68
137	184	0.6	1	104 80
138	279	0.6	1	204 75
139	206	0.6	1	116 90
140	252	0.6	1	160 92
141	360	0.6	1	278 82
142	249	0.6	1	154 95
143	332	0.6	1	211 121
144	430	0.6	1	281 149
145	466	0.6	1	286 180
146	581	0.6	1	381 200
147	696	0.6	1	318 378
148	877	0.6	1	357 520
149	9711	0.6	1	282 9429
150	433951	0.6	1	11242 422709

RUN STATISTICS FOR INPUT FILE: /vortexfs1/omics/tepolt/raw_reads/C_maenas/Cm_yrv_2023/5-071_R1_001.fastq.gz
=============================================
42689125 sequences processed in total

