
SUMMARISING RUN PARAMETERS
==========================
Input filename: /vortexfs1/omics/tepolt/raw_reads/C_maenas/Cm_yrv_2023/5-074_R1_001.fastq.gz
Trimming mode: paired-end
Trim Galore version: 0.6.6
Cutadapt version: 3.5
Python version: could not detect
Number of cores used for trimming: 8
Quality Phred score cutoff: 20
Quality encoding type selected: ASCII+33
Adapter sequence: 'AGATCGGAAGAGC' (Illumina TruSeq, Sanger iPCR; user defined)
Maximum trimming error rate: 0.1 (default)
Minimum required adapter overlap (stringency): 1 bp
Minimum required sequence length for both reads before a sequence pair gets removed: 20 bp
Running FastQC on the data once trimming has completed
Running FastQC with the following extra arguments: --outdir /vortexfs1/scratch/yaamini.venkataraman/wc-green-crab/output/06b-trimgalore     --threads 28
Output file will be GZIP compressed


This is cutadapt 3.5 with Python 3.9.5
Command line parameters: -j 8 -e 0.1 -q 20 -O 1 -a AGATCGGAAGAGC /vortexfs1/omics/tepolt/raw_reads/C_maenas/Cm_yrv_2023/5-074_R1_001.fastq.gz
Processing reads on 8 cores in single-end mode ...
Finished in 75.33 s (2 µs/read; 29.28 M reads/minute).

=== Summary ===

Total reads processed:              36,764,035
Reads with adapters:                16,568,678 (45.1%)
Reads written (passing filters):    36,764,035 (100.0%)

Total basepairs processed: 5,514,605,250 bp
Quality-trimmed:               9,296,911 bp (0.2%)
Total written (filtered):  5,231,422,006 bp (94.9%)

=== Adapter 1 ===

Sequence: AGATCGGAAGAGC; Type: regular 3'; Length: 13; Trimmed: 16568678 times

Minimum overlap: 1
No. of allowed errors:
1-9 bp: 0; 10-13 bp: 1

Bases preceding removed adapters:
  A: 23.6%
  C: 25.2%
  G: 19.7%
  T: 26.2%
  none/other: 5.4%

Overview of removed sequences
length	count	expect	max.err	error counts
1	8110264	9191008.8	0	8110264
2	1954190	2297752.2	0	1954190
3	887268	574438.0	0	887268
4	247952	143609.5	0	247952
5	157707	35902.4	0	157707
6	131138	8975.6	0	131138
7	127204	2243.9	0	127204
8	117806	561.0	0	117806
9	115352	140.2	0	114584 768
10	113143	35.1	1	110608 2535
11	110918	8.8	1	108644 2274
12	110992	2.2	1	108760 2232
13	113663	0.5	1	110979 2684
14	113305	0.5	1	110873 2432
15	123335	0.5	1	120477 2858
16	110059	0.5	1	107604 2455
17	109971	0.5	1	107271 2700
18	104288	0.5	1	102092 2196
19	105198	0.5	1	102758 2440
20	103302	0.5	1	101021 2281
21	96607	0.5	1	94223 2384
22	94748	0.5	1	92707 2041
23	98246	0.5	1	95942 2304
24	93747	0.5	1	91653 2094
25	96497	0.5	1	94240 2257
26	91138	0.5	1	89069 2069
27	87462	0.5	1	85316 2146
28	84720	0.5	1	82645 2075
29	80390	0.5	1	78460 1930
30	76335	0.5	1	74771 1564
31	75873	0.5	1	74112 1761
32	78877	0.5	1	76357 2520
33	131577	0.5	1	129595 1982
34	10232	0.5	1	9149 1083
35	70534	0.5	1	69055 1479
36	69558	0.5	1	67891 1667
37	68750	0.5	1	67052 1698
38	65260	0.5	1	63719 1541
39	62356	0.5	1	60818 1538
40	61328	0.5	1	59809 1519
41	58015	0.5	1	56499 1516
42	53926	0.5	1	52464 1462
43	54365	0.5	1	52416 1949
44	75054	0.5	1	72910 2144
45	49136	0.5	1	47613 1523
46	65980	0.5	1	64850 1130
47	21869	0.5	1	20187 1682
48	134925	0.5	1	132594 2331
49	105202	0.5	1	103810 1392
50	24220	0.5	1	23479 741
51	19378	0.5	1	18709 669
52	44611	0.5	1	44166 445
53	10233	0.5	1	9743 490
54	38744	0.5	1	38419 325
55	6390	0.5	1	6092 298
56	13352	0.5	1	13123 229
57	9347	0.5	1	9131 216
58	13378	0.5	1	12899 479
59	37720	0.5	1	37274 446
60	8651	0.5	1	8292 359
61	15155	0.5	1	14958 197
62	1567	0.5	1	1450 117
63	2746	0.5	1	2615 131
64	9069	0.5	1	8759 310
65	23540	0.5	1	23321 219
66	1769	0.5	1	1651 118
67	1027	0.5	1	936 91
68	6049	0.5	1	5884 165
69	6864	0.5	1	6719 145
70	6952	0.5	1	6825 127
71	5232	0.5	1	5150 82
72	2318	0.5	1	2252 66
73	1751	0.5	1	1695 56
74	4328	0.5	1	4241 87
75	4610	0.5	1	4525 85
76	4497	0.5	1	4383 114
77	4124	0.5	1	4016 108
78	3971	0.5	1	3856 115
79	3617	0.5	1	3512 105
80	3287	0.5	1	3175 112
81	2962	0.5	1	2875 87
82	2685	0.5	1	2584 101
83	2304	0.5	1	2236 68
84	2120	0.5	1	2055 65
85	2080	0.5	1	2003 77
86	3224	0.5	1	3127 97
87	1852	0.5	1	1793 59
88	1763	0.5	1	1694 69
89	1492	0.5	1	1427 65
90	1387	0.5	1	1332 55
91	1287	0.5	1	1218 69
92	1377	0.5	1	1329 48
93	1096	0.5	1	1044 52
94	998	0.5	1	963 35
95	818	0.5	1	775 43
96	762	0.5	1	736 26
97	733	0.5	1	700 33
98	721	0.5	1	695 26
99	724	0.5	1	696 28
100	611	0.5	1	589 22
101	502	0.5	1	472 30
102	488	0.5	1	461 27
103	523	0.5	1	493 30
104	441	0.5	1	414 27
105	399	0.5	1	369 30
106	409	0.5	1	383 26
107	398	0.5	1	378 20
108	351	0.5	1	322 29
109	325	0.5	1	277 48
110	307	0.5	1	270 37
111	300	0.5	1	254 46
112	257	0.5	1	221 36
113	273	0.5	1	225 48
114	226	0.5	1	201 25
115	189	0.5	1	161 28
116	194	0.5	1	165 29
117	179	0.5	1	155 24
118	215	0.5	1	187 28
119	166	0.5	1	143 23
120	140	0.5	1	111 29
121	181	0.5	1	146 35
122	146	0.5	1	120 26
123	202	0.5	1	176 26
124	163	0.5	1	120 43
125	129	0.5	1	81 48
126	131	0.5	1	91 40
127	140	0.5	1	84 56
128	164	0.5	1	111 53
129	198	0.5	1	122 76
130	496	0.5	1	412 84
131	1847	0.5	1	1743 104
132	267	0.5	1	169 98
133	261	0.5	1	160 101
134	837	0.5	1	708 129
135	378	0.5	1	261 117
136	264	0.5	1	155 109
137	434	0.5	1	322 112
138	504	0.5	1	411 93
139	390	0.5	1	259 131
140	443	0.5	1	295 148
141	896	0.5	1	743 153
142	523	0.5	1	363 160
143	696	0.5	1	515 181
144	847	0.5	1	632 215
145	915	0.5	1	606 309
146	1129	0.5	1	841 288
147	1316	0.5	1	647 669
148	1473	0.5	1	591 882
149	18923	0.5	1	628 18295
150	878848	0.5	1	30015 848833

RUN STATISTICS FOR INPUT FILE: /vortexfs1/omics/tepolt/raw_reads/C_maenas/Cm_yrv_2023/5-074_R1_001.fastq.gz
=============================================
36764035 sequences processed in total

