
SUMMARISING RUN PARAMETERS
==========================
Input filename: /vortexfs1/omics/tepolt/raw_reads/C_maenas/Cm_yrv_2023/5-074_R2_001.fastq.gz
Trimming mode: paired-end
Trim Galore version: 0.6.6
Cutadapt version: 3.5
Python version: could not detect
Number of cores used for trimming: 8
Quality Phred score cutoff: 20
Quality encoding type selected: ASCII+33
Adapter sequence: 'AGATCGGAAGAGC' (Illumina TruSeq, Sanger iPCR; user defined)
Maximum trimming error rate: 0.1 (default)
Minimum required adapter overlap (stringency): 1 bp
Minimum required sequence length for both reads before a sequence pair gets removed: 20 bp
Running FastQC on the data once trimming has completed
Running FastQC with the following extra arguments: --outdir /vortexfs1/scratch/yaamini.venkataraman/wc-green-crab/output/06b-trimgalore     --threads 28
Output file will be GZIP compressed


This is cutadapt 3.5 with Python 3.9.5
Command line parameters: -j 8 -e 0.1 -q 20 -O 1 -a AGATCGGAAGAGC /vortexfs1/omics/tepolt/raw_reads/C_maenas/Cm_yrv_2023/5-074_R2_001.fastq.gz
Processing reads on 8 cores in single-end mode ...
Finished in 81.01 s (2 µs/read; 27.23 M reads/minute).

=== Summary ===

Total reads processed:              36,764,035
Reads with adapters:                16,551,055 (45.0%)
Reads written (passing filters):    36,764,035 (100.0%)

Total basepairs processed: 5,514,605,250 bp
Quality-trimmed:              14,570,765 bp (0.3%)
Total written (filtered):  5,354,721,076 bp (97.1%)

=== Adapter 1 ===

Sequence: AGATCGGAAGAGC; Type: regular 3'; Length: 13; Trimmed: 16551055 times

Minimum overlap: 1
No. of allowed errors:
1-9 bp: 0; 10-13 bp: 1

Bases preceding removed adapters:
  A: 29.2%
  C: 25.4%
  G: 23.3%
  T: 21.8%
  none/other: 0.2%

Overview of removed sequences
length	count	expect	max.err	error counts
1	8945101	9191008.8	0	8945101
2	2148585	2297752.2	0	2148585
3	703236	574438.0	0	703236
4	264990	143609.5	0	264990
5	158908	35902.4	0	158908
6	132261	8975.6	0	132261
7	127835	2243.9	0	127835
8	118448	561.0	0	118448
9	114708	140.2	0	114086 622
10	113753	35.1	1	111444 2309
11	110496	8.8	1	108304 2192
12	114307	2.2	1	111697 2610
13	110782	0.5	1	108693 2089
14	113884	0.5	1	111111 2773
15	125892	0.5	1	122865 3027
16	106282	0.5	1	103931 2351
17	110221	0.5	1	107231 2990
18	105073	0.5	1	102175 2898
19	115213	0.5	1	111802 3411
20	104744	0.5	1	102116 2628
21	88947	0.5	1	86793 2154
22	91072	0.5	1	88700 2372
23	97965	0.5	1	95417 2548
24	100160	0.5	1	97182 2978
25	91802	0.5	1	89506 2296
26	91347	0.5	1	88874 2473
27	97252	0.5	1	94547 2705
28	78231	0.5	1	76176 2055
29	81434	0.5	1	79398 2036
30	76783	0.5	1	74947 1836
31	72638	0.5	1	71045 1593
32	73564	0.5	1	71810 1754
33	83326	0.5	1	81365 1961
34	65609	0.5	1	64063 1546
35	70856	0.5	1	69168 1688
36	119492	0.5	1	116986 2506
37	40984	0.5	1	39760 1224
38	88382	0.5	1	86809 1573
39	43193	0.5	1	42067 1126
40	66184	0.5	1	65023 1161
41	38690	0.5	1	37830 860
42	48811	0.5	1	47779 1032
43	55600	0.5	1	54451 1149
44	43781	0.5	1	42850 931
45	70828	0.5	1	69432 1396
46	35175	0.5	1	34289 886
47	35566	0.5	1	34772 794
48	53249	0.5	1	52250 999
49	34072	0.5	1	33310 762
50	33656	0.5	1	32893 763
51	33420	0.5	1	32674 746
52	39465	0.5	1	38572 893
53	22915	0.5	1	22391 524
54	30904	0.5	1	30192 712
55	30078	0.5	1	29463 615
56	23338	0.5	1	22813 525
57	31028	0.5	1	30340 688
58	35152	0.5	1	34528 624
59	18182	0.5	1	17766 416
60	19962	0.5	1	19545 417
61	15115	0.5	1	14819 296
62	21699	0.5	1	21347 352
63	10487	0.5	1	10237 250
64	18962	0.5	1	18651 311
65	9412	0.5	1	9197 215
66	11743	0.5	1	11521 222
67	12929	0.5	1	12689 240
68	8481	0.5	1	8263 218
69	6007	0.5	1	5839 168
70	11939	0.5	1	11765 174
71	2431	0.5	1	2309 122
72	5914	0.5	1	5794 120
73	6306	0.5	1	6153 153
74	6477	0.5	1	6321 156
75	6117	0.5	1	6023 94
76	1997	0.5	1	1936 61
77	3321	0.5	1	3242 79
78	3848	0.5	1	3729 119
79	3615	0.5	1	3516 99
80	3236	0.5	1	3142 94
81	2988	0.5	1	2894 94
82	2661	0.5	1	2584 77
83	2290	0.5	1	2187 103
84	2107	0.5	1	2044 63
85	1959	0.5	1	1881 78
86	1818	0.5	1	1760 58
87	1783	0.5	1	1721 62
88	1633	0.5	1	1564 69
89	1469	0.5	1	1410 59
90	1349	0.5	1	1282 67
91	1296	0.5	1	1243 53
92	1302	0.5	1	1249 53
93	1048	0.5	1	1000 48
94	934	0.5	1	903 31
95	792	0.5	1	748 44
96	738	0.5	1	694 44
97	731	0.5	1	689 42
98	687	0.5	1	661 26
99	684	0.5	1	644 40
100	584	0.5	1	556 28
101	463	0.5	1	440 23
102	481	0.5	1	435 46
103	488	0.5	1	451 37
104	432	0.5	1	405 27
105	382	0.5	1	356 26
106	384	0.5	1	359 25
107	403	0.5	1	380 23
108	347	0.5	1	320 27
109	313	0.5	1	294 19
110	312	0.5	1	292 20
111	277	0.5	1	261 16
112	231	0.5	1	213 18
113	243	0.5	1	224 19
114	225	0.5	1	209 16
115	178	0.5	1	161 17
116	177	0.5	1	162 15
117	166	0.5	1	149 17
118	209	0.5	1	185 24
119	148	0.5	1	131 17
120	145	0.5	1	115 30
121	169	0.5	1	148 21
122	133	0.5	1	110 23
123	191	0.5	1	177 14
124	148	0.5	1	125 23
125	89	0.5	1	76 13
126	110	0.5	1	93 17
127	102	0.5	1	85 17
128	120	0.5	1	106 14
129	124	0.5	1	114 10
130	448	0.5	1	420 28
131	1722	0.5	1	1584 138
132	199	0.5	1	161 38
133	172	0.5	1	142 30
134	720	0.5	1	701 19
135	270	0.5	1	257 13
136	159	0.5	1	147 12
137	331	0.5	1	322 9
138	416	0.5	1	409 7
139	259	0.5	1	254 5
140	307	0.5	1	295 12
141	766	0.5	1	749 17
142	373	0.5	1	363 10
143	520	0.5	1	509 11
144	653	0.5	1	632 21
145	610	0.5	1	598 12
146	867	0.5	1	847 20
147	677	0.5	1	644 33
148	611	0.5	1	585 26
149	696	0.5	1	517 179
150	36388	0.5	1	30608 5780

RUN STATISTICS FOR INPUT FILE: /vortexfs1/omics/tepolt/raw_reads/C_maenas/Cm_yrv_2023/5-074_R2_001.fastq.gz
=============================================
36764035 sequences processed in total

Total number of sequences analysed for the sequence pair length validation: 36764035

Number of sequence pairs removed because at least one read was shorter than the length cutoff (20 bp): 920980 (2.51%)
