
SUMMARISING RUN PARAMETERS
==========================
Input filename: /vortexfs1/omics/tepolt/raw_reads/C_maenas/Cm_yrv_2023/5-071_R2_001.fastq.gz
Trimming mode: paired-end
Trim Galore version: 0.6.6
Cutadapt version: 3.5
Python version: could not detect
Number of cores used for trimming: 8
Quality Phred score cutoff: 20
Quality encoding type selected: ASCII+33
Adapter sequence: 'AGATCGGAAGAGC' (Illumina TruSeq, Sanger iPCR; user defined)
Maximum trimming error rate: 0.1 (default)
Minimum required adapter overlap (stringency): 1 bp
Minimum required sequence length for both reads before a sequence pair gets removed: 20 bp
Running FastQC on the data once trimming has completed
Running FastQC with the following extra arguments: --outdir /vortexfs1/scratch/yaamini.venkataraman/wc-green-crab/output/06b-trimgalore     --threads 28
Output file will be GZIP compressed


This is cutadapt 3.5 with Python 3.9.5
Command line parameters: -j 8 -e 0.1 -q 20 -O 1 -a AGATCGGAAGAGC /vortexfs1/omics/tepolt/raw_reads/C_maenas/Cm_yrv_2023/5-071_R2_001.fastq.gz
Processing reads on 8 cores in single-end mode ...
Finished in 98.01 s (2 µs/read; 26.13 M reads/minute).

=== Summary ===

Total reads processed:              42,689,125
Reads with adapters:                19,208,647 (45.0%)
Reads written (passing filters):    42,689,125 (100.0%)

Total basepairs processed: 6,403,368,750 bp
Quality-trimmed:              17,687,121 bp (0.3%)
Total written (filtered):  6,222,017,321 bp (97.2%)

=== Adapter 1 ===

Sequence: AGATCGGAAGAGC; Type: regular 3'; Length: 13; Trimmed: 19208647 times

Minimum overlap: 1
No. of allowed errors:
1-9 bp: 0; 10-13 bp: 1

Bases preceding removed adapters:
  A: 28.7%
  C: 25.1%
  G: 23.3%
  T: 22.9%
  none/other: 0.1%

Overview of removed sequences
length	count	expect	max.err	error counts
1	10352216	10672281.2	0	10352216
2	2462428	2668070.3	0	2462428
3	809800	667017.6	0	809800
4	322833	166754.4	0	322833
5	196937	41688.6	0	196937
6	162780	10422.1	0	162780
7	161007	2605.5	0	161007
8	150018	651.4	0	150018
9	144129	162.8	0	143554 575
10	142685	40.7	1	139726 2959
11	138407	10.2	1	135535 2872
12	141952	2.5	1	138708 3244
13	136803	0.6	1	133849 2954
14	138820	0.6	1	135260 3560
15	155696	0.6	1	151823 3873
16	132447	0.6	1	129305 3142
17	136773	0.6	1	132931 3842
18	133233	0.6	1	129569 3664
19	139541	0.6	1	135295 4246
20	133913	0.6	1	130357 3556
21	111144	0.6	1	108260 2884
22	111052	0.6	1	108143 2909
23	120417	0.6	1	117184 3233
24	121690	0.6	1	118061 3629
25	111801	0.6	1	108963 2838
26	108458	0.6	1	105447 3011
27	115284	0.6	1	111953 3331
28	90697	0.6	1	88385 2312
29	95297	0.6	1	92893 2404
30	86356	0.6	1	84274 2082
31	86003	0.6	1	84109 1894
32	84725	0.6	1	82756 1969
33	99816	0.6	1	97351 2465
34	80896	0.6	1	78929 1967
35	79608	0.6	1	77835 1773
36	70130	0.6	1	68707 1423
37	75277	0.6	1	73654 1623
38	74807	0.6	1	73121 1686
39	70727	0.6	1	69125 1602
40	68462	0.6	1	66880 1582
41	58632	0.6	1	57391 1241
42	58217	0.6	1	56883 1334
43	59357	0.6	1	57867 1490
44	52664	0.6	1	51488 1176
45	59632	0.6	1	58031 1601
46	48448	0.6	1	47284 1164
47	44603	0.6	1	43629 974
48	51390	0.6	1	50287 1103
49	40287	0.6	1	39364 923
50	36552	0.6	1	35707 845
51	34458	0.6	1	33598 860
52	35625	0.6	1	34764 861
53	29113	0.6	1	28469 644
54	29331	0.6	1	28652 679
55	28990	0.6	1	28264 726
56	25368	0.6	1	24777 591
57	26125	0.6	1	25418 707
58	28267	0.6	1	27578 689
59	21795	0.6	1	21305 490
60	20426	0.6	1	20014 412
61	16498	0.6	1	16149 349
62	16952	0.6	1	16567 385
63	14151	0.6	1	13864 287
64	16276	0.6	1	15919 357
65	11631	0.6	1	11390 241
66	11773	0.6	1	11559 214
67	11355	0.6	1	11104 251
68	9622	0.6	1	9400 222
69	7577	0.6	1	7404 173
70	10226	0.6	1	10002 224
71	4570	0.6	1	4466 104
72	5628	0.6	1	5495 133
73	5850	0.6	1	5733 117
74	5513	0.6	1	5389 124
75	5489	0.6	1	5402 87
76	1611	0.6	1	1539 72
77	3593	0.6	1	3494 99
78	3454	0.6	1	3369 85
79	3236	0.6	1	3147 89
80	3014	0.6	1	2927 87
81	2748	0.6	1	2637 111
82	2496	0.6	1	2340 156
83	2364	0.6	1	2184 180
84	1996	0.6	1	1890 106
85	1858	0.6	1	1744 114
86	1780	0.6	1	1678 102
87	1701	0.6	1	1639 62
88	1521	0.6	1	1487 34
89	1503	0.6	1	1451 52
90	1256	0.6	1	1214 42
91	1211	0.6	1	1159 52
92	1184	0.6	1	1136 48
93	1033	0.6	1	978 55
94	834	0.6	1	800 34
95	755	0.6	1	720 35
96	654	0.6	1	623 31
97	667	0.6	1	641 26
98	639	0.6	1	599 40
99	780	0.6	1	716 64
100	571	0.6	1	545 26
101	509	0.6	1	473 36
102	550	0.6	1	516 34
103	488	0.6	1	470 18
104	427	0.6	1	400 27
105	443	0.6	1	406 37
106	394	0.6	1	356 38
107	718	0.6	1	675 43
108	442	0.6	1	404 38
109	355	0.6	1	330 25
110	338	0.6	1	307 31
111	306	0.6	1	275 31
112	281	0.6	1	248 33
113	253	0.6	1	225 28
114	322	0.6	1	298 24
115	225	0.6	1	191 34
116	249	0.6	1	211 38
117	236	0.6	1	211 25
118	241	0.6	1	214 27
119	216	0.6	1	174 42
120	314	0.6	1	240 74
121	530	0.6	1	395 135
122	251	0.6	1	217 34
123	124	0.6	1	114 10
124	125	0.6	1	102 23
125	101	0.6	1	80 21
126	113	0.6	1	93 20
127	116	0.6	1	93 23
128	165	0.6	1	125 40
129	197	0.6	1	150 47
130	1319	0.6	1	1051 268
131	40923	0.6	1	36818 4105
132	299	0.6	1	271 28
133	158	0.6	1	145 13
134	235	0.6	1	225 10
135	150	0.6	1	139 11
136	110	0.6	1	104 6
137	109	0.6	1	96 13
138	217	0.6	1	210 7
139	124	0.6	1	118 6
140	171	0.6	1	164 7
141	290	0.6	1	277 13
142	167	0.6	1	154 13
143	223	0.6	1	214 9
144	289	0.6	1	282 7
145	302	0.6	1	293 9
146	387	0.6	1	378 9
147	342	0.6	1	321 21
148	367	0.6	1	346 21
149	415	0.6	1	246 169
150	13106	0.6	1	11396 1710

RUN STATISTICS FOR INPUT FILE: /vortexfs1/omics/tepolt/raw_reads/C_maenas/Cm_yrv_2023/5-071_R2_001.fastq.gz
=============================================
42689125 sequences processed in total

Total number of sequences analysed for the sequence pair length validation: 42689125

Number of sequence pairs removed because at least one read was shorter than the length cutoff (20 bp): 508138 (1.19%)
