
SUMMARISING RUN PARAMETERS
==========================
Input filename: /vortexfs1/omics/tepolt/raw_reads/C_maenas/Cm_yrv_2023/5-075_R1_001.fastq.gz
Trimming mode: paired-end
Trim Galore version: 0.6.6
Cutadapt version: 3.5
Python version: could not detect
Number of cores used for trimming: 8
Quality Phred score cutoff: 20
Quality encoding type selected: ASCII+33
Adapter sequence: 'AGATCGGAAGAGC' (Illumina TruSeq, Sanger iPCR; user defined)
Maximum trimming error rate: 0.1 (default)
Minimum required adapter overlap (stringency): 1 bp
Minimum required sequence length for both reads before a sequence pair gets removed: 20 bp
Running FastQC on the data once trimming has completed
Running FastQC with the following extra arguments: --outdir /vortexfs1/scratch/yaamini.venkataraman/wc-green-crab/output/06b-trimgalore     --threads 28
Output file will be GZIP compressed


This is cutadapt 3.5 with Python 3.9.5
Command line parameters: -j 8 -e 0.1 -q 20 -O 1 -a AGATCGGAAGAGC /vortexfs1/omics/tepolt/raw_reads/C_maenas/Cm_yrv_2023/5-075_R1_001.fastq.gz
Processing reads on 8 cores in single-end mode ...
Finished in 60.61 s (2 µs/read; 27.63 M reads/minute).

=== Summary ===

Total reads processed:              27,906,937
Reads with adapters:                13,774,275 (49.4%)
Reads written (passing filters):    27,906,937 (100.0%)

Total basepairs processed: 4,186,040,550 bp
Quality-trimmed:               6,856,492 bp (0.2%)
Total written (filtered):  3,946,309,996 bp (94.3%)

=== Adapter 1 ===

Sequence: AGATCGGAAGAGC; Type: regular 3'; Length: 13; Trimmed: 13774275 times

Minimum overlap: 1
No. of allowed errors:
1-9 bp: 0; 10-13 bp: 1

Bases preceding removed adapters:
  A: 22.9%
  C: 25.2%
  G: 20.7%
  T: 26.7%
  none/other: 4.4%

Overview of removed sequences
length	count	expect	max.err	error counts
1	5965941	6976734.2	0	5965941
2	1512824	1744183.6	0	1512824
3	740696	436045.9	0	740696
4	227807	109011.5	0	227807
5	158345	27252.9	0	158345
6	135934	6813.2	0	135934
7	132931	1703.3	0	132931
8	124575	425.8	0	124575
9	122554	106.5	0	121843 711
10	120467	26.6	1	118231 2236
11	119445	6.7	1	117196 2249
12	120833	1.7	1	118325 2508
13	124133	0.4	1	121376 2757
14	125636	0.4	1	122939 2697
15	133728	0.4	1	130759 2969
16	119186	0.4	1	116524 2662
17	117360	0.4	1	114663 2697
18	112234	0.4	1	109988 2246
19	113281	0.4	1	110691 2590
20	110279	0.4	1	107944 2335
21	103317	0.4	1	101059 2258
22	99086	0.4	1	96995 2091
23	101261	0.4	1	99093 2168
24	100042	0.4	1	97870 2172
25	100801	0.4	1	98497 2304
26	95500	0.4	1	93423 2077
27	92966	0.4	1	90808 2158
28	89142	0.4	1	86940 2202
29	82776	0.4	1	80904 1872
30	79367	0.4	1	77689 1678
31	80922	0.4	1	79047 1875
32	85271	0.4	1	82676 2595
33	139338	0.4	1	137274 2064
34	11547	0.4	1	10387 1160
35	74185	0.4	1	72684 1501
36	73583	0.4	1	71828 1755
37	72437	0.4	1	70782 1655
38	68243	0.4	1	66635 1608
39	66079	0.4	1	64451 1628
40	64464	0.4	1	62836 1628
41	61157	0.4	1	59605 1552
42	56843	0.4	1	55355 1488
43	57205	0.4	1	55359 1846
44	77234	0.4	1	75102 2132
45	51295	0.4	1	49762 1533
46	69478	0.4	1	68345 1133
47	21938	0.4	1	20277 1661
48	135933	0.4	1	133659 2274
49	100628	0.4	1	99336 1292
50	24942	0.4	1	24218 724
51	20389	0.4	1	19703 686
52	43053	0.4	1	42564 489
53	11135	0.4	1	10541 594
54	45105	0.4	1	44768 337
55	6772	0.4	1	6434 338
56	16064	0.4	1	15821 243
57	10860	0.4	1	10574 286
58	14291	0.4	1	13798 493
59	40050	0.4	1	39629 421
60	10064	0.4	1	9664 400
61	16927	0.4	1	16682 245
62	2143	0.4	1	1990 153
63	3489	0.4	1	3367 122
64	9754	0.4	1	9444 310
65	25203	0.4	1	24943 260
66	2289	0.4	1	2151 138
67	1530	0.4	1	1431 99
68	6265	0.4	1	6094 171
69	8080	0.4	1	7938 142
70	7062	0.4	1	6917 145
71	5760	0.4	1	5664 96
72	2427	0.4	1	2364 63
73	2143	0.4	1	2060 83
74	4212	0.4	1	4106 106
75	4807	0.4	1	4697 110
76	4950	0.4	1	4833 117
77	4182	0.4	1	4048 134
78	4477	0.4	1	4381 96
79	3699	0.4	1	3616 83
80	3556	0.4	1	3396 160
81	3149	0.4	1	3010 139
82	2814	0.4	1	2705 109
83	2445	0.4	1	2367 78
84	2384	0.4	1	2318 66
85	2533	0.4	1	2453 80
86	2177	0.4	1	2101 76
87	1927	0.4	1	1866 61
88	1768	0.4	1	1718 50
89	1597	0.4	1	1558 39
90	1518	0.4	1	1472 46
91	1382	0.4	1	1328 54
92	1282	0.4	1	1238 44
93	1062	0.4	1	1020 42
94	1009	0.4	1	979 30
95	965	0.4	1	926 39
96	847	0.4	1	828 19
97	747	0.4	1	705 42
98	725	0.4	1	693 32
99	763	0.4	1	731 32
100	616	0.4	1	592 24
101	534	0.4	1	504 30
102	498	0.4	1	475 23
103	517	0.4	1	493 24
104	453	0.4	1	428 25
105	425	0.4	1	398 27
106	355	0.4	1	329 26
107	372	0.4	1	350 22
108	337	0.4	1	316 21
109	336	0.4	1	313 23
110	379	0.4	1	357 22
111	315	0.4	1	284 31
112	283	0.4	1	260 23
113	223	0.4	1	201 22
114	239	0.4	1	217 22
115	237	0.4	1	207 30
116	215	0.4	1	197 18
117	213	0.4	1	193 20
118	235	0.4	1	218 17
119	205	0.4	1	178 27
120	197	0.4	1	180 17
121	211	0.4	1	176 35
122	205	0.4	1	182 23
123	167	0.4	1	134 33
124	136	0.4	1	107 29
125	112	0.4	1	92 20
126	120	0.4	1	85 35
127	149	0.4	1	102 47
128	202	0.4	1	111 91
129	156	0.4	1	111 45
130	1362	0.4	1	1184 178
131	3567	0.4	1	3450 117
132	221	0.4	1	154 67
133	170	0.4	1	106 64
134	371	0.4	1	308 63
135	222	0.4	1	151 71
136	172	0.4	1	116 56
137	244	0.4	1	157 87
138	362	0.4	1	282 80
139	243	0.4	1	137 106
140	289	0.4	1	192 97
141	440	0.4	1	328 112
142	359	0.4	1	216 143
143	425	0.4	1	292 133
144	448	0.4	1	282 166
145	520	0.4	1	281 239
146	603	0.4	1	390 213
147	816	0.4	1	346 470
148	1110	0.4	1	438 672
149	12290	0.4	1	399 11891
150	594398	0.4	1	15649 578749

RUN STATISTICS FOR INPUT FILE: /vortexfs1/omics/tepolt/raw_reads/C_maenas/Cm_yrv_2023/5-075_R1_001.fastq.gz
=============================================
27906937 sequences processed in total

