
SUMMARISING RUN PARAMETERS
==========================
Input filename: /vortexfs1/omics/tepolt/raw_reads/C_maenas/Cm_yrv_2023/5-126_R2_001.fastq.gz
Trimming mode: paired-end
Trim Galore version: 0.6.6
Cutadapt version: 3.5
Python version: could not detect
Number of cores used for trimming: 8
Quality Phred score cutoff: 20
Quality encoding type selected: ASCII+33
Adapter sequence: 'AGATCGGAAGAGC' (Illumina TruSeq, Sanger iPCR; user defined)
Maximum trimming error rate: 0.1 (default)
Minimum required adapter overlap (stringency): 1 bp
Minimum required sequence length for both reads before a sequence pair gets removed: 20 bp
Running FastQC on the data once trimming has completed
Running FastQC with the following extra arguments: --outdir /vortexfs1/scratch/yaamini.venkataraman/wc-green-crab/output/06b-trimgalore     --threads 28
Output file will be GZIP compressed


This is cutadapt 3.5 with Python 3.9.5
Command line parameters: -j 8 -e 0.1 -q 20 -O 1 -a AGATCGGAAGAGC /vortexfs1/omics/tepolt/raw_reads/C_maenas/Cm_yrv_2023/5-126_R2_001.fastq.gz
Processing reads on 8 cores in single-end mode ...
Finished in 95.93 s (2 µs/read; 27.34 M reads/minute).

=== Summary ===

Total reads processed:              43,719,491
Reads with adapters:                23,176,084 (53.0%)
Reads written (passing filters):    43,719,491 (100.0%)

Total basepairs processed: 6,557,923,650 bp
Quality-trimmed:              19,105,646 bp (0.3%)
Total written (filtered):  6,080,082,772 bp (92.7%)

=== Adapter 1 ===

Sequence: AGATCGGAAGAGC; Type: regular 3'; Length: 13; Trimmed: 23176084 times

Minimum overlap: 1
No. of allowed errors:
1-9 bp: 0; 10-13 bp: 1

Bases preceding removed adapters:
  A: 22.9%
  C: 30.3%
  G: 27.0%
  T: 19.6%
  none/other: 0.2%

Overview of removed sequences
length	count	expect	max.err	error counts
1	8296473	10929872.8	0	8296473
2	2146111	2732468.2	0	2146111
3	784555	683117.0	0	784555
4	360896	170779.3	0	360896
5	257431	42694.8	0	257431
6	226966	10673.7	0	226966
7	227068	2668.4	0	227068
8	211360	667.1	0	211360
9	208306	166.8	0	207591 715
10	212344	41.7	1	208547 3797
11	208415	10.4	1	204511 3904
12	215688	2.6	1	211179 4509
13	211847	0.7	1	207539 4308
14	216192	0.7	1	211003 5189
15	237812	0.7	1	232185 5627
16	209926	0.7	1	204927 4999
17	217406	0.7	1	211475 5931
18	211421	0.7	1	205633 5788
19	228466	0.7	1	221468 6998
20	216583	0.7	1	210794 5789
21	186879	0.7	1	182056 4823
22	191217	0.7	1	186410 4807
23	200586	0.7	1	195442 5144
24	215861	0.7	1	209446 6415
25	192987	0.7	1	187936 5051
26	197603	0.7	1	192345 5258
27	214216	0.7	1	208277 5939
28	176634	0.7	1	172064 4570
29	177050	0.7	1	172744 4306
30	174712	0.7	1	170744 3968
31	167815	0.7	1	164354 3461
32	174163	0.7	1	170260 3903
33	173683	0.7	1	169874 3809
34	192812	0.7	1	187962 4850
35	194413	0.7	1	190059 4354
36	152017	0.7	1	148460 3557
37	159684	0.7	1	156492 3192
38	168819	0.7	1	165323 3496
39	157224	0.7	1	153832 3392
40	159673	0.7	1	156248 3425
41	159925	0.7	1	156459 3466
42	134347	0.7	1	131728 2619
43	146914	0.7	1	143775 3139
44	139363	0.7	1	136451 2912
45	159523	0.7	1	155633 3890
46	135199	0.7	1	132056 3143
47	128153	0.7	1	125250 2903
48	143735	0.7	1	140868 2867
49	123046	0.7	1	120487 2559
50	115489	0.7	1	112981 2508
51	114394	0.7	1	111701 2693
52	120269	0.7	1	117511 2758
53	101602	0.7	1	99606 1996
54	106092	0.7	1	103813 2279
55	110528	0.7	1	107985 2543
56	97758	0.7	1	95697 2061
57	111090	0.7	1	108548 2542
58	128130	0.7	1	125481 2649
59	83440	0.7	1	81604 1836
60	97010	0.7	1	95190 1820
61	88933	0.7	1	87296 1637
62	86280	0.7	1	84630 1650
63	73362	0.7	1	72062 1300
64	90764	0.7	1	89058 1706
65	70175	0.7	1	68835 1340
66	77061	0.7	1	75648 1413
67	78300	0.7	1	76863 1437
68	69695	0.7	1	68437 1258
69	58328	0.7	1	57273 1055
70	80648	0.7	1	79304 1344
71	38059	0.7	1	37177 882
72	51125	0.7	1	50218 907
73	54985	0.7	1	53999 986
74	57670	0.7	1	56695 975
75	59027	0.7	1	58199 828
76	17114	0.7	1	16562 552
77	39979	0.7	1	39310 669
78	41414	0.7	1	40663 751
79	39037	0.7	1	38326 711
80	37601	0.7	1	36839 762
81	35895	0.7	1	35108 787
82	33692	0.7	1	32858 834
83	30341	0.7	1	29484 857
84	27769	0.7	1	27156 613
85	26191	0.7	1	25566 625
86	25759	0.7	1	25166 593
87	25448	0.7	1	24909 539
88	24107	0.7	1	23640 467
89	23207	0.7	1	22744 463
90	20872	0.7	1	20466 406
91	19550	0.7	1	19179 371
92	18107	0.7	1	17783 324
93	14846	0.7	1	14556 290
94	13842	0.7	1	13591 251
95	11667	0.7	1	11447 220
96	10715	0.7	1	10528 187
97	10171	0.7	1	9997 174
98	10036	0.7	1	9829 207
99	9252	0.7	1	9073 179
100	8342	0.7	1	8183 159
101	7088	0.7	1	6928 160
102	6057	0.7	1	5882 175
103	5245	0.7	1	5134 111
104	4663	0.7	1	4588 75
105	3892	0.7	1	3790 102
106	3707	0.7	1	3608 99
107	4117	0.7	1	3989 128
108	3700	0.7	1	3497 203
109	3026	0.7	1	2937 89
110	2768	0.7	1	2679 89
111	2316	0.7	1	2230 86
112	2019	0.7	1	1945 74
113	1642	0.7	1	1571 71
114	1562	0.7	1	1500 62
115	1409	0.7	1	1304 105
116	1429	0.7	1	1319 110
117	1219	0.7	1	1121 98
118	1280	0.7	1	1195 85
119	1279	0.7	1	1150 129
120	2133	0.7	1	1756 377
121	2243	0.7	1	1845 398
122	1323	0.7	1	1147 176
123	781	0.7	1	727 54
124	484	0.7	1	437 47
125	436	0.7	1	397 39
126	474	0.7	1	408 66
127	518	0.7	1	420 98
128	794	0.7	1	602 192
129	887	0.7	1	661 226
130	5609	0.7	1	4439 1170
131	243384	0.7	1	225313 18071
132	1633	0.7	1	1515 118
133	742	0.7	1	700 42
134	1328	0.7	1	1284 44
135	728	0.7	1	688 40
136	445	0.7	1	427 18
137	608	0.7	1	588 20
138	1341	0.7	1	1314 27
139	614	0.7	1	598 16
140	704	0.7	1	688 16
141	1476	0.7	1	1457 19
142	784	0.7	1	763 21
143	1061	0.7	1	1038 23
144	1215	0.7	1	1196 19
145	1093	0.7	1	1058 35
146	1474	0.7	1	1429 45
147	1344	0.7	1	1294 50
148	1621	0.7	1	1552 69
149	1274	0.7	1	992 282
150	40428	0.7	1	34881 5547

RUN STATISTICS FOR INPUT FILE: /vortexfs1/omics/tepolt/raw_reads/C_maenas/Cm_yrv_2023/5-126_R2_001.fastq.gz
=============================================
43719491 sequences processed in total

Total number of sequences analysed for the sequence pair length validation: 43719491

Number of sequence pairs removed because at least one read was shorter than the length cutoff (20 bp): 1906570 (4.36%)
