
SUMMARISING RUN PARAMETERS
==========================
Input filename: /vortexfs1/omics/tepolt/raw_reads/C_maenas/Cm_yrv_2023/5-124_R2_001.fastq.gz
Trimming mode: paired-end
Trim Galore version: 0.6.6
Cutadapt version: 3.5
Python version: could not detect
Number of cores used for trimming: 8
Quality Phred score cutoff: 20
Quality encoding type selected: ASCII+33
Adapter sequence: 'AGATCGGAAGAGC' (Illumina TruSeq, Sanger iPCR; user defined)
Maximum trimming error rate: 0.1 (default)
Minimum required adapter overlap (stringency): 1 bp
Minimum required sequence length for both reads before a sequence pair gets removed: 20 bp
Running FastQC on the data once trimming has completed
Running FastQC with the following extra arguments: --outdir /vortexfs1/scratch/yaamini.venkataraman/wc-green-crab/output/06b-trimgalore     --threads 28
Output file will be GZIP compressed


This is cutadapt 3.5 with Python 3.9.5
Command line parameters: -j 8 -e 0.1 -q 20 -O 1 -a AGATCGGAAGAGC /vortexfs1/omics/tepolt/raw_reads/C_maenas/Cm_yrv_2023/5-124_R2_001.fastq.gz
Processing reads on 8 cores in single-end mode ...
Finished in 113.26 s (2 µs/read; 27.93 M reads/minute).

=== Summary ===

Total reads processed:              52,726,370
Reads with adapters:                26,139,240 (49.6%)
Reads written (passing filters):    52,726,370 (100.0%)

Total basepairs processed: 7,908,955,500 bp
Quality-trimmed:              23,191,407 bp (0.3%)
Total written (filtered):  7,486,321,818 bp (94.7%)

=== Adapter 1 ===

Sequence: AGATCGGAAGAGC; Type: regular 3'; Length: 13; Trimmed: 26139240 times

Minimum overlap: 1
No. of allowed errors:
1-9 bp: 0; 10-13 bp: 1

Bases preceding removed adapters:
  A: 24.5%
  C: 27.2%
  G: 27.2%
  T: 21.1%
  none/other: 0.1%

Overview of removed sequences
length	count	expect	max.err	error counts
1	11294594	13181592.5	0	11294594
2	2818386	3295398.1	0	2818386
3	957315	823849.5	0	957315
4	402860	205962.4	0	402860
5	258917	51490.6	0	258917
6	217723	12872.6	0	217723
7	210635	3218.2	0	210635
8	200643	804.5	0	200643
9	192605	201.1	0	191800 805
10	194329	50.3	1	190640 3689
11	191174	12.6	1	187486 3688
12	201117	3.1	1	196586 4531
13	195781	0.8	1	192036 3745
14	203453	0.8	1	198506 4947
15	233536	0.8	1	227945 5591
16	198899	0.8	1	194330 4569
17	202854	0.8	1	197326 5528
18	198774	0.8	1	193303 5471
19	215195	0.8	1	208579 6616
20	193932	0.8	1	188890 5042
21	171370	0.8	1	167100 4270
22	177932	0.8	1	173454 4478
23	195518	0.8	1	190566 4952
24	207927	0.8	1	201463 6464
25	187612	0.8	1	182792 4820
26	188837	0.8	1	183742 5095
27	196815	0.8	1	191381 5434
28	164565	0.8	1	160344 4221
29	165052	0.8	1	160953 4099
30	168892	0.8	1	164809 4083
31	144132	0.8	1	141309 2823
32	165621	0.8	1	161699 3922
33	177400	0.8	1	173673 3727
34	153082	0.8	1	149788 3294
35	163415	0.8	1	159954 3461
36	202618	0.8	1	197713 4905
37	160780	0.8	1	157255 3525
38	162175	0.8	1	159254 2921
39	117039	0.8	1	114765 2274
40	135725	0.8	1	133126 2599
41	138724	0.8	1	135845 2879
42	142677	0.8	1	139245 3432
43	146217	0.8	1	142994 3223
44	128559	0.8	1	125856 2703
45	186400	0.8	1	182282 4118
46	120445	0.8	1	117552 2893
47	116863	0.8	1	114421 2442
48	156318	0.8	1	153268 3050
49	111867	0.8	1	109497 2370
50	109941	0.8	1	107697 2244
51	109074	0.8	1	106573 2501
52	127401	0.8	1	124627 2774
53	88570	0.8	1	86762 1808
54	109920	0.8	1	107617 2303
55	112534	0.8	1	110206 2328
56	99115	0.8	1	97110 2005
57	122449	0.8	1	119709 2740
58	141628	0.8	1	138948 2680
59	84586	0.8	1	82798 1788
60	104886	0.8	1	103190 1696
61	71192	0.8	1	69965 1227
62	88913	0.8	1	87487 1426
63	64729	0.8	1	63497 1232
64	99206	0.8	1	97698 1508
65	61191	0.8	1	60144 1047
66	75662	0.8	1	74335 1327
67	83811	0.8	1	82423 1388
68	61878	0.8	1	60745 1133
69	48347	0.8	1	47355 992
70	85282	0.8	1	84016 1266
71	22816	0.8	1	22126 690
72	44207	0.8	1	43419 788
73	48818	0.8	1	47938 880
74	52089	0.8	1	51142 947
75	58312	0.8	1	57539 773
76	19397	0.8	1	18900 497
77	34794	0.8	1	34188 606
78	37783	0.8	1	37078 705
79	34764	0.8	1	34063 701
80	31140	0.8	1	30534 606
81	28347	0.8	1	27835 512
82	26174	0.8	1	25680 494
83	23439	0.8	1	22994 445
84	21710	0.8	1	21254 456
85	20886	0.8	1	20467 419
86	20830	0.8	1	20439 391
87	20735	0.8	1	20331 404
88	18260	0.8	1	17945 315
89	16559	0.8	1	16241 318
90	14432	0.8	1	14184 248
91	13024	0.8	1	12780 244
92	12147	0.8	1	11911 236
93	9644	0.8	1	9469 175
94	9229	0.8	1	9058 171
95	8109	0.8	1	7943 166
96	7472	0.8	1	7326 146
97	7198	0.8	1	7085 113
98	6626	0.8	1	6505 121
99	6066	0.8	1	5930 136
100	5210	0.8	1	5123 87
101	4393	0.8	1	4305 88
102	3679	0.8	1	3602 77
103	3435	0.8	1	3355 80
104	2895	0.8	1	2828 67
105	2735	0.8	1	2680 55
106	2761	0.8	1	2704 57
107	2721	0.8	1	2662 59
108	2333	0.8	1	2269 64
109	2056	0.8	1	2006 50
110	1828	0.8	1	1781 47
111	1542	0.8	1	1495 47
112	1284	0.8	1	1244 40
113	1061	0.8	1	1017 44
114	1030	0.8	1	1000 30
115	774	0.8	1	743 31
116	864	0.8	1	834 30
117	725	0.8	1	691 34
118	667	0.8	1	640 27
119	597	0.8	1	572 25
120	528	0.8	1	505 23
121	479	0.8	1	457 22
122	390	0.8	1	372 18
123	278	0.8	1	254 24
124	235	0.8	1	226 9
125	190	0.8	1	175 15
126	227	0.8	1	218 9
127	179	0.8	1	170 9
128	238	0.8	1	228 10
129	199	0.8	1	186 13
130	294	0.8	1	267 27
131	1465	0.8	1	1342 123
132	261	0.8	1	248 13
133	280	0.8	1	260 20
134	496	0.8	1	486 10
135	309	0.8	1	299 10
136	286	0.8	1	279 7
137	388	0.8	1	381 7
138	914	0.8	1	896 18
139	399	0.8	1	390 9
140	601	0.8	1	593 8
141	1023	0.8	1	1013 10
142	501	0.8	1	493 8
143	718	0.8	1	705 13
144	1056	0.8	1	1033 23
145	977	0.8	1	968 9
146	1372	0.8	1	1340 32
147	1183	0.8	1	1158 25
148	814	0.8	1	785 29
149	401	0.8	1	343 58
150	17348	0.8	1	14881 2467

RUN STATISTICS FOR INPUT FILE: /vortexfs1/omics/tepolt/raw_reads/C_maenas/Cm_yrv_2023/5-124_R2_001.fastq.gz
=============================================
52726370 sequences processed in total

Total number of sequences analysed for the sequence pair length validation: 52726370

Number of sequence pairs removed because at least one read was shorter than the length cutoff (20 bp): 686768 (1.30%)
