
SUMMARISING RUN PARAMETERS
==========================
Input filename: /vortexfs1/omics/tepolt/raw_reads/C_maenas/Cm_yrv_2023/5-121_R2_001.fastq.gz
Trimming mode: paired-end
Trim Galore version: 0.6.6
Cutadapt version: 3.5
Python version: could not detect
Number of cores used for trimming: 8
Quality Phred score cutoff: 20
Quality encoding type selected: ASCII+33
Adapter sequence: 'AGATCGGAAGAGC' (Illumina TruSeq, Sanger iPCR; user defined)
Maximum trimming error rate: 0.1 (default)
Minimum required adapter overlap (stringency): 1 bp
Minimum required sequence length for both reads before a sequence pair gets removed: 20 bp
Running FastQC on the data once trimming has completed
Running FastQC with the following extra arguments: --outdir /vortexfs1/scratch/yaamini.venkataraman/wc-green-crab/output/06b-trimgalore     --threads 28
Output file will be GZIP compressed


This is cutadapt 3.5 with Python 3.9.5
Command line parameters: -j 8 -e 0.1 -q 20 -O 1 -a AGATCGGAAGAGC /vortexfs1/omics/tepolt/raw_reads/C_maenas/Cm_yrv_2023/5-121_R2_001.fastq.gz
Processing reads on 8 cores in single-end mode ...
Finished in 93.83 s (2 µs/read; 25.35 M reads/minute).

=== Summary ===

Total reads processed:              39,640,472
Reads with adapters:                17,262,678 (43.5%)
Reads written (passing filters):    39,640,472 (100.0%)

Total basepairs processed: 5,946,070,800 bp
Quality-trimmed:              15,878,681 bp (0.3%)
Total written (filtered):  5,808,517,784 bp (97.7%)

=== Adapter 1 ===

Sequence: AGATCGGAAGAGC; Type: regular 3'; Length: 13; Trimmed: 17262678 times

Minimum overlap: 1
No. of allowed errors:
1-9 bp: 0; 10-13 bp: 1

Bases preceding removed adapters:
  A: 29.0%
  C: 25.2%
  G: 23.8%
  T: 22.0%
  none/other: 0.1%

Overview of removed sequences
length	count	expect	max.err	error counts
1	9765745	9910118.0	0	9765745
2	2390469	2477529.5	0	2390469
3	788596	619382.4	0	788596
4	293307	154845.6	0	293307
5	166757	38711.4	0	166757
6	132705	9677.8	0	132705
7	130952	2419.5	0	130952
8	121744	604.9	0	121744
9	115460	151.2	0	114801 659
10	115820	37.8	1	113411 2409
11	112265	9.5	1	109903 2362
12	115902	2.4	1	113271 2631
13	108397	0.6	1	106280 2117
14	110043	0.6	1	107462 2581
15	121888	0.6	1	119026 2862
16	104711	0.6	1	102357 2354
17	107004	0.6	1	104132 2872
18	103576	0.6	1	100713 2863
19	110723	0.6	1	107316 3407
20	100186	0.6	1	97639 2547
21	84989	0.6	1	82858 2131
22	86139	0.6	1	83917 2222
23	93152	0.6	1	90724 2428
24	95543	0.6	1	92684 2859
25	86084	0.6	1	83891 2193
26	85131	0.6	1	82786 2345
27	90463	0.6	1	87938 2525
28	73679	0.6	1	71763 1916
29	74172	0.6	1	72254 1918
30	68835	0.6	1	67139 1696
31	64352	0.6	1	62992 1360
32	65676	0.6	1	64180 1496
33	72791	0.6	1	71092 1699
34	56455	0.6	1	55063 1392
35	61020	0.6	1	59612 1408
36	100390	0.6	1	98159 2231
37	34579	0.6	1	33483 1096
38	74108	0.6	1	72851 1257
39	36677	0.6	1	35760 917
40	55409	0.6	1	54493 916
41	32409	0.6	1	31675 734
42	39383	0.6	1	38511 872
43	45187	0.6	1	44270 917
44	34768	0.6	1	34014 754
45	54317	0.6	1	53257 1060
46	27557	0.6	1	26822 735
47	27508	0.6	1	26849 659
48	40123	0.6	1	39381 742
49	24900	0.6	1	24353 547
50	24603	0.6	1	24099 504
51	24366	0.6	1	23806 560
52	27631	0.6	1	27077 554
53	16291	0.6	1	15889 402
54	21760	0.6	1	21301 459
55	20256	0.6	1	19837 419
56	16276	0.6	1	15915 361
57	19176	0.6	1	18708 468
58	20085	0.6	1	19688 397
59	13058	0.6	1	12760 298
60	11548	0.6	1	11310 238
61	10357	0.6	1	10133 224
62	14486	0.6	1	14200 286
63	6423	0.6	1	6270 153
64	11770	0.6	1	11569 201
65	5812	0.6	1	5665 147
66	7290	0.6	1	7145 145
67	7660	0.6	1	7514 146
68	5297	0.6	1	5179 118
69	3747	0.6	1	3646 101
70	7320	0.6	1	7204 116
71	1591	0.6	1	1521 70
72	3558	0.6	1	3474 84
73	3777	0.6	1	3684 93
74	3844	0.6	1	3753 91
75	3915	0.6	1	3840 75
76	1179	0.6	1	1126 53
77	1997	0.6	1	1942 55
78	2295	0.6	1	2228 67
79	2216	0.6	1	2137 79
80	1915	0.6	1	1862 53
81	1795	0.6	1	1739 56
82	1572	0.6	1	1523 49
83	1408	0.6	1	1351 57
84	1286	0.6	1	1236 50
85	1216	0.6	1	1159 57
86	1202	0.6	1	1151 51
87	1114	0.6	1	1056 58
88	983	0.6	1	926 57
89	999	0.6	1	962 37
90	885	0.6	1	840 45
91	846	0.6	1	807 39
92	775	0.6	1	739 36
93	693	0.6	1	639 54
94	658	0.6	1	617 41
95	550	0.6	1	512 38
96	490	0.6	1	462 28
97	499	0.6	1	462 37
98	555	0.6	1	508 47
99	554	0.6	1	525 29
100	479	0.6	1	440 39
101	440	0.6	1	405 35
102	386	0.6	1	356 30
103	370	0.6	1	332 38
104	283	0.6	1	259 24
105	278	0.6	1	251 27
106	323	0.6	1	300 23
107	345	0.6	1	316 29
108	272	0.6	1	248 24
109	244	0.6	1	218 26
110	265	0.6	1	250 15
111	238	0.6	1	221 17
112	220	0.6	1	200 20
113	195	0.6	1	175 20
114	225	0.6	1	213 12
115	145	0.6	1	131 14
116	162	0.6	1	150 12
117	154	0.6	1	130 24
118	158	0.6	1	142 16
119	141	0.6	1	129 12
120	147	0.6	1	125 22
121	159	0.6	1	138 21
122	110	0.6	1	97 13
123	113	0.6	1	100 13
124	94	0.6	1	84 10
125	74	0.6	1	61 13
126	64	0.6	1	56 8
127	79	0.6	1	67 12
128	80	0.6	1	61 19
129	97	0.6	1	79 18
130	184	0.6	1	159 25
131	2026	0.6	1	1837 189
132	133	0.6	1	84 49
133	109	0.6	1	83 26
134	225	0.6	1	215 10
135	106	0.6	1	100 6
136	109	0.6	1	99 10
137	107	0.6	1	100 7
138	163	0.6	1	160 3
139	144	0.6	1	140 4
140	167	0.6	1	162 5
141	278	0.6	1	273 5
142	200	0.6	1	184 16
143	240	0.6	1	234 6
144	320	0.6	1	311 9
145	285	0.6	1	273 12
146	423	0.6	1	405 18
147	422	0.6	1	378 44
148	330	0.6	1	315 15
149	243	0.6	1	169 74
150	8499	0.6	1	6808 1691

RUN STATISTICS FOR INPUT FILE: /vortexfs1/omics/tepolt/raw_reads/C_maenas/Cm_yrv_2023/5-121_R2_001.fastq.gz
=============================================
39640472 sequences processed in total

Total number of sequences analysed for the sequence pair length validation: 39640472

Number of sequence pairs removed because at least one read was shorter than the length cutoff (20 bp): 430185 (1.09%)
