
SUMMARISING RUN PARAMETERS
==========================
Input filename: /vortexfs1/omics/tepolt/raw_reads/C_maenas/Cm_yrv_2023/5-125_R1_001.fastq.gz
Trimming mode: paired-end
Trim Galore version: 0.6.6
Cutadapt version: 3.5
Python version: could not detect
Number of cores used for trimming: 8
Quality Phred score cutoff: 20
Quality encoding type selected: ASCII+33
Adapter sequence: 'AGATCGGAAGAGC' (Illumina TruSeq, Sanger iPCR; user defined)
Maximum trimming error rate: 0.1 (default)
Minimum required adapter overlap (stringency): 1 bp
Minimum required sequence length for both reads before a sequence pair gets removed: 20 bp
Running FastQC on the data once trimming has completed
Running FastQC with the following extra arguments: --outdir /vortexfs1/scratch/yaamini.venkataraman/wc-green-crab/output/06b-trimgalore     --threads 28
Output file will be GZIP compressed


This is cutadapt 3.5 with Python 3.9.5
Command line parameters: -j 8 -e 0.1 -q 20 -O 1 -a AGATCGGAAGAGC /vortexfs1/omics/tepolt/raw_reads/C_maenas/Cm_yrv_2023/5-125_R1_001.fastq.gz
Processing reads on 8 cores in single-end mode ...
Finished in 72.76 s (2 µs/read; 31.84 M reads/minute).

=== Summary ===

Total reads processed:              38,616,225
Reads with adapters:                21,200,173 (54.9%)
Reads written (passing filters):    38,616,225 (100.0%)

Total basepairs processed: 5,792,433,750 bp
Quality-trimmed:              12,671,666 bp (0.2%)
Total written (filtered):  5,330,940,178 bp (92.0%)

=== Adapter 1 ===

Sequence: AGATCGGAAGAGC; Type: regular 3'; Length: 13; Trimmed: 21200173 times

Minimum overlap: 1
No. of allowed errors:
1-9 bp: 0; 10-13 bp: 1

Bases preceding removed adapters:
  A: 21.6%
  C: 24.1%
  G: 20.5%
  T: 29.2%
  none/other: 4.6%

Overview of removed sequences
length	count	expect	max.err	error counts
1	7732266	9654056.2	0	7732266
2	1719171	2413514.1	0	1719171
3	964011	603378.5	0	964011
4	318867	150844.6	0	318867
5	249807	37711.2	0	249807
6	220160	9427.8	0	220160
7	220942	2356.9	0	220942
8	200407	589.2	0	200407
9	193589	147.3	0	192554 1035
10	192901	36.8	1	189465 3436
11	189353	9.2	1	185675 3678
12	195335	2.3	1	191369 3966
13	203657	0.6	1	199094 4563
14	206522	0.6	1	201956 4566
15	235051	0.6	1	229653 5398
16	210772	0.6	1	205993 4779
17	210600	0.6	1	205697 4903
18	202232	0.6	1	198039 4193
19	206152	0.6	1	201693 4459
20	204636	0.6	1	200181 4455
21	189523	0.6	1	184940 4583
22	184087	0.6	1	180235 3852
23	195034	0.6	1	190703 4331
24	192263	0.6	1	187938 4325
25	200873	0.6	1	196215 4658
26	188133	0.6	1	183958 4175
27	185330	0.6	1	180986 4344
28	180182	0.6	1	175759 4423
29	168309	0.6	1	164547 3762
30	162167	0.6	1	158643 3524
31	164390	0.6	1	160490 3900
32	172831	0.6	1	167467 5364
33	295068	0.6	1	290756 4312
34	22998	0.6	1	20595 2403
35	161522	0.6	1	158198 3324
36	162471	0.6	1	158516 3955
37	163432	0.6	1	159613 3819
38	159005	0.6	1	155412 3593
39	150050	0.6	1	146437 3613
40	152301	0.6	1	148554 3747
41	143629	0.6	1	140010 3619
42	133985	0.6	1	130453 3532
43	134962	0.6	1	130797 4165
44	180587	0.6	1	175556 5031
45	129557	0.6	1	125811 3746
46	174078	0.6	1	171179 2899
47	61455	0.6	1	57287 4168
48	358122	0.6	1	352192 5930
49	285674	0.6	1	282110 3564
50	69303	0.6	1	67382 1921
51	63907	0.6	1	62224 1683
52	119326	0.6	1	118125 1201
53	28822	0.6	1	27475 1347
54	107714	0.6	1	106903 811
55	19341	0.6	1	18597 744
56	40148	0.6	1	39581 567
57	27839	0.6	1	27169 670
58	38909	0.6	1	37573 1336
59	112372	0.6	1	111307 1065
60	26566	0.6	1	25644 922
61	45693	0.6	1	45150 543
62	4896	0.6	1	4550 346
63	8389	0.6	1	8070 319
64	26985	0.6	1	26174 811
65	71494	0.6	1	70911 583
66	5275	0.6	1	4964 311
67	3204	0.6	1	2954 250
68	18822	0.6	1	18467 355
69	21141	0.6	1	20767 374
70	21079	0.6	1	20755 324
71	15832	0.6	1	15585 247
72	6823	0.6	1	6691 132
73	5396	0.6	1	5210 186
74	12642	0.6	1	12413 229
75	13483	0.6	1	13230 253
76	12950	0.6	1	12713 237
77	12018	0.6	1	11726 292
78	11396	0.6	1	11188 208
79	10148	0.6	1	9930 218
80	9251	0.6	1	8929 322
81	8353	0.6	1	8126 227
82	7467	0.6	1	7286 181
83	6294	0.6	1	6155 139
84	5545	0.6	1	5420 125
85	5125	0.6	1	5003 122
86	5159	0.6	1	5053 106
87	4703	0.6	1	4582 121
88	4314	0.6	1	4205 109
89	3847	0.6	1	3768 79
90	3857	0.6	1	3775 82
91	3597	0.6	1	3523 74
92	3409	0.6	1	3348 61
93	2940	0.6	1	2864 76
94	2420	0.6	1	2349 71
95	2082	0.6	1	2022 60
96	1889	0.6	1	1842 47
97	1784	0.6	1	1737 47
98	1694	0.6	1	1657 37
99	1570	0.6	1	1537 33
100	1370	0.6	1	1338 32
101	1160	0.6	1	1128 32
102	1006	0.6	1	977 29
103	1059	0.6	1	1026 33
104	870	0.6	1	839 31
105	779	0.6	1	749 30
106	669	0.6	1	642 27
107	781	0.6	1	743 38
108	654	0.6	1	634 20
109	588	0.6	1	569 19
110	541	0.6	1	524 17
111	529	0.6	1	488 41
112	440	0.6	1	406 34
113	387	0.6	1	362 25
114	390	0.6	1	364 26
115	304	0.6	1	281 23
116	349	0.6	1	324 25
117	270	0.6	1	235 35
118	294	0.6	1	274 20
119	243	0.6	1	214 29
120	238	0.6	1	199 39
121	208	0.6	1	178 30
122	185	0.6	1	162 23
123	254	0.6	1	205 49
124	172	0.6	1	135 37
125	143	0.6	1	103 40
126	150	0.6	1	100 50
127	205	0.6	1	137 68
128	186	0.6	1	118 68
129	205	0.6	1	142 63
130	543	0.6	1	420 123
131	1168	0.6	1	1054 114
132	245	0.6	1	150 95
133	297	0.6	1	173 124
134	703	0.6	1	575 128
135	354	0.6	1	240 114
136	292	0.6	1	180 112
137	424	0.6	1	287 137
138	804	0.6	1	679 125
139	425	0.6	1	275 150
140	506	0.6	1	355 151
141	950	0.6	1	740 210
142	573	0.6	1	381 192
143	776	0.6	1	557 219
144	816	0.6	1	547 269
145	829	0.6	1	487 342
146	1099	0.6	1	716 383
147	1459	0.6	1	694 765
148	1854	0.6	1	863 991
149	19547	0.6	1	663 18884
150	956218	0.6	1	30299 925919

RUN STATISTICS FOR INPUT FILE: /vortexfs1/omics/tepolt/raw_reads/C_maenas/Cm_yrv_2023/5-125_R1_001.fastq.gz
=============================================
38616225 sequences processed in total

