
SUMMARISING RUN PARAMETERS
==========================
Input filename: /vortexfs1/omics/tepolt/raw_reads/C_maenas/Cm_yrv_2023/5-121_R1_001.fastq.gz
Trimming mode: paired-end
Trim Galore version: 0.6.6
Cutadapt version: 3.5
Python version: could not detect
Number of cores used for trimming: 8
Quality Phred score cutoff: 20
Quality encoding type selected: ASCII+33
Adapter sequence: 'AGATCGGAAGAGC' (Illumina TruSeq, Sanger iPCR; user defined)
Maximum trimming error rate: 0.1 (default)
Minimum required adapter overlap (stringency): 1 bp
Minimum required sequence length for both reads before a sequence pair gets removed: 20 bp
Running FastQC on the data once trimming has completed
Running FastQC with the following extra arguments: --outdir /vortexfs1/scratch/yaamini.venkataraman/wc-green-crab/output/06b-trimgalore     --threads 28
Output file will be GZIP compressed


This is cutadapt 3.5 with Python 3.9.5
Command line parameters: -j 8 -e 0.1 -q 20 -O 1 -a AGATCGGAAGAGC /vortexfs1/omics/tepolt/raw_reads/C_maenas/Cm_yrv_2023/5-121_R1_001.fastq.gz
Processing reads on 8 cores in single-end mode ...
Finished in 88.26 s (2 µs/read; 26.95 M reads/minute).

=== Summary ===

Total reads processed:              39,640,472
Reads with adapters:                17,076,739 (43.1%)
Reads written (passing filters):    39,640,472 (100.0%)

Total basepairs processed: 5,946,070,800 bp
Quality-trimmed:               7,628,159 bp (0.1%)
Total written (filtered):  5,755,749,855 bp (96.8%)

=== Adapter 1 ===

Sequence: AGATCGGAAGAGC; Type: regular 3'; Length: 13; Trimmed: 17076739 times

Minimum overlap: 1
No. of allowed errors:
1-9 bp: 0; 10-13 bp: 1

Bases preceding removed adapters:
  A: 25.5%
  C: 25.5%
  G: 20.5%
  T: 26.1%
  none/other: 2.4%

Overview of removed sequences
length	count	expect	max.err	error counts
1	9221091	9910118.0	0	9221091
2	2241998	2477529.5	0	2241998
3	902364	619382.4	0	902364
4	268808	154845.6	0	268808
5	164908	38711.4	0	164908
6	131458	9677.8	0	131458
7	130257	2419.5	0	130257
8	121421	604.9	0	121421
9	116263	151.2	0	115404 859
10	115337	37.8	1	112846 2491
11	112681	9.5	1	110378 2303
12	113109	2.4	1	110897 2212
13	111046	0.6	1	108800 2246
14	109446	0.6	1	107206 2240
15	119494	0.6	1	116902 2592
16	108784	0.6	1	106527 2257
17	106526	0.6	1	104140 2386
18	103133	0.6	1	101145 1988
19	102235	0.6	1	100186 2049
20	97578	0.6	1	95527 2051
21	92614	0.6	1	90538 2076
22	89353	0.6	1	87527 1826
23	93499	0.6	1	91443 2056
24	89405	0.6	1	87543 1862
25	90665	0.6	1	88733 1932
26	85123	0.6	1	83323 1800
27	82051	0.6	1	80179 1872
28	79254	0.6	1	77499 1755
29	73395	0.6	1	71818 1577
30	68437	0.6	1	67052 1385
31	67634	0.6	1	66135 1499
32	66469	0.6	1	64934 1535
33	64556	0.6	1	63146 1410
34	62429	0.6	1	60971 1458
35	61040	0.6	1	59706 1334
36	59687	0.6	1	58311 1376
37	57563	0.6	1	56254 1309
38	56726	0.6	1	55423 1303
39	52419	0.6	1	51222 1197
40	51244	0.6	1	50017 1227
41	47600	0.6	1	46530 1070
42	44338	0.6	1	43224 1114
43	43370	0.6	1	42046 1324
44	58069	0.6	1	56473 1596
45	36119	0.6	1	35056 1063
46	51711	0.6	1	50935 776
47	11540	0.6	1	10680 860
48	66039	0.6	1	64881 1158
49	41190	0.6	1	40494 696
50	15500	0.6	1	15027 473
51	23282	0.6	1	22728 554
52	30972	0.6	1	30557 415
53	11993	0.6	1	11640 353
54	25664	0.6	1	25379 285
55	11247	0.6	1	10988 259
56	16957	0.6	1	16688 269
57	12431	0.6	1	12207 224
58	12701	0.6	1	12382 319
59	24383	0.6	1	24054 329
60	11060	0.6	1	10734 326
61	17053	0.6	1	16831 222
62	3236	0.6	1	3133 103
63	4350	0.6	1	4235 115
64	7228	0.6	1	6992 236
65	18792	0.6	1	18629 163
66	1784	0.6	1	1713 71
67	1241	0.6	1	1168 73
68	5140	0.6	1	5035 105
69	4854	0.6	1	4771 83
70	4990	0.6	1	4893 97
71	3454	0.6	1	3402 52
72	1331	0.6	1	1287 44
73	1409	0.6	1	1365 44
74	2751	0.6	1	2693 58
75	3030	0.6	1	2962 68
76	2687	0.6	1	2626 61
77	2562	0.6	1	2505 57
78	2363	0.6	1	2301 62
79	2201	0.6	1	2143 58
80	1947	0.6	1	1879 68
81	1801	0.6	1	1744 57
82	1604	0.6	1	1553 51
83	1413	0.6	1	1354 59
84	1302	0.6	1	1268 34
85	1337	0.6	1	1284 53
86	1539	0.6	1	1496 43
87	1100	0.6	1	1055 45
88	995	0.6	1	961 34
89	1000	0.6	1	960 40
90	898	0.6	1	861 37
91	841	0.6	1	797 44
92	771	0.6	1	739 32
93	701	0.6	1	645 56
94	685	0.6	1	645 40
95	542	0.6	1	510 32
96	515	0.6	1	478 37
97	500	0.6	1	469 31
98	561	0.6	1	530 31
99	501	0.6	1	483 18
100	480	0.6	1	450 30
101	431	0.6	1	405 26
102	394	0.6	1	364 30
103	370	0.6	1	342 28
104	292	0.6	1	266 26
105	271	0.6	1	253 18
106	318	0.6	1	296 22
107	330	0.6	1	319 11
108	255	0.6	1	236 19
109	249	0.6	1	229 20
110	275	0.6	1	246 29
111	244	0.6	1	203 41
112	225	0.6	1	195 30
113	204	0.6	1	168 36
114	230	0.6	1	201 29
115	161	0.6	1	134 27
116	161	0.6	1	145 16
117	166	0.6	1	140 26
118	168	0.6	1	148 20
119	140	0.6	1	124 16
120	146	0.6	1	129 17
121	158	0.6	1	139 19
122	120	0.6	1	104 16
123	114	0.6	1	100 14
124	110	0.6	1	83 27
125	76	0.6	1	59 17
126	88	0.6	1	64 24
127	94	0.6	1	70 24
128	85	0.6	1	59 26
129	110	0.6	1	78 32
130	191	0.6	1	157 34
131	2171	0.6	1	2103 68
132	140	0.6	1	100 40
133	144	0.6	1	90 54
134	267	0.6	1	223 44
135	146	0.6	1	97 49
136	139	0.6	1	103 36
137	152	0.6	1	98 54
138	199	0.6	1	159 40
139	193	0.6	1	140 53
140	240	0.6	1	167 73
141	337	0.6	1	273 64
142	269	0.6	1	186 83
143	311	0.6	1	229 82
144	396	0.6	1	299 97
145	385	0.6	1	269 116
146	543	0.6	1	404 139
147	664	0.6	1	378 286
148	640	0.6	1	311 329
149	7329	0.6	1	190 7139
150	406743	0.6	1	6739 400004

RUN STATISTICS FOR INPUT FILE: /vortexfs1/omics/tepolt/raw_reads/C_maenas/Cm_yrv_2023/5-121_R1_001.fastq.gz
=============================================
39640472 sequences processed in total

