
SUMMARISING RUN PARAMETERS
==========================
Input filename: /vortexfs1/omics/tepolt/raw_reads/C_maenas/Cm_yrv_2023/5-127_R2_001.fastq.gz
Trimming mode: paired-end
Trim Galore version: 0.6.6
Cutadapt version: 3.5
Python version: could not detect
Number of cores used for trimming: 8
Quality Phred score cutoff: 20
Quality encoding type selected: ASCII+33
Adapter sequence: 'AGATCGGAAGAGC' (Illumina TruSeq, Sanger iPCR; user defined)
Maximum trimming error rate: 0.1 (default)
Minimum required adapter overlap (stringency): 1 bp
Minimum required sequence length for both reads before a sequence pair gets removed: 20 bp
Running FastQC on the data once trimming has completed
Running FastQC with the following extra arguments: --outdir /vortexfs1/scratch/yaamini.venkataraman/wc-green-crab/output/06b-trimgalore     --threads 28
Output file will be GZIP compressed


This is cutadapt 3.5 with Python 3.9.5
Command line parameters: -j 8 -e 0.1 -q 20 -O 1 -a AGATCGGAAGAGC /vortexfs1/omics/tepolt/raw_reads/C_maenas/Cm_yrv_2023/5-127_R2_001.fastq.gz
Processing reads on 8 cores in single-end mode ...
Finished in 74.94 s (2 µs/read; 26.94 M reads/minute).

=== Summary ===

Total reads processed:              33,648,778
Reads with adapters:                15,460,978 (45.9%)
Reads written (passing filters):    33,648,778 (100.0%)

Total basepairs processed: 5,047,316,700 bp
Quality-trimmed:              20,286,278 bp (0.4%)
Total written (filtered):  4,599,692,067 bp (91.1%)

=== Adapter 1 ===

Sequence: AGATCGGAAGAGC; Type: regular 3'; Length: 13; Trimmed: 15460978 times

Minimum overlap: 1
No. of allowed errors:
1-9 bp: 0; 10-13 bp: 1

Bases preceding removed adapters:
  A: 20.8%
  C: 30.4%
  G: 29.1%
  T: 18.4%
  none/other: 1.4%

Overview of removed sequences
length	count	expect	max.err	error counts
1	4563444	8412194.5	0	4563444
2	1195460	2103048.6	0	1195460
3	443638	525762.2	0	443638
4	197095	131440.5	0	197095
5	141568	32860.1	0	141568
6	126969	8215.0	0	126969
7	127132	2053.8	0	127132
8	121217	513.4	0	121217
9	118861	128.4	0	118390 471
10	120320	32.1	1	118047 2273
11	119542	8.0	1	117309 2233
12	124600	2.0	1	121773 2827
13	123731	0.5	1	121433 2298
14	128268	0.5	1	125292 2976
15	141356	0.5	1	138009 3347
16	124921	0.5	1	122233 2688
17	129782	0.5	1	126304 3478
18	128728	0.5	1	125248 3480
19	143467	0.5	1	139078 4389
20	130805	0.5	1	127598 3207
21	114888	0.5	1	112036 2852
22	121441	0.5	1	118608 2833
23	127332	0.5	1	124231 3101
24	137434	0.5	1	133390 4044
25	123557	0.5	1	120549 3008
26	125200	0.5	1	122077 3123
27	139701	0.5	1	136069 3632
28	118587	0.5	1	115636 2951
29	115564	0.5	1	112864 2700
30	118544	0.5	1	115975 2569
31	114397	0.5	1	112136 2261
32	119363	0.5	1	116901 2462
33	131326	0.5	1	128569 2757
34	114974	0.5	1	112561 2413
35	127046	0.5	1	124120 2926
36	135530	0.5	1	132706 2824
37	114592	0.5	1	112187 2405
38	118545	0.5	1	116330 2215
39	136110	0.5	1	133375 2735
40	111235	0.5	1	109146 2089
41	120845	0.5	1	118552 2293
42	103770	0.5	1	101898 1872
43	114490	0.5	1	112054 2436
44	108389	0.5	1	106339 2050
45	130508	0.5	1	127434 3074
46	109836	0.5	1	107533 2303
47	105044	0.5	1	102977 2067
48	125266	0.5	1	122852 2414
49	106571	0.5	1	104485 2086
50	101516	0.5	1	99517 1999
51	101131	0.5	1	98923 2208
52	108709	0.5	1	106307 2402
53	93473	0.5	1	91803 1670
54	101012	0.5	1	98964 2048
55	105240	0.5	1	102928 2312
56	94669	0.5	1	92824 1845
57	107921	0.5	1	105696 2225
58	117952	0.5	1	115665 2287
59	91791	0.5	1	90037 1754
60	99384	0.5	1	97740 1644
61	91045	0.5	1	89553 1492
62	92737	0.5	1	91064 1673
63	79670	0.5	1	78395 1275
64	96708	0.5	1	95107 1601
65	76547	0.5	1	75339 1208
66	81794	0.5	1	80413 1381
67	86033	0.5	1	84616 1417
68	75918	0.5	1	74643 1275
69	65607	0.5	1	64512 1095
70	90112	0.5	1	88693 1419
71	45368	0.5	1	44451 917
72	60168	0.5	1	59207 961
73	64197	0.5	1	63063 1134
74	67318	0.5	1	66209 1109
75	73247	0.5	1	72220 1027
76	22194	0.5	1	21592 602
77	48509	0.5	1	47748 761
78	49845	0.5	1	48999 846
79	48372	0.5	1	47586 786
80	45969	0.5	1	45158 811
81	43470	0.5	1	42707 763
82	41062	0.5	1	40336 726
83	37351	0.5	1	36621 730
84	35257	0.5	1	34597 660
85	33504	0.5	1	32929 575
86	32595	0.5	1	32065 530
87	32807	0.5	1	32236 571
88	30662	0.5	1	30167 495
89	29144	0.5	1	28628 516
90	27294	0.5	1	26858 436
91	26344	0.5	1	25924 420
92	24484	0.5	1	24090 394
93	21056	0.5	1	20731 325
94	18615	0.5	1	18285 330
95	17021	0.5	1	16718 303
96	15903	0.5	1	15627 276
97	15878	0.5	1	15604 274
98	15771	0.5	1	15498 273
99	14456	0.5	1	14225 231
100	13780	0.5	1	13544 236
101	12007	0.5	1	11793 214
102	10675	0.5	1	10491 184
103	10331	0.5	1	10124 207
104	9352	0.5	1	9150 202
105	8326	0.5	1	8167 159
106	7999	0.5	1	7860 139
107	8216	0.5	1	8062 154
108	7984	0.5	1	7817 167
109	7429	0.5	1	7292 137
110	7194	0.5	1	7055 139
111	6327	0.5	1	6153 174
112	5800	0.5	1	5629 171
113	4997	0.5	1	4861 136
114	4763	0.5	1	4629 134
115	4477	0.5	1	4347 130
116	4862	0.5	1	4701 161
117	4242	0.5	1	4074 168
118	4308	0.5	1	4167 141
119	3832	0.5	1	3691 141
120	3737	0.5	1	3551 186
121	5436	0.5	1	5130 306
122	3020	0.5	1	2867 153
123	2950	0.5	1	2853 97
124	1792	0.5	1	1728 64
125	1560	0.5	1	1521 39
126	1383	0.5	1	1336 47
127	1370	0.5	1	1325 45
128	1531	0.5	1	1485 46
129	1708	0.5	1	1645 63
130	2788	0.5	1	2651 137
131	27304	0.5	1	25380 1924
132	2277	0.5	1	2209 68
133	2010	0.5	1	1964 46
134	6623	0.5	1	6534 89
135	2942	0.5	1	2894 48
136	2637	0.5	1	2593 44
137	3595	0.5	1	3532 63
138	5557	0.5	1	5468 89
139	4312	0.5	1	4253 59
140	5224	0.5	1	5148 76
141	9236	0.5	1	9116 120
142	5654	0.5	1	5584 70
143	7837	0.5	1	7748 89
144	9743	0.5	1	9594 149
145	9381	0.5	1	9266 115
146	13209	0.5	1	13006 203
147	10513	0.5	1	10320 193
148	8580	0.5	1	8357 223
149	4863	0.5	1	4405 458
150	207486	0.5	1	191926 15560

RUN STATISTICS FOR INPUT FILE: /vortexfs1/omics/tepolt/raw_reads/C_maenas/Cm_yrv_2023/5-127_R2_001.fastq.gz
=============================================
33648778 sequences processed in total

Total number of sequences analysed for the sequence pair length validation: 33648778

Number of sequence pairs removed because at least one read was shorter than the length cutoff (20 bp): 7856545 (23.35%)
