
SUMMARISING RUN PARAMETERS
==========================
Input filename: /vortexfs1/omics/tepolt/raw_reads/C_maenas/Cm_yrv_2023/5-122_R1_001.fastq.gz
Trimming mode: paired-end
Trim Galore version: 0.6.6
Cutadapt version: 3.5
Python version: could not detect
Number of cores used for trimming: 8
Quality Phred score cutoff: 20
Quality encoding type selected: ASCII+33
Adapter sequence: 'AGATCGGAAGAGC' (Illumina TruSeq, Sanger iPCR; user defined)
Maximum trimming error rate: 0.1 (default)
Minimum required adapter overlap (stringency): 1 bp
Minimum required sequence length for both reads before a sequence pair gets removed: 20 bp
Running FastQC on the data once trimming has completed
Running FastQC with the following extra arguments: --outdir /vortexfs1/scratch/yaamini.venkataraman/wc-green-crab/output/06b-trimgalore     --threads 28
Output file will be GZIP compressed


This is cutadapt 3.5 with Python 3.9.5
Command line parameters: -j 8 -e 0.1 -q 20 -O 1 -a AGATCGGAAGAGC /vortexfs1/omics/tepolt/raw_reads/C_maenas/Cm_yrv_2023/5-122_R1_001.fastq.gz
Processing reads on 8 cores in single-end mode ...
Finished in 47.28 s (2 µs/read; 29.81 M reads/minute).

=== Summary ===

Total reads processed:              23,488,608
Reads with adapters:                10,637,162 (45.3%)
Reads written (passing filters):    23,488,608 (100.0%)

Total basepairs processed: 3,523,291,200 bp
Quality-trimmed:               6,117,002 bp (0.2%)
Total written (filtered):  3,390,307,950 bp (96.2%)

=== Adapter 1 ===

Sequence: AGATCGGAAGAGC; Type: regular 3'; Length: 13; Trimmed: 10637162 times

Minimum overlap: 1
No. of allowed errors:
1-9 bp: 0; 10-13 bp: 1

Bases preceding removed adapters:
  A: 24.6%
  C: 25.5%
  G: 19.7%
  T: 28.0%
  none/other: 2.2%

Overview of removed sequences
length	count	expect	max.err	error counts
1	5382396	5872152.0	0	5382396
2	1259694	1468038.0	0	1259694
3	562755	367009.5	0	562755
4	169406	91752.4	0	169406
5	102758	22938.1	0	102758
6	84962	5734.5	0	84962
7	83569	1433.6	0	83569
8	79305	358.4	0	79305
9	77639	89.6	0	77181 458
10	76730	22.4	1	75069 1661
11	74535	5.6	1	73126 1409
12	77197	1.4	1	75639 1558
13	76274	0.4	1	74508 1766
14	77157	0.4	1	75532 1625
15	83456	0.4	1	81544 1912
16	77685	0.4	1	75925 1760
17	78234	0.4	1	76317 1917
18	75013	0.4	1	73529 1484
19	75593	0.4	1	73967 1626
20	73879	0.4	1	72229 1650
21	68939	0.4	1	67420 1519
22	66499	0.4	1	65101 1398
23	71633	0.4	1	69981 1652
24	67795	0.4	1	66293 1502
25	68628	0.4	1	67027 1601
26	64124	0.4	1	62733 1391
27	63201	0.4	1	61671 1530
28	60051	0.4	1	58689 1362
29	56883	0.4	1	55643 1240
30	53167	0.4	1	52059 1108
31	53314	0.4	1	52156 1158
32	52990	0.4	1	51781 1209
33	51857	0.4	1	50686 1171
34	50736	0.4	1	49527 1209
35	49103	0.4	1	47959 1144
36	47576	0.4	1	46436 1140
37	47445	0.4	1	46294 1151
38	47026	0.4	1	45861 1165
39	42367	0.4	1	41353 1014
40	42295	0.4	1	41277 1018
41	39170	0.4	1	38242 928
42	37334	0.4	1	36392 942
43	34904	0.4	1	33941 963
44	46542	0.4	1	45132 1410
45	33292	0.4	1	32360 932
46	45658	0.4	1	44890 768
47	15298	0.4	1	14078 1220
48	116226	0.4	1	114682 1544
49	61992	0.4	1	61045 947
50	10749	0.4	1	10358 391
51	9719	0.4	1	9425 294
52	20445	0.4	1	20233 212
53	3499	0.4	1	3270 229
54	19361	0.4	1	19181 180
55	2653	0.4	1	2512 141
56	6992	0.4	1	6892 100
57	2834	0.4	1	2703 131
58	7483	0.4	1	7223 260
59	22533	0.4	1	22313 220
60	2684	0.4	1	2512 172
61	9110	0.4	1	8994 116
62	964	0.4	1	883 81
63	870	0.4	1	784 86
64	5195	0.4	1	5053 142
65	13171	0.4	1	13046 125
66	1660	0.4	1	1569 91
67	590	0.4	1	546 44
68	2255	0.4	1	2170 85
69	3489	0.4	1	3421 68
70	3552	0.4	1	3483 69
71	2728	0.4	1	2675 53
72	1179	0.4	1	1143 36
73	1028	0.4	1	991 37
74	2689	0.4	1	2640 49
75	2971	0.4	1	2917 54
76	2646	0.4	1	2589 57
77	2568	0.4	1	2505 63
78	2539	0.4	1	2465 74
79	2154	0.4	1	2105 49
80	2052	0.4	1	1982 70
81	1840	0.4	1	1771 69
82	1685	0.4	1	1619 66
83	1414	0.4	1	1373 41
84	1264	0.4	1	1218 46
85	1242	0.4	1	1205 37
86	1115	0.4	1	1069 46
87	1084	0.4	1	1051 33
88	1017	0.4	1	982 35
89	902	0.4	1	873 29
90	853	0.4	1	819 34
91	836	0.4	1	785 51
92	741	0.4	1	714 27
93	664	0.4	1	637 27
94	569	0.4	1	544 25
95	475	0.4	1	445 30
96	453	0.4	1	436 17
97	481	0.4	1	456 25
98	433	0.4	1	415 18
99	419	0.4	1	394 25
100	361	0.4	1	342 19
101	345	0.4	1	323 22
102	271	0.4	1	260 11
103	325	0.4	1	300 25
104	190	0.4	1	180 10
105	235	0.4	1	215 20
106	229	0.4	1	207 22
107	255	0.4	1	226 29
108	184	0.4	1	165 19
109	205	0.4	1	188 17
110	161	0.4	1	144 17
111	206	0.4	1	163 43
112	169	0.4	1	134 35
113	155	0.4	1	131 24
114	116	0.4	1	101 15
115	150	0.4	1	125 25
116	130	0.4	1	112 18
117	149	0.4	1	134 15
118	89	0.4	1	76 13
119	131	0.4	1	114 17
120	102	0.4	1	92 10
121	184	0.4	1	163 21
122	112	0.4	1	96 16
123	109	0.4	1	93 16
124	66	0.4	1	55 11
125	69	0.4	1	57 12
126	57	0.4	1	43 14
127	67	0.4	1	52 15
128	69	0.4	1	42 27
129	88	0.4	1	54 34
130	200	0.4	1	159 41
131	2477	0.4	1	2400 77
132	81	0.4	1	53 28
133	83	0.4	1	51 32
134	142	0.4	1	121 21
135	87	0.4	1	56 31
136	75	0.4	1	44 31
137	76	0.4	1	49 27
138	139	0.4	1	112 27
139	85	0.4	1	52 33
140	93	0.4	1	59 34
141	137	0.4	1	108 29
142	84	0.4	1	48 36
143	133	0.4	1	87 46
144	165	0.4	1	103 62
145	167	0.4	1	103 64
146	241	0.4	1	162 79
147	272	0.4	1	122 150
148	313	0.4	1	93 220
149	5319	0.4	1	156 5163
150	227683	0.4	1	8075 219608

RUN STATISTICS FOR INPUT FILE: /vortexfs1/omics/tepolt/raw_reads/C_maenas/Cm_yrv_2023/5-122_R1_001.fastq.gz
=============================================
23488608 sequences processed in total

