
SUMMARISING RUN PARAMETERS
==========================
Input filename: /vortexfs1/omics/tepolt/raw_reads/C_maenas/Cm_yrv_2023/5-128_R1_001.fastq.gz
Trimming mode: paired-end
Trim Galore version: 0.6.6
Cutadapt version: 3.5
Python version: could not detect
Number of cores used for trimming: 8
Quality Phred score cutoff: 20
Quality encoding type selected: ASCII+33
Adapter sequence: 'AGATCGGAAGAGC' (Illumina TruSeq, Sanger iPCR; user defined)
Maximum trimming error rate: 0.1 (default)
Minimum required adapter overlap (stringency): 1 bp
Minimum required sequence length for both reads before a sequence pair gets removed: 20 bp
Running FastQC on the data once trimming has completed
Running FastQC with the following extra arguments: --outdir /vortexfs1/scratch/yaamini.venkataraman/wc-green-crab/output/06b-trimgalore     --threads 28
Output file will be GZIP compressed


This is cutadapt 3.5 with Python 3.9.5
Command line parameters: -j 8 -e 0.1 -q 20 -O 1 -a AGATCGGAAGAGC /vortexfs1/omics/tepolt/raw_reads/C_maenas/Cm_yrv_2023/5-128_R1_001.fastq.gz
Processing reads on 8 cores in single-end mode ...
Finished in 92.58 s (2 µs/read; 26.47 M reads/minute).

=== Summary ===

Total reads processed:              40,849,640
Reads with adapters:                21,117,352 (51.7%)
Reads written (passing filters):    40,849,640 (100.0%)

Total basepairs processed: 6,127,446,000 bp
Quality-trimmed:               7,655,946 bp (0.1%)
Total written (filtered):  5,767,921,458 bp (94.1%)

=== Adapter 1 ===

Sequence: AGATCGGAAGAGC; Type: regular 3'; Length: 13; Trimmed: 21117352 times

Minimum overlap: 1
No. of allowed errors:
1-9 bp: 0; 10-13 bp: 1

Bases preceding removed adapters:
  A: 22.1%
  C: 27.2%
  G: 23.0%
  T: 25.6%
  none/other: 2.1%

Overview of removed sequences
length	count	expect	max.err	error counts
1	8026110	10212410.0	0	8026110
2	2118214	2553102.5	0	2118214
3	920178	638275.6	0	920178
4	363780	159568.9	0	363780
5	269290	39892.2	0	269290
6	237367	9973.1	0	237367
7	235359	2493.3	0	235359
8	226480	623.3	0	226480
9	222069	155.8	0	218079 3990
10	221982	39.0	1	214691 7291
11	217684	9.7	1	210913 6771
12	218641	2.4	1	211709 6932
13	219570	0.6	1	211995 7575
14	219750	0.6	1	212527 7223
15	240063	0.6	1	231783 8280
16	220451	0.6	1	213168 7283
17	221082	0.6	1	213374 7708
18	214571	0.6	1	207945 6626
19	213951	0.6	1	206853 7098
20	210574	0.6	1	203867 6707
21	203267	0.6	1	196482 6785
22	197993	0.6	1	191757 6236
23	203519	0.6	1	196709 6810
24	199279	0.6	1	192775 6504
25	200593	0.6	1	193665 6928
26	192357	0.6	1	185951 6406
27	188409	0.6	1	182006 6403
28	183634	0.6	1	177403 6231
29	173053	0.6	1	167342 5711
30	165102	0.6	1	159878 5224
31	162795	0.6	1	157311 5484
32	162087	0.6	1	156559 5528
33	159624	0.6	1	154420 5204
34	155866	0.6	1	150624 5242
35	154864	0.6	1	149636 5228
36	150374	0.6	1	145129 5245
37	148964	0.6	1	143880 5084
38	149794	0.6	1	144412 5382
39	136906	0.6	1	132105 4801
40	136519	0.6	1	131646 4873
41	127074	0.6	1	122678 4396
42	119731	0.6	1	115480 4251
43	119184	0.6	1	114097 5087
44	152805	0.6	1	147352 5453
45	105369	0.6	1	100992 4377
46	145341	0.6	1	142916 2425
47	35903	0.6	1	32689 3214
48	128586	0.6	1	124495 4091
49	105878	0.6	1	103103 2775
50	69980	0.6	1	67587 2393
51	76991	0.6	1	74364 2627
52	88941	0.6	1	86842 2099
53	54409	0.6	1	52282 2127
54	75249	0.6	1	73690 1559
55	46235	0.6	1	44534 1701
56	57355	0.6	1	55757 1598
57	50314	0.6	1	48838 1476
58	47562	0.6	1	45787 1775
59	63783	0.6	1	62212 1571
60	43635	0.6	1	42144 1491
61	55180	0.6	1	54181 999
62	24750	0.6	1	23906 844
63	24826	0.6	1	24033 793
64	28775	0.6	1	27384 1391
65	55018	0.6	1	54228 790
66	17850	0.6	1	17405 445
67	10624	0.6	1	10062 562
68	22116	0.6	1	21519 597
69	19893	0.6	1	19248 645
70	20217	0.6	1	19719 498
71	14716	0.6	1	14479 237
72	5449	0.6	1	5224 225
73	6551	0.6	1	6272 279
74	10223	0.6	1	9927 296
75	10365	0.6	1	10039 326
76	9431	0.6	1	9131 300
77	8505	0.6	1	8229 276
78	8243	0.6	1	7982 261
79	7429	0.6	1	7198 231
80	6609	0.6	1	6358 251
81	6067	0.6	1	5849 218
82	5319	0.6	1	5094 225
83	4796	0.6	1	4604 192
84	4180	0.6	1	4046 134
85	4315	0.6	1	4169 146
86	3923	0.6	1	3776 147
87	3587	0.6	1	3469 118
88	3270	0.6	1	3136 134
89	3022	0.6	1	2896 126
90	2798	0.6	1	2693 105
91	2602	0.6	1	2513 89
92	2332	0.6	1	2231 101
93	2067	0.6	1	1982 85
94	1875	0.6	1	1796 79
95	1706	0.6	1	1636 70
96	1434	0.6	1	1372 62
97	1567	0.6	1	1505 62
98	1429	0.6	1	1372 57
99	1306	0.6	1	1244 62
100	1164	0.6	1	1116 48
101	1052	0.6	1	1005 47
102	940	0.6	1	908 32
103	919	0.6	1	868 51
104	789	0.6	1	750 39
105	726	0.6	1	697 29
106	736	0.6	1	696 40
107	733	0.6	1	695 38
108	710	0.6	1	677 33
109	609	0.6	1	572 37
110	623	0.6	1	592 31
111	501	0.6	1	460 41
112	470	0.6	1	440 30
113	369	0.6	1	339 30
114	435	0.6	1	411 24
115	386	0.6	1	348 38
116	346	0.6	1	321 25
117	319	0.6	1	299 20
118	327	0.6	1	286 41
119	301	0.6	1	275 26
120	473	0.6	1	446 27
121	603	0.6	1	583 20
122	377	0.6	1	352 25
123	202	0.6	1	176 26
124	136	0.6	1	119 17
125	126	0.6	1	98 28
126	129	0.6	1	93 36
127	130	0.6	1	104 26
128	137	0.6	1	104 33
129	147	0.6	1	99 48
130	731	0.6	1	655 76
131	41132	0.6	1	40518 614
132	217	0.6	1	178 39
133	167	0.6	1	118 49
134	274	0.6	1	234 40
135	162	0.6	1	117 45
136	161	0.6	1	119 42
137	207	0.6	1	155 52
138	316	0.6	1	260 56
139	241	0.6	1	185 56
140	303	0.6	1	239 64
141	498	0.6	1	410 88
142	336	0.6	1	256 80
143	448	0.6	1	362 86
144	613	0.6	1	504 109
145	633	0.6	1	498 135
146	786	0.6	1	622 164
147	925	0.6	1	606 319
148	1014	0.6	1	599 415
149	8994	0.6	1	273 8721
150	443424	0.6	1	8571 434853

RUN STATISTICS FOR INPUT FILE: /vortexfs1/omics/tepolt/raw_reads/C_maenas/Cm_yrv_2023/5-128_R1_001.fastq.gz
=============================================
40849640 sequences processed in total

