
SUMMARISING RUN PARAMETERS
==========================
Input filename: /vortexfs1/omics/tepolt/raw_reads/C_maenas/Cm_yrv_2023/5-127_R1_001.fastq.gz
Trimming mode: paired-end
Trim Galore version: 0.6.6
Cutadapt version: 3.5
Python version: could not detect
Number of cores used for trimming: 8
Quality Phred score cutoff: 20
Quality encoding type selected: ASCII+33
Adapter sequence: 'AGATCGGAAGAGC' (Illumina TruSeq, Sanger iPCR; user defined)
Maximum trimming error rate: 0.1 (default)
Minimum required adapter overlap (stringency): 1 bp
Minimum required sequence length for both reads before a sequence pair gets removed: 20 bp
Running FastQC on the data once trimming has completed
Running FastQC with the following extra arguments: --outdir /vortexfs1/scratch/yaamini.venkataraman/wc-green-crab/output/06b-trimgalore     --threads 28
Output file will be GZIP compressed


This is cutadapt 3.5 with Python 3.9.5
Command line parameters: -j 8 -e 0.1 -q 20 -O 1 -a AGATCGGAAGAGC /vortexfs1/omics/tepolt/raw_reads/C_maenas/Cm_yrv_2023/5-127_R1_001.fastq.gz
Processing reads on 8 cores in single-end mode ...
Finished in 60.36 s (2 µs/read; 33.45 M reads/minute).

=== Summary ===

Total reads processed:              33,648,778
Reads with adapters:                22,704,068 (67.5%)
Reads written (passing filters):    33,648,778 (100.0%)

Total basepairs processed: 5,047,316,700 bp
Quality-trimmed:              22,256,124 bp (0.4%)
Total written (filtered):  3,488,000,486 bp (69.1%)

=== Adapter 1 ===

Sequence: AGATCGGAAGAGC; Type: regular 3'; Length: 13; Trimmed: 22704068 times

Minimum overlap: 1
No. of allowed errors:
1-9 bp: 0; 10-13 bp: 1

Bases preceding removed adapters:
  A: 12.7%
  C: 18.6%
  G: 17.5%
  T: 17.7%
  none/other: 33.5%

Overview of removed sequences
length	count	expect	max.err	error counts
1	4295472	8412194.5	0	4295472
2	1118363	2103048.6	0	1118363
3	517080	525762.2	0	517080
4	185480	131440.5	0	185480
5	141929	32860.1	0	141929
6	126199	8215.0	0	126199
7	126375	2053.8	0	126375
8	120526	513.4	0	120526
9	119638	128.4	0	118705 933
10	119661	32.1	1	116955 2706
11	120012	8.0	1	117171 2841
12	121988	2.0	1	118947 3041
13	126066	0.5	1	122748 3318
14	127606	0.5	1	124332 3274
15	138593	0.5	1	134800 3793
16	128869	0.5	1	125376 3493
17	129385	0.5	1	125731 3654
18	127508	0.5	1	124284 3224
19	130429	0.5	1	127015 3414
20	128489	0.5	1	125029 3460
21	123460	0.5	1	120012 3448
22	122637	0.5	1	119477 3160
23	127529	0.5	1	124136 3393
24	126231	0.5	1	122848 3383
25	130641	0.5	1	126996 3645
26	125418	0.5	1	121999 3419
27	125567	0.5	1	121839 3728
28	123883	0.5	1	120209 3674
29	119189	0.5	1	115958 3231
30	118026	0.5	1	114938 3088
31	120785	0.5	1	117447 3338
32	122119	0.5	1	118805 3314
33	119267	0.5	1	116016 3251
34	119194	0.5	1	115816 3378
35	122624	0.5	1	119098 3526
36	124945	0.5	1	120879 4066
37	123929	0.5	1	120027 3902
38	124414	0.5	1	120684 3730
39	119095	0.5	1	115356 3739
40	122679	0.5	1	118625 4054
41	120278	0.5	1	116059 4219
42	117263	0.5	1	112829 4434
43	122507	0.5	1	115147 7360
44	187338	0.5	1	179331 8007
45	129537	0.5	1	123027 6510
46	183143	0.5	1	178704 4439
47	79712	0.5	1	66313 13399
48	827876	0.5	1	816087 11789
49	309576	0.5	1	302921 6655
50	71891	0.5	1	68775 3116
51	48588	0.5	1	45957 2631
52	130535	0.5	1	128881 1654
53	22706	0.5	1	20711 1995
54	105164	0.5	1	104219 945
55	14808	0.5	1	13893 915
56	31321	0.5	1	30690 631
57	18344	0.5	1	17382 962
58	48342	0.5	1	46014 2328
59	150140	0.5	1	148636 1504
60	22337	0.5	1	20742 1595
61	58224	0.5	1	57372 852
62	8088	0.5	1	7535 553
63	9456	0.5	1	8668 788
64	48527	0.5	1	46577 1950
65	131041	0.5	1	129704 1337
66	22606	0.5	1	21816 790
67	6686	0.5	1	6123 563
68	29559	0.5	1	28705 854
69	47109	0.5	1	46052 1057
70	52179	0.5	1	51188 991
71	44599	0.5	1	43855 744
72	23249	0.5	1	22727 522
73	17540	0.5	1	16772 768
74	45626	0.5	1	44611 1015
75	52090	0.5	1	50928 1162
76	52378	0.5	1	51191 1187
77	51445	0.5	1	50279 1166
78	49589	0.5	1	48376 1213
79	48355	0.5	1	47153 1202
80	45718	0.5	1	44655 1063
81	43300	0.5	1	42200 1100
82	41039	0.5	1	40049 990
83	37366	0.5	1	36436 930
84	35252	0.5	1	34378 874
85	33780	0.5	1	32954 826
86	32718	0.5	1	31873 845
87	32770	0.5	1	31938 832
88	30604	0.5	1	29907 697
89	29086	0.5	1	28306 780
90	27301	0.5	1	26597 704
91	26259	0.5	1	25662 597
92	24774	0.5	1	24215 559
93	21404	0.5	1	20891 513
94	18875	0.5	1	18406 469
95	17206	0.5	1	16748 458
96	16190	0.5	1	15807 383
97	16131	0.5	1	15709 422
98	16173	0.5	1	15740 433
99	14780	0.5	1	14416 364
100	13933	0.5	1	13596 337
101	12228	0.5	1	11869 359
102	10790	0.5	1	10495 295
103	10580	0.5	1	10284 296
104	9459	0.5	1	9143 316
105	8506	0.5	1	8225 281
106	8095	0.5	1	7836 259
107	8273	0.5	1	7998 275
108	8043	0.5	1	7758 285
109	7498	0.5	1	7230 268
110	7167	0.5	1	6902 265
111	6430	0.5	1	6190 240
112	5882	0.5	1	5636 246
113	5097	0.5	1	4820 277
114	4802	0.5	1	4547 255
115	4566	0.5	1	4301 265
116	4900	0.5	1	4616 284
117	4194	0.5	1	3926 268
118	4427	0.5	1	4145 282
119	3991	0.5	1	3730 261
120	3870	0.5	1	3598 272
121	4840	0.5	1	4396 444
122	3263	0.5	1	2975 288
123	3069	0.5	1	2772 297
124	2059	0.5	1	1738 321
125	1869	0.5	1	1508 361
126	1783	0.5	1	1354 429
127	1846	0.5	1	1341 505
128	2021	0.5	1	1485 536
129	2351	0.5	1	1727 624
130	3480	0.5	1	2693 787
131	28837	0.5	1	27579 1258
132	3116	0.5	1	2246 870
133	2953	0.5	1	2022 931
134	7506	0.5	1	6449 1057
135	3940	0.5	1	2913 1027
136	3658	0.5	1	2617 1041
137	4705	0.5	1	3551 1154
138	6657	0.5	1	5434 1223
139	5591	0.5	1	4248 1343
140	6550	0.5	1	5176 1374
141	10607	0.5	1	8952 1655
142	7147	0.5	1	5542 1605
143	9589	0.5	1	7618 1971
144	11782	0.5	1	9471 2311
145	12105	0.5	1	9110 2995
146	16158	0.5	1	12825 3333
147	16611	0.5	1	10324 6287
148	16904	0.5	1	8353 8551
149	147778	0.5	1	5238 142540
150	7490784	0.5	1	187331 7303453

RUN STATISTICS FOR INPUT FILE: /vortexfs1/omics/tepolt/raw_reads/C_maenas/Cm_yrv_2023/5-127_R1_001.fastq.gz
=============================================
33648778 sequences processed in total

