
SUMMARISING RUN PARAMETERS
==========================
Input filename: /vortexfs1/omics/tepolt/raw_reads/C_maenas/Cm_yrv_2023/5-125_R2_001.fastq.gz
Trimming mode: paired-end
Trim Galore version: 0.6.6
Cutadapt version: 3.5
Python version: could not detect
Number of cores used for trimming: 8
Quality Phred score cutoff: 20
Quality encoding type selected: ASCII+33
Adapter sequence: 'AGATCGGAAGAGC' (Illumina TruSeq, Sanger iPCR; user defined)
Maximum trimming error rate: 0.1 (default)
Minimum required adapter overlap (stringency): 1 bp
Minimum required sequence length for both reads before a sequence pair gets removed: 20 bp
Running FastQC on the data once trimming has completed
Running FastQC with the following extra arguments: --outdir /vortexfs1/scratch/yaamini.venkataraman/wc-green-crab/output/06b-trimgalore     --threads 28
Output file will be GZIP compressed


This is cutadapt 3.5 with Python 3.9.5
Command line parameters: -j 8 -e 0.1 -q 20 -O 1 -a AGATCGGAAGAGC /vortexfs1/omics/tepolt/raw_reads/C_maenas/Cm_yrv_2023/5-125_R2_001.fastq.gz
Processing reads on 8 cores in single-end mode ...
Finished in 78.48 s (2 µs/read; 29.52 M reads/minute).

=== Summary ===

Total reads processed:              38,616,225
Reads with adapters:                20,770,553 (53.8%)
Reads written (passing filters):    38,616,225 (100.0%)

Total basepairs processed: 5,792,433,750 bp
Quality-trimmed:              12,425,965 bp (0.2%)
Total written (filtered):  5,468,742,064 bp (94.4%)

=== Adapter 1 ===

Sequence: AGATCGGAAGAGC; Type: regular 3'; Length: 13; Trimmed: 20770553 times

Minimum overlap: 1
No. of allowed errors:
1-9 bp: 0; 10-13 bp: 1

Bases preceding removed adapters:
  A: 26.3%
  C: 26.6%
  G: 25.6%
  T: 21.4%
  none/other: 0.2%

Overview of removed sequences
length	count	expect	max.err	error counts
1	8280135	9654056.2	0	8280135
2	1947376	2413514.1	0	1947376
3	714787	603378.5	0	714787
4	337136	150844.6	0	337136
5	249996	37711.2	0	249996
6	220311	9427.8	0	220311
7	221778	2356.9	0	221778
8	200496	589.2	0	200496
9	192770	147.3	0	192112 658
10	193687	36.8	1	190522 3165
11	189056	9.2	1	185660 3396
12	199076	2.3	1	195006 4070
13	200183	0.6	1	196494 3689
14	207319	0.6	1	202748 4571
15	239350	0.6	1	234160 5190
16	204714	0.6	1	200210 4504
17	211242	0.6	1	205856 5386
18	203490	0.6	1	198232 5258
19	221875	0.6	1	215814 6061
20	212444	0.6	1	207394 5050
21	174197	0.6	1	169864 4333
22	176405	0.6	1	172231 4174
23	194887	0.6	1	190185 4702
24	206270	0.6	1	200738 5532
25	189889	0.6	1	185513 4376
26	189098	0.6	1	184408 4690
27	203899	0.6	1	198757 5142
28	169961	0.6	1	165951 4010
29	165555	0.6	1	161814 3741
30	160503	0.6	1	157110 3393
31	159521	0.6	1	156305 3216
32	159214	0.6	1	156025 3189
33	163173	0.6	1	159766 3407
34	178173	0.6	1	173987 4186
35	184362	0.6	1	180622 3740
36	146711	0.6	1	143500 3211
37	149385	0.6	1	146474 2911
38	162295	0.6	1	159181 3114
39	145939	0.6	1	143106 2833
40	151046	0.6	1	147992 3054
41	147896	0.6	1	144885 3011
42	120175	0.6	1	117923 2252
43	131033	0.6	1	128332 2701
44	123938	0.6	1	121539 2399
45	142438	0.6	1	139216 3222
46	115105	0.6	1	112658 2447
47	111618	0.6	1	109451 2167
48	125869	0.6	1	123376 2493
49	106120	0.6	1	103975 2145
50	94406	0.6	1	92521 1885
51	90868	0.6	1	88789 2079
52	96002	0.6	1	93846 2156
53	79095	0.6	1	77611 1484
54	80528	0.6	1	78910 1618
55	82369	0.6	1	80520 1849
56	71551	0.6	1	70089 1462
57	79322	0.6	1	77557 1765
58	87114	0.6	1	85499 1615
59	56988	0.6	1	55803 1185
60	64293	0.6	1	63189 1104
61	54761	0.6	1	53860 901
62	55956	0.6	1	54970 986
63	42676	0.6	1	41904 772
64	50580	0.6	1	49711 869
65	39061	0.6	1	38343 718
66	39520	0.6	1	38827 693
67	39494	0.6	1	38737 757
68	32726	0.6	1	32107 619
69	26117	0.6	1	25636 481
70	32402	0.6	1	31860 542
71	15915	0.6	1	15553 362
72	18845	0.6	1	18519 326
73	19052	0.6	1	18683 369
74	18760	0.6	1	18448 312
75	18725	0.6	1	18454 271
76	5741	0.6	1	5563 178
77	11282	0.6	1	11102 180
78	11387	0.6	1	11164 223
79	10155	0.6	1	9971 184
80	9260	0.6	1	9056 204
81	8327	0.6	1	8171 156
82	7504	0.6	1	7341 163
83	6310	0.6	1	6150 160
84	5586	0.6	1	5469 117
85	5095	0.6	1	4970 125
86	5077	0.6	1	4965 112
87	4729	0.6	1	4613 116
88	4274	0.6	1	4177 97
89	3865	0.6	1	3785 80
90	3841	0.6	1	3759 82
91	3609	0.6	1	3522 87
92	3357	0.6	1	3284 73
93	2896	0.6	1	2832 64
94	2415	0.6	1	2368 47
95	2039	0.6	1	1992 47
96	1853	0.6	1	1811 42
97	1753	0.6	1	1707 46
98	1663	0.6	1	1612 51
99	1571	0.6	1	1510 61
100	1337	0.6	1	1312 25
101	1159	0.6	1	1120 39
102	983	0.6	1	958 25
103	1023	0.6	1	987 36
104	837	0.6	1	810 27
105	758	0.6	1	729 29
106	671	0.6	1	650 21
107	772	0.6	1	737 35
108	642	0.6	1	622 20
109	598	0.6	1	574 24
110	546	0.6	1	534 12
111	505	0.6	1	488 17
112	432	0.6	1	418 14
113	381	0.6	1	365 16
114	381	0.6	1	369 12
115	302	0.6	1	282 20
116	329	0.6	1	311 18
117	255	0.6	1	237 18
118	278	0.6	1	268 10
119	231	0.6	1	220 11
120	226	0.6	1	206 20
121	198	0.6	1	178 20
122	175	0.6	1	160 15
123	219	0.6	1	203 16
124	133	0.6	1	126 7
125	115	0.6	1	105 10
126	108	0.6	1	89 19
127	150	0.6	1	131 19
128	117	0.6	1	107 10
129	148	0.6	1	128 20
130	447	0.6	1	428 19
131	1045	0.6	1	956 89
132	158	0.6	1	141 17
133	182	0.6	1	158 24
134	590	0.6	1	575 15
135	231	0.6	1	221 10
136	179	0.6	1	165 14
137	293	0.6	1	285 8
138	693	0.6	1	687 6
139	282	0.6	1	271 11
140	360	0.6	1	351 9
141	767	0.6	1	756 11
142	378	0.6	1	373 5
143	566	0.6	1	559 7
144	550	0.6	1	544 6
145	499	0.6	1	482 17
146	727	0.6	1	710 17
147	729	0.6	1	699 30
148	865	0.6	1	836 29
149	591	0.6	1	489 102
150	33801	0.6	1	30853 2948

RUN STATISTICS FOR INPUT FILE: /vortexfs1/omics/tepolt/raw_reads/C_maenas/Cm_yrv_2023/5-125_R2_001.fastq.gz
=============================================
38616225 sequences processed in total

Total number of sequences analysed for the sequence pair length validation: 38616225

Number of sequence pairs removed because at least one read was shorter than the length cutoff (20 bp): 997802 (2.58%)
