
SUMMARISING RUN PARAMETERS
==========================
Input filename: /vortexfs1/omics/tepolt/raw_reads/C_maenas/Cm_yrv_2023/5-123_R2_001.fastq.gz
Trimming mode: paired-end
Trim Galore version: 0.6.6
Cutadapt version: 3.5
Python version: could not detect
Number of cores used for trimming: 8
Quality Phred score cutoff: 20
Quality encoding type selected: ASCII+33
Adapter sequence: 'AGATCGGAAGAGC' (Illumina TruSeq, Sanger iPCR; user defined)
Maximum trimming error rate: 0.1 (default)
Minimum required adapter overlap (stringency): 1 bp
Minimum required sequence length for both reads before a sequence pair gets removed: 20 bp
Running FastQC on the data once trimming has completed
Running FastQC with the following extra arguments: --outdir /vortexfs1/scratch/yaamini.venkataraman/wc-green-crab/output/06b-trimgalore     --threads 28
Output file will be GZIP compressed


This is cutadapt 3.5 with Python 3.9.5
Command line parameters: -j 8 -e 0.1 -q 20 -O 1 -a AGATCGGAAGAGC /vortexfs1/omics/tepolt/raw_reads/C_maenas/Cm_yrv_2023/5-123_R2_001.fastq.gz
Processing reads on 8 cores in single-end mode ...
Finished in 102.51 s (2 µs/read; 26.25 M reads/minute).

=== Summary ===

Total reads processed:              44,842,251
Reads with adapters:                19,652,992 (43.8%)
Reads written (passing filters):    44,842,251 (100.0%)

Total basepairs processed: 6,726,337,650 bp
Quality-trimmed:              16,634,563 bp (0.2%)
Total written (filtered):  6,556,929,080 bp (97.5%)

=== Adapter 1 ===

Sequence: AGATCGGAAGAGC; Type: regular 3'; Length: 13; Trimmed: 19652992 times

Minimum overlap: 1
No. of allowed errors:
1-9 bp: 0; 10-13 bp: 1

Bases preceding removed adapters:
  A: 28.1%
  C: 26.9%
  G: 23.4%
  T: 21.5%
  none/other: 0.1%

Overview of removed sequences
length	count	expect	max.err	error counts
1	10696054	11210562.8	0	10696054
2	2675917	2802640.7	0	2675917
3	877670	700660.2	0	877670
4	340286	175165.0	0	340286
5	205910	43791.3	0	205910
6	168445	10947.8	0	168445
7	164320	2737.0	0	164320
8	151646	684.2	0	151646
9	146894	171.1	0	146206 688
10	145760	42.8	1	142945 2815
11	140174	10.7	1	137495 2679
12	143786	2.7	1	140582 3204
13	137637	0.7	1	135013 2624
14	140480	0.7	1	137096 3384
15	153045	0.7	1	149434 3611
16	129180	0.7	1	126182 2998
17	133252	0.7	1	129589 3663
18	127670	0.7	1	124237 3433
19	138520	0.7	1	134365 4155
20	124776	0.7	1	121610 3166
21	107814	0.7	1	105117 2697
22	108575	0.7	1	105821 2754
23	113034	0.7	1	110233 2801
24	116373	0.7	1	112879 3494
25	104858	0.7	1	102061 2797
26	103211	0.7	1	100439 2772
27	110689	0.7	1	107679 3010
28	87581	0.7	1	85336 2245
29	90653	0.7	1	88359 2294
30	85394	0.7	1	83371 2023
31	79376	0.7	1	77674 1702
32	82060	0.7	1	80143 1917
33	90070	0.7	1	88009 2061
34	72381	0.7	1	70672 1709
35	76322	0.7	1	74587 1735
36	126466	0.7	1	123832 2634
37	41225	0.7	1	39950 1275
38	92029	0.7	1	90408 1621
39	45018	0.7	1	43879 1139
40	68949	0.7	1	67799 1150
41	40023	0.7	1	39157 866
42	50032	0.7	1	49042 990
43	55780	0.7	1	54657 1123
44	44340	0.7	1	43356 984
45	67520	0.7	1	66144 1376
46	37157	0.7	1	36257 900
47	34561	0.7	1	33813 748
48	51090	0.7	1	50168 922
49	30982	0.7	1	30241 741
50	31795	0.7	1	31104 691
51	31247	0.7	1	30553 694
52	35696	0.7	1	34926 770
53	21500	0.7	1	21063 437
54	28418	0.7	1	27816 602
55	26534	0.7	1	25936 598
56	21559	0.7	1	21111 448
57	27576	0.7	1	26975 601
58	30744	0.7	1	30208 536
59	15536	0.7	1	15156 380
60	17227	0.7	1	16906 321
61	13022	0.7	1	12738 284
62	18315	0.7	1	18015 300
63	9290	0.7	1	9064 226
64	16493	0.7	1	16231 262
65	7784	0.7	1	7619 165
66	9927	0.7	1	9734 193
67	11031	0.7	1	10811 220
68	7558	0.7	1	7371 187
69	5161	0.7	1	5015 146
70	10504	0.7	1	10308 196
71	2061	0.7	1	1949 112
72	5213	0.7	1	5078 135
73	5448	0.7	1	5327 121
74	5591	0.7	1	5470 121
75	5606	0.7	1	5494 112
76	1593	0.7	1	1536 57
77	3056	0.7	1	2986 70
78	3489	0.7	1	3409 80
79	3393	0.7	1	3303 90
80	3069	0.7	1	2992 77
81	2778	0.7	1	2699 79
82	2468	0.7	1	2388 80
83	2156	0.7	1	2095 61
84	2048	0.7	1	1978 70
85	1835	0.7	1	1762 73
86	1868	0.7	1	1802 66
87	1705	0.7	1	1656 49
88	1597	0.7	1	1549 48
89	1584	0.7	1	1524 60
90	1425	0.7	1	1362 63
91	1470	0.7	1	1420 50
92	1343	0.7	1	1296 47
93	1162	0.7	1	1113 49
94	1005	0.7	1	961 44
95	833	0.7	1	794 39
96	800	0.7	1	762 38
97	780	0.7	1	744 36
98	815	0.7	1	775 40
99	749	0.7	1	710 39
100	785	0.7	1	736 49
101	613	0.7	1	581 32
102	549	0.7	1	523 26
103	537	0.7	1	518 19
104	504	0.7	1	474 30
105	493	0.7	1	463 30
106	463	0.7	1	441 22
107	490	0.7	1	473 17
108	463	0.7	1	433 30
109	446	0.7	1	409 37
110	423	0.7	1	403 20
111	374	0.7	1	346 28
112	330	0.7	1	300 30
113	317	0.7	1	299 18
114	297	0.7	1	276 21
115	284	0.7	1	258 26
116	241	0.7	1	221 20
117	242	0.7	1	223 19
118	235	0.7	1	221 14
119	230	0.7	1	203 27
120	227	0.7	1	198 29
121	223	0.7	1	199 24
122	172	0.7	1	158 14
123	170	0.7	1	150 20
124	153	0.7	1	140 13
125	127	0.7	1	120 7
126	152	0.7	1	147 5
127	117	0.7	1	106 11
128	127	0.7	1	118 9
129	143	0.7	1	120 23
130	202	0.7	1	179 23
131	1975	0.7	1	1810 165
132	187	0.7	1	174 13
133	194	0.7	1	180 14
134	306	0.7	1	289 17
135	214	0.7	1	204 10
136	211	0.7	1	205 6
137	255	0.7	1	243 12
138	339	0.7	1	330 9
139	312	0.7	1	299 13
140	408	0.7	1	397 11
141	607	0.7	1	590 17
142	417	0.7	1	414 3
143	670	0.7	1	662 8
144	920	0.7	1	901 19
145	886	0.7	1	856 30
146	1279	0.7	1	1253 26
147	1064	0.7	1	1023 41
148	838	0.7	1	812 26
149	424	0.7	1	316 108
150	12515	0.7	1	9700 2815

RUN STATISTICS FOR INPUT FILE: /vortexfs1/omics/tepolt/raw_reads/C_maenas/Cm_yrv_2023/5-123_R2_001.fastq.gz
=============================================
44842251 sequences processed in total

Total number of sequences analysed for the sequence pair length validation: 44842251

Number of sequence pairs removed because at least one read was shorter than the length cutoff (20 bp): 612294 (1.37%)
