
SUMMARISING RUN PARAMETERS
==========================
Input filename: /vortexfs1/omics/tepolt/raw_reads/C_maenas/Cm_yrv_2023/5-124_R1_001.fastq.gz
Trimming mode: paired-end
Trim Galore version: 0.6.6
Cutadapt version: 3.5
Python version: could not detect
Number of cores used for trimming: 8
Quality Phred score cutoff: 20
Quality encoding type selected: ASCII+33
Adapter sequence: 'AGATCGGAAGAGC' (Illumina TruSeq, Sanger iPCR; user defined)
Maximum trimming error rate: 0.1 (default)
Minimum required adapter overlap (stringency): 1 bp
Minimum required sequence length for both reads before a sequence pair gets removed: 20 bp
Running FastQC on the data once trimming has completed
Running FastQC with the following extra arguments: --outdir /vortexfs1/scratch/yaamini.venkataraman/wc-green-crab/output/06b-trimgalore     --threads 28
Output file will be GZIP compressed


This is cutadapt 3.5 with Python 3.9.5
Command line parameters: -j 8 -e 0.1 -q 20 -O 1 -a AGATCGGAAGAGC /vortexfs1/omics/tepolt/raw_reads/C_maenas/Cm_yrv_2023/5-124_R1_001.fastq.gz
Processing reads on 8 cores in single-end mode ...
Finished in 107.12 s (2 µs/read; 29.53 M reads/minute).

=== Summary ===

Total reads processed:              52,726,370
Reads with adapters:                26,638,026 (50.5%)
Reads written (passing filters):    52,726,370 (100.0%)

Total basepairs processed: 7,908,955,500 bp
Quality-trimmed:              16,170,147 bp (0.2%)
Total written (filtered):  7,399,484,787 bp (93.6%)

=== Adapter 1 ===

Sequence: AGATCGGAAGAGC; Type: regular 3'; Length: 13; Trimmed: 26638026 times

Minimum overlap: 1
No. of allowed errors:
1-9 bp: 0; 10-13 bp: 1

Bases preceding removed adapters:
  A: 22.8%
  C: 25.7%
  G: 22.6%
  T: 26.5%
  none/other: 2.5%

Overview of removed sequences
length	count	expect	max.err	error counts
1	10931629	13181592.5	0	10931629
2	2768396	3295398.1	0	2768396
3	1190789	823849.5	0	1190789
4	393266	205962.4	0	393266
5	259613	51490.6	0	259613
6	216648	12872.6	0	216648
7	209791	3218.2	0	209791
8	200045	804.5	0	200045
9	194215	201.1	0	192824 1391
10	193050	50.3	1	189325 3725
11	191809	12.6	1	188031 3778
12	195840	3.1	1	191784 4056
13	200985	0.8	1	196303 4682
14	202417	0.8	1	197929 4488
15	228383	0.8	1	223246 5137
16	205913	0.8	1	201207 4706
17	201922	0.8	1	197055 4867
18	197569	0.8	1	193381 4188
19	196125	0.8	1	191653 4472
20	192077	0.8	1	187734 4343
21	184094	0.8	1	179748 4346
22	184591	0.8	1	180655 3936
23	196114	0.8	1	191609 4505
24	191916	0.8	1	187763 4153
25	198587	0.8	1	193788 4799
26	187254	0.8	1	182938 4316
27	177804	0.8	1	173667 4137
28	174457	0.8	1	170261 4196
29	164267	0.8	1	160533 3734
30	157511	0.8	1	154073 3438
31	160886	0.8	1	157187 3699
32	163560	0.8	1	159634 3926
33	163332	0.8	1	159525 3807
34	164560	0.8	1	160567 3993
35	166081	0.8	1	161990 4091
36	166301	0.8	1	162158 4143
37	158236	0.8	1	154510 3726
38	162724	0.8	1	158767 3957
39	150031	0.8	1	146239 3792
40	147875	0.8	1	144279 3596
41	141489	0.8	1	137939 3550
42	140636	0.8	1	136798 3838
43	141949	0.8	1	137471 4478
44	206870	0.8	1	201226 5644
45	134891	0.8	1	130979 3912
46	184263	0.8	1	181033 3230
47	95311	0.8	1	89043 6268
48	498556	0.8	1	492643 5913
49	155843	0.8	1	152787 3056
50	41024	0.8	1	39021 2003
51	117421	0.8	1	115280 2141
52	124516	0.8	1	122866 1650
53	49541	0.8	1	47352 2189
54	167545	0.8	1	166186 1359
55	36042	0.8	1	34536 1506
56	92819	0.8	1	91612 1207
57	58212	0.8	1	56800 1412
58	78340	0.8	1	75592 2748
59	213364	0.8	1	211500 1864
60	53758	0.8	1	51550 2208
61	129610	0.8	1	128568 1042
62	11700	0.8	1	10952 748
63	20334	0.8	1	19518 816
64	60144	0.8	1	58187 1957
65	171948	0.8	1	170680 1268
66	9854	0.8	1	9192 662
67	7039	0.8	1	6401 638
68	47697	0.8	1	46854 843
69	50798	0.8	1	49840 958
70	54659	0.8	1	53881 778
71	42540	0.8	1	41952 588
72	17032	0.8	1	16633 399
73	14480	0.8	1	14005 475
74	36107	0.8	1	35469 638
75	42454	0.8	1	41691 763
76	41307	0.8	1	40583 724
77	40366	0.8	1	39553 813
78	38320	0.8	1	37559 761
79	35082	0.8	1	34366 716
80	31236	0.8	1	30582 654
81	28416	0.8	1	27806 610
82	26278	0.8	1	25726 552
83	23570	0.8	1	23091 479
84	21868	0.8	1	21395 473
85	21000	0.8	1	20544 456
86	20945	0.8	1	20516 429
87	20709	0.8	1	20289 420
88	18348	0.8	1	17970 378
89	16527	0.8	1	16188 339
90	14549	0.8	1	14265 284
91	13026	0.8	1	12757 269
92	12263	0.8	1	12005 258
93	9713	0.8	1	9498 215
94	9394	0.8	1	9193 201
95	8180	0.8	1	8008 172
96	7581	0.8	1	7419 162
97	7293	0.8	1	7125 168
98	6690	0.8	1	6546 144
99	6153	0.8	1	6021 132
100	5253	0.8	1	5135 118
101	4443	0.8	1	4330 113
102	3739	0.8	1	3644 95
103	3504	0.8	1	3417 87
104	2949	0.8	1	2844 105
105	2762	0.8	1	2691 71
106	2774	0.8	1	2690 84
107	2740	0.8	1	2668 72
108	2332	0.8	1	2270 62
109	2068	0.8	1	2002 66
110	1830	0.8	1	1769 61
111	1616	0.8	1	1519 97
112	1293	0.8	1	1240 53
113	1099	0.8	1	1030 69
114	1031	0.8	1	982 49
115	784	0.8	1	730 54
116	881	0.8	1	844 37
117	736	0.8	1	703 33
118	674	0.8	1	643 31
119	585	0.8	1	557 28
120	532	0.8	1	501 31
121	479	0.8	1	454 25
122	403	0.8	1	376 27
123	288	0.8	1	264 24
124	245	0.8	1	222 23
125	195	0.8	1	167 28
126	253	0.8	1	227 26
127	201	0.8	1	163 38
128	294	0.8	1	240 54
129	232	0.8	1	185 47
130	319	0.8	1	271 48
131	1589	0.8	1	1520 69
132	303	0.8	1	256 47
133	333	0.8	1	269 64
134	562	0.8	1	492 70
135	389	0.8	1	304 85
136	335	0.8	1	279 56
137	444	0.8	1	378 66
138	958	0.8	1	883 75
139	471	0.8	1	391 80
140	690	0.8	1	589 101
141	1120	0.8	1	1004 116
142	587	0.8	1	480 107
143	823	0.8	1	703 120
144	1162	0.8	1	1014 148
145	1156	0.8	1	955 201
146	1558	0.8	1	1351 207
147	1591	0.8	1	1153 438
148	1391	0.8	1	785 606
149	12666	0.8	1	389 12277
150	645101	0.8	1	14711 630390

RUN STATISTICS FOR INPUT FILE: /vortexfs1/omics/tepolt/raw_reads/C_maenas/Cm_yrv_2023/5-124_R1_001.fastq.gz
=============================================
52726370 sequences processed in total

