
SUMMARISING RUN PARAMETERS
==========================
Input filename: /vortexfs1/omics/tepolt/raw_reads/C_maenas/Cm_yrv_2023/5-123_R1_001.fastq.gz
Trimming mode: paired-end
Trim Galore version: 0.6.6
Cutadapt version: 3.5
Python version: could not detect
Number of cores used for trimming: 8
Quality Phred score cutoff: 20
Quality encoding type selected: ASCII+33
Adapter sequence: 'AGATCGGAAGAGC' (Illumina TruSeq, Sanger iPCR; user defined)
Maximum trimming error rate: 0.1 (default)
Minimum required adapter overlap (stringency): 1 bp
Minimum required sequence length for both reads before a sequence pair gets removed: 20 bp
Running FastQC on the data once trimming has completed
Running FastQC with the following extra arguments: --outdir /vortexfs1/scratch/yaamini.venkataraman/wc-green-crab/output/06b-trimgalore     --threads 28
Output file will be GZIP compressed


This is cutadapt 3.5 with Python 3.9.5
Command line parameters: -j 8 -e 0.1 -q 20 -O 1 -a AGATCGGAAGAGC /vortexfs1/omics/tepolt/raw_reads/C_maenas/Cm_yrv_2023/5-123_R1_001.fastq.gz
Processing reads on 8 cores in single-end mode ...
Finished in 95.00 s (2 µs/read; 28.32 M reads/minute).

=== Summary ===

Total reads processed:              44,842,251
Reads with adapters:                19,756,972 (44.1%)
Reads written (passing filters):    44,842,251 (100.0%)

Total basepairs processed: 6,726,337,650 bp
Quality-trimmed:               8,217,571 bp (0.1%)
Total written (filtered):  6,478,670,405 bp (96.3%)

=== Adapter 1 ===

Sequence: AGATCGGAAGAGC; Type: regular 3'; Length: 13; Trimmed: 19756972 times

Minimum overlap: 1
No. of allowed errors:
1-9 bp: 0; 10-13 bp: 1

Bases preceding removed adapters:
  A: 25.1%
  C: 26.2%
  G: 20.3%
  T: 25.5%
  none/other: 3.0%

Overview of removed sequences
length	count	expect	max.err	error counts
1	10106572	11210562.8	0	10106572
2	2567999	2802640.7	0	2567999
3	1097483	700660.2	0	1097483
4	326605	175165.0	0	326605
5	205118	43791.3	0	205118
6	167614	10947.8	0	167614
7	163522	2737.0	0	163522
8	151250	684.2	0	151250
9	147921	171.1	0	146790 1131
10	145359	42.8	1	142057 3302
11	140693	10.7	1	137988 2705
12	140473	2.7	1	137603 2870
13	141064	0.7	1	137893 3171
14	139782	0.7	1	136772 3010
15	150278	0.7	1	146902 3376
16	134405	0.7	1	131440 2965
17	132016	0.7	1	129039 2977
18	127163	0.7	1	124593 2570
19	127302	0.7	1	124566 2736
20	123235	0.7	1	120504 2731
21	116049	0.7	1	113415 2634
22	112612	0.7	1	110220 2392
23	113721	0.7	1	111089 2632
24	109121	0.7	1	106722 2399
25	110297	0.7	1	107744 2553
26	103372	0.7	1	100994 2378
27	99795	0.7	1	97380 2415
28	95847	0.7	1	93560 2287
29	89205	0.7	1	87271 1934
30	84683	0.7	1	82982 1701
31	83356	0.7	1	81530 1826
32	83119	0.7	1	81179 1940
33	81052	0.7	1	79203 1849
34	79118	0.7	1	77226 1892
35	74679	0.7	1	72952 1727
36	75718	0.7	1	73897 1821
37	71487	0.7	1	69929 1558
38	70048	0.7	1	68332 1716
39	65324	0.7	1	63650 1674
40	64003	0.7	1	62435 1568
41	57445	0.7	1	56118 1327
42	55852	0.7	1	54409 1443
43	54275	0.7	1	52578 1697
44	74874	0.7	1	72797 2077
45	45505	0.7	1	44118 1387
46	68273	0.7	1	67297 976
47	14093	0.7	1	12821 1272
48	95712	0.7	1	93941 1771
49	94181	0.7	1	93043 1138
50	18400	0.7	1	17679 721
51	23906	0.7	1	23361 545
52	36981	0.7	1	36513 468
53	10107	0.7	1	9583 524
54	39140	0.7	1	38844 296
55	7349	0.7	1	7030 319
56	18120	0.7	1	17886 234
57	9699	0.7	1	9426 273
58	14361	0.7	1	13902 459
59	40749	0.7	1	40351 398
60	8265	0.7	1	7884 381
61	18832	0.7	1	18651 181
62	1687	0.7	1	1561 126
63	2621	0.7	1	2487 134
64	8829	0.7	1	8560 269
65	22996	0.7	1	22791 205
66	1486	0.7	1	1341 145
67	834	0.7	1	751 83
68	5531	0.7	1	5409 122
69	6312	0.7	1	6174 138
70	6114	0.7	1	6019 95
71	4553	0.7	1	4467 86
72	1921	0.7	1	1868 53
73	1763	0.7	1	1689 74
74	3949	0.7	1	3881 68
75	4307	0.7	1	4215 92
76	4029	0.7	1	3932 97
77	3855	0.7	1	3758 97
78	3647	0.7	1	3547 100
79	3446	0.7	1	3348 98
80	3108	0.7	1	2968 140
81	2852	0.7	1	2736 116
82	2548	0.7	1	2459 89
83	2183	0.7	1	2109 74
84	2059	0.7	1	1997 62
85	1973	0.7	1	1900 73
86	2402	0.7	1	2336 66
87	1741	0.7	1	1674 67
88	1620	0.7	1	1565 55
89	1577	0.7	1	1511 66
90	1432	0.7	1	1387 45
91	1460	0.7	1	1418 42
92	1381	0.7	1	1329 52
93	1182	0.7	1	1127 55
94	1025	0.7	1	987 38
95	851	0.7	1	821 30
96	822	0.7	1	785 37
97	802	0.7	1	772 30
98	872	0.7	1	820 52
99	732	0.7	1	694 38
100	761	0.7	1	739 22
101	609	0.7	1	584 25
102	577	0.7	1	549 28
103	540	0.7	1	519 21
104	527	0.7	1	480 47
105	501	0.7	1	471 30
106	466	0.7	1	439 27
107	486	0.7	1	468 18
108	454	0.7	1	423 31
109	448	0.7	1	416 32
110	431	0.7	1	403 28
111	398	0.7	1	338 60
112	342	0.7	1	298 44
113	337	0.7	1	290 47
114	306	0.7	1	277 29
115	293	0.7	1	260 33
116	248	0.7	1	229 19
117	249	0.7	1	219 30
118	234	0.7	1	211 23
119	232	0.7	1	211 21
120	237	0.7	1	203 34
121	226	0.7	1	205 21
122	168	0.7	1	149 19
123	176	0.7	1	155 21
124	155	0.7	1	138 17
125	152	0.7	1	116 36
126	182	0.7	1	151 31
127	131	0.7	1	102 29
128	163	0.7	1	118 45
129	169	0.7	1	121 48
130	234	0.7	1	185 49
131	2114	0.7	1	2013 101
132	245	0.7	1	178 67
133	253	0.7	1	177 76
134	355	0.7	1	292 63
135	273	0.7	1	204 69
136	269	0.7	1	209 60
137	305	0.7	1	249 56
138	400	0.7	1	333 67
139	388	0.7	1	311 77
140	479	0.7	1	401 78
141	692	0.7	1	591 101
142	503	0.7	1	409 94
143	760	0.7	1	656 104
144	1050	0.7	1	902 148
145	1041	0.7	1	849 192
146	1464	0.7	1	1253 211
147	1453	0.7	1	1024 429
148	1358	0.7	1	813 545
149	10535	0.7	1	339 10196
150	577522	0.7	1	9564 567958

RUN STATISTICS FOR INPUT FILE: /vortexfs1/omics/tepolt/raw_reads/C_maenas/Cm_yrv_2023/5-123_R1_001.fastq.gz
=============================================
44842251 sequences processed in total

