
SUMMARISING RUN PARAMETERS
==========================
Input filename: /vortexfs1/omics/tepolt/raw_reads/C_maenas/Cm_yrv_2023/5-128_R2_001.fastq.gz
Trimming mode: paired-end
Trim Galore version: 0.6.6
Cutadapt version: 3.5
Python version: could not detect
Number of cores used for trimming: 8
Quality Phred score cutoff: 20
Quality encoding type selected: ASCII+33
Adapter sequence: 'AGATCGGAAGAGC' (Illumina TruSeq, Sanger iPCR; user defined)
Maximum trimming error rate: 0.1 (default)
Minimum required adapter overlap (stringency): 1 bp
Minimum required sequence length for both reads before a sequence pair gets removed: 20 bp
Running FastQC on the data once trimming has completed
Running FastQC with the following extra arguments: --outdir /vortexfs1/scratch/yaamini.venkataraman/wc-green-crab/output/06b-trimgalore     --threads 28
Output file will be GZIP compressed


This is cutadapt 3.5 with Python 3.9.5
Command line parameters: -j 8 -e 0.1 -q 20 -O 1 -a AGATCGGAAGAGC /vortexfs1/omics/tepolt/raw_reads/C_maenas/Cm_yrv_2023/5-128_R2_001.fastq.gz
Processing reads on 8 cores in single-end mode ...
Finished in 99.18 s (2 µs/read; 24.71 M reads/minute).

=== Summary ===

Total reads processed:              40,849,640
Reads with adapters:                20,851,564 (51.0%)
Reads written (passing filters):    40,849,640 (100.0%)

Total basepairs processed: 6,127,446,000 bp
Quality-trimmed:              34,592,159 bp (0.6%)
Total written (filtered):  5,811,464,304 bp (94.8%)

=== Adapter 1 ===

Sequence: AGATCGGAAGAGC; Type: regular 3'; Length: 13; Trimmed: 20851564 times

Minimum overlap: 1
No. of allowed errors:
1-9 bp: 0; 10-13 bp: 1

Bases preceding removed adapters:
  A: 23.8%
  C: 29.1%
  G: 27.8%
  T: 19.2%
  none/other: 0.1%

Overview of removed sequences
length	count	expect	max.err	error counts
1	8324711	10212410.0	0	8324711
2	2214428	2553102.5	0	2214428
3	821063	638275.6	0	821063
4	372157	159568.9	0	372157
5	270765	39892.2	0	270765
6	237922	9973.1	0	237922
7	236467	2493.3	0	236467
8	226661	623.3	0	226661
9	217928	155.8	0	217105 823
10	220105	39.0	1	215654 4451
11	214519	9.7	1	210005 4514
12	221634	2.4	1	216253 5381
13	211837	0.6	1	207316 4521
14	218391	0.6	1	212536 5855
15	241455	0.6	1	235114 6341
16	211609	0.6	1	206069 5540
17	218842	0.6	1	212235 6607
18	213519	0.6	1	206939 6580
19	228703	0.6	1	221101 7602
20	213574	0.6	1	207520 6054
21	185911	0.6	1	180726 5185
22	187696	0.6	1	182367 5329
23	199850	0.6	1	194114 5736
24	202940	0.6	1	196321 6619
25	194153	0.6	1	188552 5601
26	190871	0.6	1	184840 6031
27	209932	0.6	1	203280 6652
28	168150	0.6	1	163306 4844
29	167735	0.6	1	163354 4381
30	162728	0.6	1	158624 4104
31	154220	0.6	1	150638 3582
32	158148	0.6	1	154168 3980
33	164996	0.6	1	160655 4341
34	165820	0.6	1	161602 4218
35	136020	0.6	1	132970 3050
36	154619	0.6	1	150872 3747
37	140746	0.6	1	137162 3584
38	150829	0.6	1	146963 3866
39	166412	0.6	1	162352 4060
40	104521	0.6	1	101758 2763
41	118609	0.6	1	115842 2767
42	112542	0.6	1	109944 2598
43	117753	0.6	1	114738 3015
44	104722	0.6	1	102399 2323
45	122138	0.6	1	118767 3371
46	98718	0.6	1	96157 2561
47	91964	0.6	1	89671 2293
48	103492	0.6	1	101038 2454
49	85620	0.6	1	83600 2020
50	78183	0.6	1	76306 1877
51	75491	0.6	1	73371 2120
52	75675	0.6	1	73750 1925
53	63215	0.6	1	61799 1416
54	64416	0.6	1	62832 1584
55	64425	0.6	1	62743 1682
56	54264	0.6	1	52981 1283
57	56558	0.6	1	55171 1387
58	64180	0.6	1	62629 1551
59	44554	0.6	1	43458 1096
60	44352	0.6	1	43483 869
61	37845	0.6	1	36989 856
62	38919	0.6	1	38064 855
63	30632	0.6	1	30007 625
64	37066	0.6	1	36259 807
65	24791	0.6	1	24230 561
66	26801	0.6	1	26226 575
67	25862	0.6	1	25313 549
68	21553	0.6	1	21091 462
69	17897	0.6	1	17529 368
70	23342	0.6	1	22855 487
71	10118	0.6	1	9845 273
72	13067	0.6	1	12782 285
73	13345	0.6	1	13006 339
74	13385	0.6	1	13090 295
75	13266	0.6	1	13042 224
76	3626	0.6	1	3503 123
77	7875	0.6	1	7717 158
78	8152	0.6	1	7981 171
79	7333	0.6	1	7153 180
80	6489	0.6	1	6340 149
81	5984	0.6	1	5806 178
82	5257	0.6	1	5128 129
83	4688	0.6	1	4553 135
84	4151	0.6	1	4023 128
85	3896	0.6	1	3762 134
86	3825	0.6	1	3706 119
87	3536	0.6	1	3434 102
88	3204	0.6	1	3103 101
89	2965	0.6	1	2892 73
90	2782	0.6	1	2688 94
91	2570	0.6	1	2484 86
92	2239	0.6	1	2173 66
93	1987	0.6	1	1928 59
94	1821	0.6	1	1767 54
95	1642	0.6	1	1589 53
96	1373	0.6	1	1333 40
97	1528	0.6	1	1483 45
98	1395	0.6	1	1349 46
99	1271	0.6	1	1218 53
100	1141	0.6	1	1093 48
101	1013	0.6	1	974 39
102	909	0.6	1	875 34
103	901	0.6	1	853 48
104	753	0.6	1	725 28
105	706	0.6	1	669 37
106	710	0.6	1	679 31
107	728	0.6	1	692 36
108	697	0.6	1	660 37
109	582	0.6	1	547 35
110	619	0.6	1	573 46
111	487	0.6	1	458 29
112	453	0.6	1	428 25
113	355	0.6	1	330 25
114	409	0.6	1	396 13
115	351	0.6	1	330 21
116	338	0.6	1	304 34
117	301	0.6	1	274 27
118	306	0.6	1	274 32
119	285	0.6	1	260 25
120	448	0.6	1	370 78
121	591	0.6	1	497 94
122	357	0.6	1	307 50
123	185	0.6	1	168 17
124	140	0.6	1	115 25
125	114	0.6	1	97 17
126	99	0.6	1	80 19
127	110	0.6	1	91 19
128	146	0.6	1	117 29
129	108	0.6	1	89 19
130	799	0.6	1	612 187
131	39336	0.6	1	36515 2821
132	186	0.6	1	171 15
133	134	0.6	1	111 23
134	236	0.6	1	228 8
135	119	0.6	1	117 2
136	121	0.6	1	117 4
137	157	0.6	1	152 5
138	268	0.6	1	261 7
139	191	0.6	1	179 12
140	237	0.6	1	234 3
141	427	0.6	1	415 12
142	267	0.6	1	258 9
143	369	0.6	1	359 10
144	529	0.6	1	507 22
145	517	0.6	1	508 9
146	647	0.6	1	631 16
147	648	0.6	1	615 33
148	614	0.6	1	588 26
149	303	0.6	1	255 48
150	10181	0.6	1	8646 1535

RUN STATISTICS FOR INPUT FILE: /vortexfs1/omics/tepolt/raw_reads/C_maenas/Cm_yrv_2023/5-128_R2_001.fastq.gz
=============================================
40849640 sequences processed in total

Total number of sequences analysed for the sequence pair length validation: 40849640

Number of sequence pairs removed because at least one read was shorter than the length cutoff (20 bp): 543861 (1.33%)
