
SUMMARISING RUN PARAMETERS
==========================
Input filename: /vortexfs1/omics/tepolt/raw_reads/C_maenas/Cm_yrv_2023/5-126_R1_001.fastq.gz
Trimming mode: paired-end
Trim Galore version: 0.6.6
Cutadapt version: 3.5
Python version: could not detect
Number of cores used for trimming: 8
Quality Phred score cutoff: 20
Quality encoding type selected: ASCII+33
Adapter sequence: 'AGATCGGAAGAGC' (Illumina TruSeq, Sanger iPCR; user defined)
Maximum trimming error rate: 0.1 (default)
Minimum required adapter overlap (stringency): 1 bp
Minimum required sequence length for both reads before a sequence pair gets removed: 20 bp
Running FastQC on the data once trimming has completed
Running FastQC with the following extra arguments: --outdir /vortexfs1/scratch/yaamini.venkataraman/wc-green-crab/output/06b-trimgalore     --threads 28
Output file will be GZIP compressed


This is cutadapt 3.5 with Python 3.9.5
Command line parameters: -j 8 -e 0.1 -q 20 -O 1 -a AGATCGGAAGAGC /vortexfs1/omics/tepolt/raw_reads/C_maenas/Cm_yrv_2023/5-126_R1_001.fastq.gz
Processing reads on 8 cores in single-end mode ...
Finished in 90.35 s (2 µs/read; 29.03 M reads/minute).

=== Summary ===

Total reads processed:              43,719,491
Reads with adapters:                24,549,146 (56.2%)
Reads written (passing filters):    43,719,491 (100.0%)

Total basepairs processed: 6,557,923,650 bp
Quality-trimmed:              22,923,402 bp (0.3%)
Total written (filtered):  5,851,764,401 bp (89.2%)

=== Adapter 1 ===

Sequence: AGATCGGAAGAGC; Type: regular 3'; Length: 13; Trimmed: 24549146 times

Minimum overlap: 1
No. of allowed errors:
1-9 bp: 0; 10-13 bp: 1

Bases preceding removed adapters:
  A: 20.0%
  C: 26.3%
  G: 21.4%
  T: 25.7%
  none/other: 6.5%

Overview of removed sequences
length	count	expect	max.err	error counts
1	8006667	10929872.8	0	8006667
2	2052002	2732468.2	0	2052002
3	919734	683117.0	0	919734
4	345446	170779.3	0	345446
5	256025	42694.8	0	256025
6	225686	10673.7	0	225686
7	226634	2668.4	0	226634
8	211363	667.1	0	211363
9	209981	166.8	0	208640 1341
10	212079	41.7	1	208040 4039
11	209279	10.4	1	205400 3879
12	212236	2.6	1	208007 4229
13	215782	0.7	1	211304 4478
14	215970	0.7	1	211283 4687
15	233432	0.7	1	228289 5143
16	218637	0.7	1	213849 4788
17	214908	0.7	1	210224 4684
18	210622	0.7	1	206278 4344
19	217341	0.7	1	212766 4575
20	204432	0.7	1	200189 4243
21	201504	0.7	1	196989 4515
22	198295	0.7	1	194146 4149
23	201631	0.7	1	197132 4499
24	199881	0.7	1	195650 4231
25	204750	0.7	1	200057 4693
26	196991	0.7	1	192635 4356
27	192289	0.7	1	187935 4354
28	190150	0.7	1	185719 4431
29	179962	0.7	1	176074 3888
30	175384	0.7	1	171829 3555
31	174673	0.7	1	170844 3829
32	178256	0.7	1	174080 4176
33	174389	0.7	1	170436 3953
34	172446	0.7	1	168375 4071
35	172109	0.7	1	167951 4158
36	171966	0.7	1	167811 4155
37	172402	0.7	1	168440 3962
38	169350	0.7	1	165412 3938
39	161599	0.7	1	157678 3921
40	160055	0.7	1	156083 3972
41	154345	0.7	1	150396 3949
42	153757	0.7	1	149523 4234
43	149735	0.7	1	145045 4690
44	211895	0.7	1	205655 6240
45	145241	0.7	1	140666 4575
46	206302	0.7	1	202270 4032
47	114748	0.7	1	104417 10331
48	1109303	0.7	1	1100122 9181
49	207607	0.7	1	201462 6145
50	152511	0.7	1	150183 2328
51	59779	0.7	1	57791 1988
52	125824	0.7	1	124584 1240
53	17687	0.7	1	16815 872
54	39320	0.7	1	38890 430
55	11191	0.7	1	10789 402
56	15595	0.7	1	15283 312
57	7072	0.7	1	6538 534
58	41464	0.7	1	40178 1286
59	115501	0.7	1	114415 1086
60	16566	0.7	1	15471 1095
61	58272	0.7	1	57625 647
62	10203	0.7	1	9720 483
63	5777	0.7	1	5253 524
64	44278	0.7	1	43123 1155
65	110219	0.7	1	109175 1044
66	30503	0.7	1	29832 671
67	6551	0.7	1	6244 307
68	10215	0.7	1	9817 398
69	25211	0.7	1	24725 486
70	30127	0.7	1	29612 515
71	24432	0.7	1	23978 454
72	13042	0.7	1	12705 337
73	13693	0.7	1	13202 491
74	37054	0.7	1	36395 659
75	42659	0.7	1	41912 747
76	43181	0.7	1	42402 779
77	42522	0.7	1	41719 803
78	41390	0.7	1	40653 737
79	38992	0.7	1	38252 740
80	37677	0.7	1	36903 774
81	35979	0.7	1	35219 760
82	34284	0.7	1	33574 710
83	31155	0.7	1	30517 638
84	27781	0.7	1	27185 596
85	27307	0.7	1	26767 540
86	25984	0.7	1	25463 521
87	25464	0.7	1	25012 452
88	24093	0.7	1	23647 446
89	23166	0.7	1	22683 483
90	20990	0.7	1	20576 414
91	19562	0.7	1	19179 383
92	18260	0.7	1	17900 360
93	15027	0.7	1	14701 326
94	14008	0.7	1	13743 265
95	11854	0.7	1	11644 210
96	10940	0.7	1	10739 201
97	10298	0.7	1	10101 197
98	10168	0.7	1	9972 196
99	9306	0.7	1	9134 172
100	8417	0.7	1	8254 163
101	7187	0.7	1	7003 184
102	6217	0.7	1	6090 127
103	5385	0.7	1	5259 126
104	4723	0.7	1	4629 94
105	3983	0.7	1	3890 93
106	3800	0.7	1	3701 99
107	4145	0.7	1	4036 109
108	3805	0.7	1	3688 117
109	3056	0.7	1	2974 82
110	2837	0.7	1	2757 80
111	2342	0.7	1	2252 90
112	2060	0.7	1	1979 81
113	1704	0.7	1	1625 79
114	1589	0.7	1	1512 77
115	1463	0.7	1	1404 59
116	1477	0.7	1	1410 67
117	1250	0.7	1	1176 74
118	1334	0.7	1	1267 67
119	1327	0.7	1	1257 70
120	2330	0.7	1	2219 111
121	2395	0.7	1	2298 97
122	1426	0.7	1	1358 68
123	851	0.7	1	775 76
124	547	0.7	1	472 75
125	499	0.7	1	422 77
126	529	0.7	1	436 93
127	571	0.7	1	459 112
128	777	0.7	1	640 137
129	972	0.7	1	807 165
130	4899	0.7	1	4529 370
131	253674	0.7	1	249790 3884
132	1796	0.7	1	1625 171
133	906	0.7	1	720 186
134	1509	0.7	1	1314 195
135	906	0.7	1	706 200
136	622	0.7	1	441 181
137	802	0.7	1	596 206
138	1510	0.7	1	1323 187
139	832	0.7	1	589 243
140	980	0.7	1	690 290
141	1741	0.7	1	1445 296
142	1050	0.7	1	763 287
143	1359	0.7	1	1032 327
144	1615	0.7	1	1212 403
145	1524	0.7	1	1066 458
146	1981	0.7	1	1420 561
147	2503	0.7	1	1303 1200
148	3158	0.7	1	1581 1577
149	31273	0.7	1	1123 30150
150	1572103	0.7	1	34492 1537611

RUN STATISTICS FOR INPUT FILE: /vortexfs1/omics/tepolt/raw_reads/C_maenas/Cm_yrv_2023/5-126_R1_001.fastq.gz
=============================================
43719491 sequences processed in total

