
SUMMARISING RUN PARAMETERS
==========================
Input filename: /vortexfs1/omics/tepolt/raw_reads/C_maenas/Cm_yrv_2023/5-131_R2_001.fastq.gz
Trimming mode: paired-end
Trim Galore version: 0.6.6
Cutadapt version: 3.5
Python version: could not detect
Number of cores used for trimming: 8
Quality Phred score cutoff: 20
Quality encoding type selected: ASCII+33
Adapter sequence: 'AGATCGGAAGAGC' (Illumina TruSeq, Sanger iPCR; user defined)
Maximum trimming error rate: 0.1 (default)
Minimum required adapter overlap (stringency): 1 bp
Minimum required sequence length for both reads before a sequence pair gets removed: 20 bp
Running FastQC on the data once trimming has completed
Running FastQC with the following extra arguments: --outdir /vortexfs1/scratch/yaamini.venkataraman/wc-green-crab/output/06b-trimgalore     --threads 28
Output file will be GZIP compressed


This is cutadapt 3.5 with Python 3.9.5
Command line parameters: -j 8 -e 0.1 -q 20 -O 1 -a AGATCGGAAGAGC /vortexfs1/omics/tepolt/raw_reads/C_maenas/Cm_yrv_2023/5-131_R2_001.fastq.gz
Processing reads on 8 cores in single-end mode ...
Finished in 110.72 s (2 µs/read; 28.07 M reads/minute).

=== Summary ===

Total reads processed:              51,805,687
Reads with adapters:                28,508,938 (55.0%)
Reads written (passing filters):    51,805,687 (100.0%)

Total basepairs processed: 7,770,853,050 bp
Quality-trimmed:              17,994,177 bp (0.2%)
Total written (filtered):  7,297,071,979 bp (93.9%)

=== Adapter 1 ===

Sequence: AGATCGGAAGAGC; Type: regular 3'; Length: 13; Trimmed: 28508938 times

Minimum overlap: 1
No. of allowed errors:
1-9 bp: 0; 10-13 bp: 1

Bases preceding removed adapters:
  A: 23.9%
  C: 29.1%
  G: 28.4%
  T: 18.5%
  none/other: 0.0%

Overview of removed sequences
length	count	expect	max.err	error counts
1	10328220	12951421.8	0	10328220
2	2618868	3237855.4	0	2618868
3	1014820	809463.9	0	1014820
4	495927	202366.0	0	495927
5	362517	50591.5	0	362517
6	323138	12647.9	0	323138
7	321183	3162.0	0	321183
8	317258	790.5	0	317258
9	295947	197.6	0	294981 966
10	296562	49.4	1	291573 4989
11	287082	12.4	1	281893 5189
12	296711	3.1	1	290495 6216
13	294902	0.8	1	289366 5536
14	301862	0.8	1	295270 6592
15	339212	0.8	1	331578 7634
16	300171	0.8	1	293667 6504
17	307299	0.8	1	299426 7873
18	308751	0.8	1	300814 7937
19	329074	0.8	1	319788 9286
20	302669	0.8	1	295402 7267
21	263761	0.8	1	257401 6360
22	270550	0.8	1	264171 6379
23	292716	0.8	1	285599 7117
24	307794	0.8	1	299335 8459
25	279961	0.8	1	273343 6618
26	284701	0.8	1	277499 7202
27	311589	0.8	1	303954 7635
28	258590	0.8	1	252574 6016
29	253472	0.8	1	247834 5638
30	245231	0.8	1	240094 5137
31	231263	0.8	1	226887 4376
32	240083	0.8	1	235263 4820
33	262335	0.8	1	256837 5498
34	229546	0.8	1	225035 4511
35	247059	0.8	1	241498 5561
36	254488	0.8	1	249324 5164
37	219787	0.8	1	215233 4554
38	228566	0.8	1	224271 4295
39	252916	0.8	1	248048 4868
40	195822	0.8	1	192127 3695
41	211922	0.8	1	207936 3986
42	175974	0.8	1	172681 3293
43	189792	0.8	1	185898 3894
44	176684	0.8	1	173380 3304
45	204598	0.8	1	200055 4543
46	168679	0.8	1	165082 3597
47	160981	0.8	1	157784 3197
48	185401	0.8	1	181742 3659
49	155317	0.8	1	152395 2922
50	142548	0.8	1	139702 2846
51	134009	0.8	1	131225 2784
52	135610	0.8	1	132771 2839
53	116228	0.8	1	114129 2099
54	117815	0.8	1	115447 2368
55	119883	0.8	1	117424 2459
56	104487	0.8	1	102537 1950
57	114845	0.8	1	112464 2381
58	122882	0.8	1	120583 2299
59	88922	0.8	1	87138 1784
60	92455	0.8	1	90930 1525
61	81916	0.8	1	80501 1415
62	81045	0.8	1	79596 1449
63	62478	0.8	1	61404 1074
64	72401	0.8	1	71129 1272
65	55216	0.8	1	54276 940
66	57410	0.8	1	56409 1001
67	57316	0.8	1	56271 1045
68	49030	0.8	1	48216 814
69	41764	0.8	1	41047 717
70	51550	0.8	1	50759 791
71	24490	0.8	1	23995 495
72	29435	0.8	1	28932 503
73	28829	0.8	1	28249 580
74	28211	0.8	1	27741 470
75	29216	0.8	1	28833 383
76	8803	0.8	1	8562 241
77	17569	0.8	1	17292 277
78	18016	0.8	1	17687 329
79	16420	0.8	1	16110 310
80	14784	0.8	1	14491 293
81	13264	0.8	1	13017 247
82	11228	0.8	1	10965 263
83	9740	0.8	1	9534 206
84	8461	0.8	1	8268 193
85	7595	0.8	1	7388 207
86	7311	0.8	1	7166 145
87	6851	0.8	1	6681 170
88	6598	0.8	1	6468 130
89	6076	0.8	1	5941 135
90	5599	0.8	1	5474 125
91	5289	0.8	1	5148 141
92	4541	0.8	1	4444 97
93	3828	0.8	1	3741 87
94	3390	0.8	1	3313 77
95	2618	0.8	1	2560 58
96	2416	0.8	1	2359 57
97	2378	0.8	1	2319 59
98	2379	0.8	1	2327 52
99	2251	0.8	1	2189 62
100	2006	0.8	1	1955 51
101	1910	0.8	1	1861 49
102	1520	0.8	1	1473 47
103	1413	0.8	1	1365 48
104	1237	0.8	1	1194 43
105	995	0.8	1	957 38
106	988	0.8	1	944 44
107	960	0.8	1	919 41
108	1016	0.8	1	963 53
109	902	0.8	1	867 35
110	878	0.8	1	826 52
111	715	0.8	1	694 21
112	718	0.8	1	670 48
113	570	0.8	1	538 32
114	459	0.8	1	436 23
115	483	0.8	1	442 41
116	489	0.8	1	453 36
117	365	0.8	1	319 46
118	342	0.8	1	320 22
119	355	0.8	1	313 42
120	579	0.8	1	482 97
121	661	0.8	1	547 114
122	420	0.8	1	372 48
123	213	0.8	1	188 25
124	162	0.8	1	155 7
125	138	0.8	1	118 20
126	142	0.8	1	115 27
127	137	0.8	1	120 17
128	169	0.8	1	137 32
129	196	0.8	1	157 39
130	1022	0.8	1	807 215
131	42983	0.8	1	39732 3251
132	218	0.8	1	201 17
133	160	0.8	1	148 12
134	240	0.8	1	233 7
135	286	0.8	1	281 5
136	122	0.8	1	117 5
137	138	0.8	1	133 5
138	299	0.8	1	298 1
139	152	0.8	1	140 12
140	180	0.8	1	174 6
141	376	0.8	1	366 10
142	148	0.8	1	142 6
143	261	0.8	1	254 7
144	319	0.8	1	309 10
145	286	0.8	1	274 12
146	328	0.8	1	319 9
147	340	0.8	1	315 25
148	299	0.8	1	291 8
149	245	0.8	1	158 87
150	10251	0.8	1	7753 2498

RUN STATISTICS FOR INPUT FILE: /vortexfs1/omics/tepolt/raw_reads/C_maenas/Cm_yrv_2023/5-131_R2_001.fastq.gz
=============================================
51805687 sequences processed in total

Total number of sequences analysed for the sequence pair length validation: 51805687

Number of sequence pairs removed because at least one read was shorter than the length cutoff (20 bp): 673626 (1.30%)
