
SUMMARISING RUN PARAMETERS
==========================
Input filename: /vortexfs1/omics/tepolt/raw_reads/C_maenas/Cm_yrv_2023/5-133_R1_001.fastq.gz
Trimming mode: paired-end
Trim Galore version: 0.6.6
Cutadapt version: 3.5
Python version: could not detect
Number of cores used for trimming: 8
Quality Phred score cutoff: 20
Quality encoding type selected: ASCII+33
Adapter sequence: 'AGATCGGAAGAGC' (Illumina TruSeq, Sanger iPCR; user defined)
Maximum trimming error rate: 0.1 (default)
Minimum required adapter overlap (stringency): 1 bp
Minimum required sequence length for both reads before a sequence pair gets removed: 20 bp
Running FastQC on the data once trimming has completed
Running FastQC with the following extra arguments: --outdir /vortexfs1/scratch/yaamini.venkataraman/wc-green-crab/output/06b-trimgalore     --threads 28
Output file will be GZIP compressed


This is cutadapt 3.5 with Python 3.9.5
Command line parameters: -j 8 -e 0.1 -q 20 -O 1 -a AGATCGGAAGAGC /vortexfs1/omics/tepolt/raw_reads/C_maenas/Cm_yrv_2023/5-133_R1_001.fastq.gz
Processing reads on 8 cores in single-end mode ...
Finished in 66.50 s (2 µs/read; 28.02 M reads/minute).

=== Summary ===

Total reads processed:              31,058,429
Reads with adapters:                15,057,389 (48.5%)
Reads written (passing filters):    31,058,429 (100.0%)

Total basepairs processed: 4,658,764,350 bp
Quality-trimmed:               7,893,280 bp (0.2%)
Total written (filtered):  4,404,837,279 bp (94.5%)

=== Adapter 1 ===

Sequence: AGATCGGAAGAGC; Type: regular 3'; Length: 13; Trimmed: 15057389 times

Minimum overlap: 1
No. of allowed errors:
1-9 bp: 0; 10-13 bp: 1

Bases preceding removed adapters:
  A: 22.4%
  C: 26.5%
  G: 21.6%
  T: 25.9%
  none/other: 3.6%

Overview of removed sequences
length	count	expect	max.err	error counts
1	6498563	7764607.2	0	6498563
2	1623491	1941151.8	0	1623491
3	703700	485288.0	0	703700
4	240768	121322.0	0	240768
5	175822	30330.5	0	175822
6	148517	7582.6	0	148517
7	148584	1895.7	0	148584
8	137887	473.9	0	137887
9	134266	118.5	0	133451 815
10	134665	29.6	1	131792 2873
11	132452	7.4	1	129898 2554
12	133133	1.9	1	130432 2701
13	134368	0.5	1	131151 3217
14	132805	0.5	1	129850 2955
15	144767	0.5	1	141495 3272
16	132594	0.5	1	129631 2963
17	133033	0.5	1	129842 3191
18	128021	0.5	1	125414 2607
19	127557	0.5	1	124827 2730
20	124685	0.5	1	121873 2812
21	117969	0.5	1	115184 2785
22	116280	0.5	1	113805 2475
23	120161	0.5	1	117411 2750
24	115529	0.5	1	112889 2640
25	118395	0.5	1	115665 2730
26	111820	0.5	1	109412 2408
27	108385	0.5	1	105811 2574
28	106898	0.5	1	104308 2590
29	99999	0.5	1	97802 2197
30	95669	0.5	1	93590 2079
31	95716	0.5	1	93482 2234
32	99697	0.5	1	96682 3015
33	165083	0.5	1	162710 2373
34	12567	0.5	1	11169 1398
35	87839	0.5	1	86074 1765
36	87872	0.5	1	85767 2105
37	86592	0.5	1	84626 1966
38	83457	0.5	1	81537 1920
39	78156	0.5	1	76356 1800
40	77767	0.5	1	75799 1968
41	74522	0.5	1	72591 1931
42	68472	0.5	1	66725 1747
43	69828	0.5	1	67606 2222
44	95946	0.5	1	93251 2695
45	62902	0.5	1	61104 1798
46	84144	0.5	1	82724 1420
47	27836	0.5	1	25776 2060
48	168272	0.5	1	165541 2731
49	133210	0.5	1	131628 1582
50	31171	0.5	1	30296 875
51	25065	0.5	1	24270 795
52	56516	0.5	1	55900 616
53	12741	0.5	1	12077 664
54	47730	0.5	1	47377 353
55	8073	0.5	1	7729 344
56	17116	0.5	1	16844 272
57	11553	0.5	1	11255 298
58	16601	0.5	1	16026 575
59	45988	0.5	1	45546 442
60	10565	0.5	1	10145 420
61	18463	0.5	1	18240 223
62	1925	0.5	1	1797 128
63	3413	0.5	1	3263 150
64	11040	0.5	1	10671 369
65	28867	0.5	1	28610 257
66	2026	0.5	1	1901 125
67	1282	0.5	1	1193 89
68	7517	0.5	1	7350 167
69	8692	0.5	1	8529 163
70	8658	0.5	1	8504 154
71	6598	0.5	1	6517 81
72	3034	0.5	1	2968 66
73	2245	0.5	1	2164 81
74	5278	0.5	1	5182 96
75	5684	0.5	1	5557 127
76	5223	0.5	1	5115 108
77	5101	0.5	1	4996 105
78	4738	0.5	1	4647 91
79	4497	0.5	1	4394 103
80	3876	0.5	1	3748 128
81	3527	0.5	1	3424 103
82	3142	0.5	1	3057 85
83	2840	0.5	1	2764 76
84	2573	0.5	1	2501 72
85	2346	0.5	1	2266 80
86	2313	0.5	1	2243 70
87	2089	0.5	1	2028 61
88	1842	0.5	1	1788 54
89	1778	0.5	1	1720 58
90	1581	0.5	1	1530 51
91	1450	0.5	1	1398 52
92	1450	0.5	1	1396 54
93	1263	0.5	1	1207 56
94	1148	0.5	1	1096 52
95	1001	0.5	1	966 35
96	897	0.5	1	872 25
97	855	0.5	1	824 31
98	868	0.5	1	836 32
99	738	0.5	1	697 41
100	652	0.5	1	629 23
101	652	0.5	1	625 27
102	523	0.5	1	503 20
103	542	0.5	1	520 22
104	460	0.5	1	439 21
105	427	0.5	1	404 23
106	422	0.5	1	405 17
107	462	0.5	1	430 32
108	404	0.5	1	380 24
109	352	0.5	1	328 24
110	339	0.5	1	304 35
111	335	0.5	1	284 51
112	296	0.5	1	270 26
113	248	0.5	1	221 27
114	241	0.5	1	218 23
115	218	0.5	1	191 27
116	178	0.5	1	162 16
117	167	0.5	1	151 16
118	192	0.5	1	173 19
119	170	0.5	1	156 14
120	188	0.5	1	157 31
121	184	0.5	1	164 20
122	128	0.5	1	112 16
123	166	0.5	1	141 25
124	151	0.5	1	113 38
125	125	0.5	1	97 28
126	113	0.5	1	87 26
127	135	0.5	1	96 39
128	159	0.5	1	101 58
129	140	0.5	1	105 35
130	414	0.5	1	340 74
131	2382	0.5	1	2291 91
132	192	0.5	1	122 70
133	182	0.5	1	127 55
134	419	0.5	1	349 70
135	238	0.5	1	167 71
136	201	0.5	1	140 61
137	275	0.5	1	205 70
138	414	0.5	1	323 91
139	312	0.5	1	235 77
140	357	0.5	1	269 88
141	558	0.5	1	458 100
142	397	0.5	1	303 94
143	571	0.5	1	447 124
144	664	0.5	1	496 168
145	693	0.5	1	481 212
146	937	0.5	1	727 210
147	1032	0.5	1	620 412
148	989	0.5	1	430 559
149	11703	0.5	1	363 11340
150	530052	0.5	1	16051 514001

RUN STATISTICS FOR INPUT FILE: /vortexfs1/omics/tepolt/raw_reads/C_maenas/Cm_yrv_2023/5-133_R1_001.fastq.gz
=============================================
31058429 sequences processed in total

