
SUMMARISING RUN PARAMETERS
==========================
Input filename: /vortexfs1/omics/tepolt/raw_reads/C_maenas/Cm_yrv_2023/5-130_R1_001.fastq.gz
Trimming mode: paired-end
Trim Galore version: 0.6.6
Cutadapt version: 3.5
Python version: could not detect
Number of cores used for trimming: 8
Quality Phred score cutoff: 20
Quality encoding type selected: ASCII+33
Adapter sequence: 'AGATCGGAAGAGC' (Illumina TruSeq, Sanger iPCR; user defined)
Maximum trimming error rate: 0.1 (default)
Minimum required adapter overlap (stringency): 1 bp
Minimum required sequence length for both reads before a sequence pair gets removed: 20 bp
Running FastQC on the data once trimming has completed
Running FastQC with the following extra arguments: --outdir /vortexfs1/scratch/yaamini.venkataraman/wc-green-crab/output/06b-trimgalore     --threads 28
Output file will be GZIP compressed


This is cutadapt 3.5 with Python 3.9.5
Command line parameters: -j 8 -e 0.1 -q 20 -O 1 -a AGATCGGAAGAGC /vortexfs1/omics/tepolt/raw_reads/C_maenas/Cm_yrv_2023/5-130_R1_001.fastq.gz
Processing reads on 8 cores in single-end mode ...
Finished in 95.66 s (2 µs/read; 29.63 M reads/minute).

=== Summary ===

Total reads processed:              47,240,071
Reads with adapters:                20,808,147 (44.0%)
Reads written (passing filters):    47,240,071 (100.0%)

Total basepairs processed: 7,086,010,650 bp
Quality-trimmed:               8,251,378 bp (0.1%)
Total written (filtered):  6,835,992,998 bp (96.5%)

=== Adapter 1 ===

Sequence: AGATCGGAAGAGC; Type: regular 3'; Length: 13; Trimmed: 20808147 times

Minimum overlap: 1
No. of allowed errors:
1-9 bp: 0; 10-13 bp: 1

Bases preceding removed adapters:
  A: 26.3%
  C: 23.6%
  G: 19.2%
  T: 28.2%
  none/other: 2.7%

Overview of removed sequences
length	count	expect	max.err	error counts
1	11485968	11810017.8	0	11485968
2	2643333	2952504.4	0	2643333
3	1224048	738126.1	0	1224048
4	315502	184531.5	0	315502
5	184264	46132.9	0	184264
6	146586	11533.2	0	146586
7	142675	2883.3	0	142675
8	130516	720.8	0	130516
9	124520	180.2	0	123690 830
10	122667	45.1	1	119964 2703
11	118737	11.3	1	116470 2267
12	119000	2.8	1	116622 2378
13	120924	0.7	1	118358 2566
14	118935	0.7	1	116486 2449
15	132130	0.7	1	129268 2862
16	115828	0.7	1	113355 2473
17	111985	0.7	1	109475 2510
18	108682	0.7	1	106554 2128
19	109165	0.7	1	106966 2199
20	104868	0.7	1	102730 2138
21	97089	0.7	1	94946 2143
22	92227	0.7	1	90373 1854
23	96047	0.7	1	94047 2000
24	91907	0.7	1	89998 1909
25	95271	0.7	1	93164 2107
26	88347	0.7	1	86374 1973
27	83623	0.7	1	81799 1824
28	80193	0.7	1	78387 1806
29	74472	0.7	1	72787 1685
30	70291	0.7	1	68842 1449
31	70852	0.7	1	69311 1541
32	69547	0.7	1	68014 1533
33	66720	0.7	1	65227 1493
34	66892	0.7	1	65318 1574
35	65556	0.7	1	64122 1434
36	64620	0.7	1	63175 1445
37	61433	0.7	1	60071 1362
38	61161	0.7	1	59750 1411
39	57567	0.7	1	56181 1386
40	55679	0.7	1	54347 1332
41	52294	0.7	1	51101 1193
42	49123	0.7	1	47895 1228
43	48745	0.7	1	47249 1496
44	66591	0.7	1	64759 1832
45	41458	0.7	1	40246 1212
46	60484	0.7	1	59563 921
47	13942	0.7	1	12948 994
48	82415	0.7	1	80877 1538
49	51355	0.7	1	50494 861
50	19522	0.7	1	18913 609
51	29118	0.7	1	28501 617
52	40577	0.7	1	40038 539
53	15057	0.7	1	14599 458
54	32709	0.7	1	32339 370
55	14680	0.7	1	14311 369
56	22441	0.7	1	22131 310
57	17360	0.7	1	17083 277
58	17848	0.7	1	17384 464
59	36494	0.7	1	36001 493
60	16423	0.7	1	15986 437
61	25223	0.7	1	24957 266
62	5072	0.7	1	4866 206
63	6769	0.7	1	6621 148
64	11137	0.7	1	10809 328
65	29514	0.7	1	29277 237
66	2864	0.7	1	2739 125
67	2084	0.7	1	1974 110
68	8327	0.7	1	8178 149
69	8024	0.7	1	7872 152
70	8068	0.7	1	7950 118
71	6147	0.7	1	6065 82
72	2300	0.7	1	2217 83
73	2500	0.7	1	2421 79
74	4595	0.7	1	4501 94
75	4803	0.7	1	4684 119
76	4463	0.7	1	4356 107
77	4360	0.7	1	4245 115
78	4188	0.7	1	4103 85
79	4033	0.7	1	3940 93
80	3648	0.7	1	3524 124
81	3829	0.7	1	3694 135
82	5444	0.7	1	5253 191
83	4014	0.7	1	3896 118
84	2654	0.7	1	2571 83
85	2672	0.7	1	2590 82
86	2280	0.7	1	2222 58
87	2043	0.7	1	1985 58
88	1972	0.7	1	1915 57
89	1710	0.7	1	1658 52
90	1707	0.7	1	1648 59
91	1612	0.7	1	1551 61
92	1495	0.7	1	1438 57
93	1267	0.7	1	1223 44
94	1078	0.7	1	1034 44
95	973	0.7	1	920 53
96	897	0.7	1	858 39
97	856	0.7	1	818 38
98	811	0.7	1	766 45
99	873	0.7	1	817 56
100	841	0.7	1	803 38
101	682	0.7	1	649 33
102	604	0.7	1	572 32
103	683	0.7	1	649 34
104	559	0.7	1	519 40
105	562	0.7	1	527 35
106	583	0.7	1	548 35
107	2937	0.7	1	2862 75
108	630	0.7	1	593 37
109	707	0.7	1	672 35
110	495	0.7	1	459 36
111	524	0.7	1	474 50
112	464	0.7	1	437 27
113	482	0.7	1	433 49
114	453	0.7	1	418 35
115	428	0.7	1	396 32
116	567	0.7	1	528 39
117	527	0.7	1	489 38
118	547	0.7	1	505 42
119	433	0.7	1	404 29
120	626	0.7	1	588 38
121	1147	0.7	1	1098 49
122	559	0.7	1	529 30
123	301	0.7	1	279 22
124	184	0.7	1	158 26
125	158	0.7	1	130 28
126	167	0.7	1	137 30
127	173	0.7	1	144 29
128	276	0.7	1	225 51
129	350	0.7	1	285 65
130	2529	0.7	1	2316 213
131	99725	0.7	1	98333 1392
132	782	0.7	1	711 71
133	322	0.7	1	258 64
134	396	0.7	1	325 71
135	374	0.7	1	303 71
136	238	0.7	1	173 65
137	308	0.7	1	210 98
138	353	0.7	1	275 78
139	318	0.7	1	229 89
140	413	0.7	1	309 104
141	582	0.7	1	488 94
142	472	0.7	1	359 113
143	592	0.7	1	484 108
144	773	0.7	1	611 162
145	760	0.7	1	575 185
146	1116	0.7	1	924 192
147	1096	0.7	1	701 395
148	1166	0.7	1	627 539
149	10400	0.7	1	316 10084
150	563014	0.7	1	10650 552364

RUN STATISTICS FOR INPUT FILE: /vortexfs1/omics/tepolt/raw_reads/C_maenas/Cm_yrv_2023/5-130_R1_001.fastq.gz
=============================================
47240071 sequences processed in total

