
SUMMARISING RUN PARAMETERS
==========================
Input filename: /vortexfs1/omics/tepolt/raw_reads/C_maenas/Cm_yrv_2023/5-131_R1_001.fastq.gz
Trimming mode: paired-end
Trim Galore version: 0.6.6
Cutadapt version: 3.5
Python version: could not detect
Number of cores used for trimming: 8
Quality Phred score cutoff: 20
Quality encoding type selected: ASCII+33
Adapter sequence: 'AGATCGGAAGAGC' (Illumina TruSeq, Sanger iPCR; user defined)
Maximum trimming error rate: 0.1 (default)
Minimum required adapter overlap (stringency): 1 bp
Minimum required sequence length for both reads before a sequence pair gets removed: 20 bp
Running FastQC on the data once trimming has completed
Running FastQC with the following extra arguments: --outdir /vortexfs1/scratch/yaamini.venkataraman/wc-green-crab/output/06b-trimgalore     --threads 28
Output file will be GZIP compressed


This is cutadapt 3.5 with Python 3.9.5
Command line parameters: -j 8 -e 0.1 -q 20 -O 1 -a AGATCGGAAGAGC /vortexfs1/omics/tepolt/raw_reads/C_maenas/Cm_yrv_2023/5-131_R1_001.fastq.gz
Processing reads on 8 cores in single-end mode ...
Finished in 104.52 s (2 µs/read; 29.74 M reads/minute).

=== Summary ===

Total reads processed:              51,805,687
Reads with adapters:                28,622,666 (55.3%)
Reads written (passing filters):    51,805,687 (100.0%)

Total basepairs processed: 7,770,853,050 bp
Quality-trimmed:              15,060,407 bp (0.2%)
Total written (filtered):  7,213,844,542 bp (92.8%)

=== Adapter 1 ===

Sequence: AGATCGGAAGAGC; Type: regular 3'; Length: 13; Trimmed: 28622666 times

Minimum overlap: 1
No. of allowed errors:
1-9 bp: 0; 10-13 bp: 1

Bases preceding removed adapters:
  A: 22.0%
  C: 27.1%
  G: 22.6%
  T: 26.2%
  none/other: 2.1%

Overview of removed sequences
length	count	expect	max.err	error counts
1	9756314	12951421.8	0	9756314
2	2437393	3237855.4	0	2437393
3	1241999	809463.9	0	1241999
4	480903	202366.0	0	480903
5	360283	50591.5	0	360283
6	324448	12647.9	0	324448
7	320422	3162.0	0	320422
8	317104	790.5	0	317104
9	298107	197.6	0	296600 1507
10	295133	49.4	1	290228 4905
11	288313	12.4	1	283262 5051
12	291365	3.1	1	286054 5311
13	300387	0.8	1	294206 6181
14	301186	0.8	1	295272 5914
15	333546	0.8	1	326718 6828
16	309542	0.8	1	303168 6374
17	306495	0.8	1	300029 6466
18	307009	0.8	1	301222 5787
19	305392	0.8	1	299204 6188
20	294380	0.8	1	288702 5678
21	282683	0.8	1	276793 5890
22	276073	0.8	1	270921 5152
23	294021	0.8	1	288125 5896
24	285338	0.8	1	279847 5491
25	296633	0.8	1	290426 6207
26	285890	0.8	1	280321 5569
27	280772	0.8	1	274971 5801
28	275572	0.8	1	269517 6055
29	259849	0.8	1	254778 5071
30	245405	0.8	1	240859 4546
31	242319	0.8	1	237494 4825
32	244781	0.8	1	239568 5213
33	246987	0.8	1	241770 5217
34	250846	0.8	1	245428 5418
35	232452	0.8	1	227321 5131
36	236490	0.8	1	231535 4955
37	229881	0.8	1	225176 4705
38	242207	0.8	1	236877 5330
39	224850	0.8	1	219871 4979
40	215732	0.8	1	211178 4554
41	206607	0.8	1	202206 4401
42	196101	0.8	1	191564 4537
43	192926	0.8	1	188007 4919
44	259776	0.8	1	253426 6350
45	178983	0.8	1	174297 4686
46	261041	0.8	1	257611 3430
47	67648	0.8	1	63550 4098
48	375345	0.8	1	368098 7247
49	503949	0.8	1	499002 4947
50	108963	0.8	1	106018 2945
51	82668	0.8	1	80456 2212
52	173100	0.8	1	171572 1528
53	43271	0.8	1	41280 1991
54	184975	0.8	1	183786 1189
55	29078	0.8	1	27875 1203
56	69779	0.8	1	68882 897
57	45366	0.8	1	44437 929
58	60811	0.8	1	58867 1944
59	190264	0.8	1	188738 1526
60	43840	0.8	1	42451 1389
61	77558	0.8	1	76848 710
62	7096	0.8	1	6609 487
63	12197	0.8	1	11729 468
64	38557	0.8	1	37498 1059
65	110777	0.8	1	110029 748
66	6875	0.8	1	6395 480
67	4286	0.8	1	3971 315
68	30784	0.8	1	30317 467
69	35479	0.8	1	34910 569
70	35324	0.8	1	34849 475
71	26959	0.8	1	26624 335
72	11071	0.8	1	10840 231
73	7753	0.8	1	7492 261
74	19125	0.8	1	18814 311
75	21141	0.8	1	20835 306
76	20412	0.8	1	20057 355
77	18604	0.8	1	18272 332
78	17942	0.8	1	17609 333
79	16398	0.8	1	16079 319
80	14688	0.8	1	14404 284
81	13208	0.8	1	12954 254
82	11239	0.8	1	11007 232
83	9823	0.8	1	9601 222
84	8461	0.8	1	8274 187
85	7962	0.8	1	7808 154
86	7458	0.8	1	7306 152
87	6809	0.8	1	6671 138
88	6620	0.8	1	6477 143
89	6116	0.8	1	5988 128
90	5634	0.8	1	5524 110
91	5283	0.8	1	5171 112
92	4634	0.8	1	4554 80
93	3874	0.8	1	3783 91
94	3440	0.8	1	3358 82
95	2661	0.8	1	2599 62
96	2503	0.8	1	2433 70
97	2424	0.8	1	2363 61
98	2457	0.8	1	2395 62
99	2300	0.8	1	2242 58
100	2020	0.8	1	1959 61
101	1918	0.8	1	1872 46
102	1547	0.8	1	1501 46
103	1459	0.8	1	1413 46
104	1255	0.8	1	1222 33
105	1010	0.8	1	980 30
106	1009	0.8	1	972 37
107	957	0.8	1	927 30
108	1036	0.8	1	1006 30
109	928	0.8	1	874 54
110	883	0.8	1	850 33
111	759	0.8	1	705 54
112	731	0.8	1	692 39
113	608	0.8	1	557 51
114	472	0.8	1	447 25
115	490	0.8	1	463 27
116	499	0.8	1	472 27
117	389	0.8	1	355 34
118	360	0.8	1	331 29
119	377	0.8	1	352 25
120	600	0.8	1	576 24
121	701	0.8	1	670 31
122	450	0.8	1	426 24
123	223	0.8	1	200 23
124	168	0.8	1	145 23
125	157	0.8	1	124 33
126	155	0.8	1	121 34
127	151	0.8	1	124 27
128	188	0.8	1	142 46
129	205	0.8	1	162 43
130	982	0.8	1	866 116
131	44868	0.8	1	44164 704
132	275	0.8	1	208 67
133	206	0.8	1	150 56
134	304	0.8	1	239 65
135	336	0.8	1	281 55
136	174	0.8	1	112 62
137	207	0.8	1	132 75
138	364	0.8	1	293 71
139	222	0.8	1	138 84
140	251	0.8	1	162 89
141	472	0.8	1	360 112
142	251	0.8	1	146 105
143	377	0.8	1	246 131
144	437	0.8	1	304 133
145	478	0.8	1	278 200
146	511	0.8	1	317 194
147	772	0.8	1	315 457
148	838	0.8	1	292 546
149	9010	0.8	1	186 8824
150	600701	0.8	1	7690 593011

RUN STATISTICS FOR INPUT FILE: /vortexfs1/omics/tepolt/raw_reads/C_maenas/Cm_yrv_2023/5-131_R1_001.fastq.gz
=============================================
51805687 sequences processed in total

