
SUMMARISING RUN PARAMETERS
==========================
Input filename: /vortexfs1/omics/tepolt/raw_reads/C_maenas/Cm_yrv_2023/5-135_R2_001.fastq.gz
Trimming mode: paired-end
Trim Galore version: 0.6.6
Cutadapt version: 3.5
Python version: could not detect
Number of cores used for trimming: 8
Quality Phred score cutoff: 20
Quality encoding type selected: ASCII+33
Adapter sequence: 'AGATCGGAAGAGC' (Illumina TruSeq, Sanger iPCR; user defined)
Maximum trimming error rate: 0.1 (default)
Minimum required adapter overlap (stringency): 1 bp
Minimum required sequence length for both reads before a sequence pair gets removed: 20 bp
Running FastQC on the data once trimming has completed
Running FastQC with the following extra arguments: --outdir /vortexfs1/scratch/yaamini.venkataraman/wc-green-crab/output/06b-trimgalore     --threads 28
Output file will be GZIP compressed


This is cutadapt 3.5 with Python 3.9.5
Command line parameters: -j 8 -e 0.1 -q 20 -O 1 -a AGATCGGAAGAGC /vortexfs1/omics/tepolt/raw_reads/C_maenas/Cm_yrv_2023/5-135_R2_001.fastq.gz
Processing reads on 8 cores in single-end mode ...
Finished in 40.84 s (2 µs/read; 26.57 M reads/minute).

=== Summary ===

Total reads processed:              18,080,856
Reads with adapters:                10,043,200 (55.5%)
Reads written (passing filters):    18,080,856 (100.0%)

Total basepairs processed: 2,712,128,400 bp
Quality-trimmed:               7,887,277 bp (0.3%)
Total written (filtered):  2,537,555,648 bp (93.6%)

=== Adapter 1 ===

Sequence: AGATCGGAAGAGC; Type: regular 3'; Length: 13; Trimmed: 10043200 times

Minimum overlap: 1
No. of allowed errors:
1-9 bp: 0; 10-13 bp: 1

Bases preceding removed adapters:
  A: 22.9%
  C: 29.2%
  G: 27.9%
  T: 19.9%
  none/other: 0.1%

Overview of removed sequences
length	count	expect	max.err	error counts
1	3487929	4520214.0	0	3487929
2	899869	1130053.5	0	899869
3	346232	282513.4	0	346232
4	181051	70628.3	0	181051
5	138193	17657.1	0	138193
6	122465	4414.3	0	122465
7	123511	1103.6	0	123511
8	115228	275.9	0	115228
9	110990	69.0	0	110631 359
10	112770	17.2	1	110627 2143
11	110072	4.3	1	107868 2204
12	115803	1.1	1	113130 2673
13	112992	0.3	1	110508 2484
14	115459	0.3	1	112413 3046
15	130060	0.3	1	126682 3378
16	114388	0.3	1	111564 2824
17	117407	0.3	1	113940 3467
18	117135	0.3	1	113702 3433
19	127160	0.3	1	123013 4147
20	115020	0.3	1	111859 3161
21	99073	0.3	1	96435 2638
22	102660	0.3	1	99827 2833
23	108960	0.3	1	105873 3087
24	116238	0.3	1	112610 3628
25	104828	0.3	1	101835 2993
26	105870	0.3	1	102786 3084
27	113266	0.3	1	110020 3246
28	95318	0.3	1	92814 2504
29	91089	0.3	1	88746 2343
30	90408	0.3	1	88142 2266
31	85496	0.3	1	83553 1943
32	89262	0.3	1	87187 2075
33	96031	0.3	1	93544 2487
34	84509	0.3	1	82593 1916
35	90040	0.3	1	87634 2406
36	93834	0.3	1	91523 2311
37	78703	0.3	1	76765 1938
38	80578	0.3	1	78868 1710
39	88640	0.3	1	86601 2039
40	68235	0.3	1	66644 1591
41	72758	0.3	1	71195 1563
42	61992	0.3	1	60637 1355
43	67127	0.3	1	65544 1583
44	62137	0.3	1	60670 1467
45	72558	0.3	1	70620 1938
46	59519	0.3	1	58109 1410
47	55370	0.3	1	54052 1318
48	63600	0.3	1	62171 1429
49	51434	0.3	1	50300 1134
50	46636	0.3	1	45552 1084
51	44084	0.3	1	42982 1102
52	44842	0.3	1	43675 1167
53	37437	0.3	1	36668 769
54	38844	0.3	1	37936 908
55	38568	0.3	1	37555 1013
56	32720	0.3	1	32015 705
57	35641	0.3	1	34826 815
58	38316	0.3	1	37391 925
59	25485	0.3	1	24872 613
60	27268	0.3	1	26754 514
61	23773	0.3	1	23273 500
62	23371	0.3	1	22882 489
63	18281	0.3	1	17898 383
64	21310	0.3	1	20847 463
65	15689	0.3	1	15410 279
66	16497	0.3	1	16182 315
67	16302	0.3	1	15984 318
68	13666	0.3	1	13382 284
69	11127	0.3	1	10878 249
70	14244	0.3	1	13967 277
71	6606	0.3	1	6449 157
72	8213	0.3	1	8066 147
73	7951	0.3	1	7774 177
74	8075	0.3	1	7900 175
75	8173	0.3	1	8056 117
76	2389	0.3	1	2331 58
77	5066	0.3	1	4971 95
78	4976	0.3	1	4854 122
79	4670	0.3	1	4576 94
80	4291	0.3	1	4176 115
81	3816	0.3	1	3721 95
82	3332	0.3	1	3213 119
83	3126	0.3	1	2996 130
84	2623	0.3	1	2561 62
85	2397	0.3	1	2339 58
86	2283	0.3	1	2219 64
87	2244	0.3	1	2196 48
88	2097	0.3	1	2043 54
89	1930	0.3	1	1894 36
90	1767	0.3	1	1720 47
91	1664	0.3	1	1625 39
92	1571	0.3	1	1540 31
93	1244	0.3	1	1208 36
94	1146	0.3	1	1119 27
95	997	0.3	1	972 25
96	908	0.3	1	890 18
97	851	0.3	1	837 14
98	792	0.3	1	766 26
99	860	0.3	1	825 35
100	731	0.3	1	698 33
101	638	0.3	1	614 24
102	672	0.3	1	637 35
103	598	0.3	1	584 14
104	520	0.3	1	499 21
105	430	0.3	1	408 22
106	429	0.3	1	411 18
107	543	0.3	1	520 23
108	542	0.3	1	497 45
109	350	0.3	1	334 16
110	407	0.3	1	378 29
111	347	0.3	1	329 18
112	364	0.3	1	328 36
113	294	0.3	1	272 22
114	309	0.3	1	289 20
115	360	0.3	1	324 36
116	282	0.3	1	251 31
117	268	0.3	1	241 27
118	283	0.3	1	256 27
119	271	0.3	1	240 31
120	513	0.3	1	410 103
121	810	0.3	1	669 141
122	435	0.3	1	373 62
123	182	0.3	1	160 22
124	140	0.3	1	122 18
125	110	0.3	1	94 16
126	117	0.3	1	93 24
127	102	0.3	1	78 24
128	171	0.3	1	123 48
129	201	0.3	1	151 50
130	1508	0.3	1	1111 397
131	77078	0.3	1	71438 5640
132	316	0.3	1	301 15
133	123	0.3	1	114 9
134	174	0.3	1	166 8
135	116	0.3	1	113 3
136	71	0.3	1	68 3
137	102	0.3	1	101 1
138	157	0.3	1	153 4
139	109	0.3	1	103 6
140	153	0.3	1	149 4
141	233	0.3	1	226 7
142	146	0.3	1	137 9
143	191	0.3	1	182 9
144	220	0.3	1	214 6
145	183	0.3	1	180 3
146	330	0.3	1	318 12
147	311	0.3	1	298 13
148	308	0.3	1	300 8
149	176	0.3	1	140 36
150	6350	0.3	1	5492 858

RUN STATISTICS FOR INPUT FILE: /vortexfs1/omics/tepolt/raw_reads/C_maenas/Cm_yrv_2023/5-135_R2_001.fastq.gz
=============================================
18080856 sequences processed in total

Total number of sequences analysed for the sequence pair length validation: 18080856

Number of sequence pairs removed because at least one read was shorter than the length cutoff (20 bp): 362556 (2.01%)
