
SUMMARISING RUN PARAMETERS
==========================
Input filename: /vortexfs1/omics/tepolt/raw_reads/C_maenas/Cm_yrv_2023/5-135_R1_001.fastq.gz
Trimming mode: paired-end
Trim Galore version: 0.6.6
Cutadapt version: 3.5
Python version: could not detect
Number of cores used for trimming: 8
Quality Phred score cutoff: 20
Quality encoding type selected: ASCII+33
Adapter sequence: 'AGATCGGAAGAGC' (Illumina TruSeq, Sanger iPCR; user defined)
Maximum trimming error rate: 0.1 (default)
Minimum required adapter overlap (stringency): 1 bp
Minimum required sequence length for both reads before a sequence pair gets removed: 20 bp
Running FastQC on the data once trimming has completed
Running FastQC with the following extra arguments: --outdir /vortexfs1/scratch/yaamini.venkataraman/wc-green-crab/output/06b-trimgalore     --threads 28
Output file will be GZIP compressed


This is cutadapt 3.5 with Python 3.9.5
Command line parameters: -j 8 -e 0.1 -q 20 -O 1 -a AGATCGGAAGAGC /vortexfs1/omics/tepolt/raw_reads/C_maenas/Cm_yrv_2023/5-135_R1_001.fastq.gz
Processing reads on 8 cores in single-end mode ...
Finished in 40.94 s (2 µs/read; 26.50 M reads/minute).

=== Summary ===

Total reads processed:              18,080,856
Reads with adapters:                10,240,540 (56.6%)
Reads written (passing filters):    18,080,856 (100.0%)

Total basepairs processed: 2,712,128,400 bp
Quality-trimmed:               6,242,873 bp (0.2%)
Total written (filtered):  2,500,725,324 bp (92.2%)

=== Adapter 1 ===

Sequence: AGATCGGAAGAGC; Type: regular 3'; Length: 13; Trimmed: 10240540 times

Minimum overlap: 1
No. of allowed errors:
1-9 bp: 0; 10-13 bp: 1

Bases preceding removed adapters:
  A: 20.7%
  C: 26.7%
  G: 22.9%
  T: 27.0%
  none/other: 2.6%

Overview of removed sequences
length	count	expect	max.err	error counts
1	3367900	4520214.0	0	3367900
2	862200	1130053.5	0	862200
3	419139	282513.4	0	419139
4	170697	70628.3	0	170697
5	138265	17657.1	0	138265
6	122171	4414.3	0	122171
7	123174	1103.6	0	123174
8	114982	275.9	0	114982
9	112201	69.0	0	111529 672
10	112096	17.2	1	109936 2160
11	110742	4.3	1	108543 2199
12	113589	1.1	1	111093 2496
13	115588	0.3	1	112749 2839
14	115000	0.3	1	112365 2635
15	127424	0.3	1	124254 3170
16	118364	0.3	1	115573 2791
17	117381	0.3	1	114365 3016
18	116449	0.3	1	113827 2622
19	115947	0.3	1	113259 2688
20	114089	0.3	1	111335 2754
21	106427	0.3	1	103850 2577
22	105491	0.3	1	103098 2393
23	109503	0.3	1	106891 2612
24	108018	0.3	1	105369 2649
25	110898	0.3	1	108245 2653
26	106054	0.3	1	103512 2542
27	102608	0.3	1	100008 2600
28	100800	0.3	1	98352 2448
29	94016	0.3	1	91822 2194
30	90417	0.3	1	88367 2050
31	90528	0.3	1	88341 2187
32	90927	0.3	1	88791 2136
33	90564	0.3	1	88467 2097
34	88197	0.3	1	86054 2143
35	87043	0.3	1	84982 2061
36	86766	0.3	1	84509 2257
37	85692	0.3	1	83478 2214
38	84252	0.3	1	82183 2069
39	78918	0.3	1	76804 2114
40	76159	0.3	1	74149 2010
41	71800	0.3	1	69971 1829
42	70581	0.3	1	68582 1999
43	68804	0.3	1	66554 2250
44	97886	0.3	1	95150 2736
45	68963	0.3	1	66917 2046
46	89908	0.3	1	88397 1511
47	29616	0.3	1	26696 2920
48	246629	0.3	1	243494 3135
49	108296	0.3	1	106489 1807
50	24339	0.3	1	23532 807
51	21394	0.3	1	20621 773
52	57648	0.3	1	57098 550
53	9122	0.3	1	8593 529
54	37302	0.3	1	36949 353
55	8715	0.3	1	8409 306
56	13832	0.3	1	13619 213
57	7222	0.3	1	6905 317
58	17284	0.3	1	16710 574
59	44629	0.3	1	44199 430
60	6978	0.3	1	6614 364
61	17089	0.3	1	16888 201
62	1886	0.3	1	1764 122
63	2475	0.3	1	2297 178
64	11919	0.3	1	11584 335
65	27922	0.3	1	27666 256
66	2228	0.3	1	2108 120
67	1419	0.3	1	1347 72
68	6224	0.3	1	6086 138
69	7839	0.3	1	7678 161
70	7720	0.3	1	7590 130
71	5265	0.3	1	5183 82
72	2359	0.3	1	2279 80
73	2716	0.3	1	2614 102
74	5718	0.3	1	5585 133
75	6167	0.3	1	6029 138
76	5903	0.3	1	5789 114
77	5335	0.3	1	5207 128
78	5014	0.3	1	4909 105
79	4689	0.3	1	4577 112
80	4273	0.3	1	4159 114
81	3848	0.3	1	3744 104
82	3419	0.3	1	3329 90
83	3165	0.3	1	3078 87
84	2655	0.3	1	2585 70
85	2522	0.3	1	2453 69
86	2294	0.3	1	2243 51
87	2253	0.3	1	2192 61
88	2108	0.3	1	2068 40
89	1921	0.3	1	1875 46
90	1785	0.3	1	1726 59
91	1669	0.3	1	1612 57
92	1588	0.3	1	1549 39
93	1271	0.3	1	1242 29
94	1198	0.3	1	1161 37
95	1002	0.3	1	977 25
96	942	0.3	1	914 28
97	865	0.3	1	842 23
98	814	0.3	1	795 19
99	833	0.3	1	814 19
100	752	0.3	1	728 24
101	641	0.3	1	621 20
102	684	0.3	1	659 25
103	612	0.3	1	594 18
104	527	0.3	1	504 23
105	442	0.3	1	427 15
106	435	0.3	1	413 22
107	547	0.3	1	514 33
108	560	0.3	1	544 16
109	369	0.3	1	345 24
110	422	0.3	1	398 24
111	357	0.3	1	340 17
112	364	0.3	1	348 16
113	309	0.3	1	291 18
114	315	0.3	1	290 25
115	374	0.3	1	350 24
116	280	0.3	1	267 13
117	281	0.3	1	264 17
118	296	0.3	1	273 23
119	295	0.3	1	272 23
120	540	0.3	1	518 22
121	850	0.3	1	815 35
122	463	0.3	1	442 21
123	195	0.3	1	183 12
124	138	0.3	1	121 17
125	126	0.3	1	105 21
126	117	0.3	1	89 28
127	96	0.3	1	82 14
128	172	0.3	1	138 34
129	226	0.3	1	194 32
130	1288	0.3	1	1196 92
131	79959	0.3	1	78637 1322
132	355	0.3	1	311 44
133	154	0.3	1	127 27
134	198	0.3	1	170 28
135	147	0.3	1	112 35
136	94	0.3	1	67 27
137	134	0.3	1	104 30
138	191	0.3	1	156 35
139	137	0.3	1	105 32
140	188	0.3	1	153 35
141	280	0.3	1	229 51
142	184	0.3	1	139 45
143	252	0.3	1	184 68
144	288	0.3	1	214 74
145	273	0.3	1	183 90
146	415	0.3	1	321 94
147	496	0.3	1	298 198
148	531	0.3	1	299 232
149	5201	0.3	1	168 5033
150	266054	0.3	1	5395 260659

RUN STATISTICS FOR INPUT FILE: /vortexfs1/omics/tepolt/raw_reads/C_maenas/Cm_yrv_2023/5-135_R1_001.fastq.gz
=============================================
18080856 sequences processed in total

