
SUMMARISING RUN PARAMETERS
==========================
Input filename: /vortexfs1/omics/tepolt/raw_reads/C_maenas/Cm_yrv_2023/5-130_R2_001.fastq.gz
Trimming mode: paired-end
Trim Galore version: 0.6.6
Cutadapt version: 3.5
Python version: could not detect
Number of cores used for trimming: 8
Quality Phred score cutoff: 20
Quality encoding type selected: ASCII+33
Adapter sequence: 'AGATCGGAAGAGC' (Illumina TruSeq, Sanger iPCR; user defined)
Maximum trimming error rate: 0.1 (default)
Minimum required adapter overlap (stringency): 1 bp
Minimum required sequence length for both reads before a sequence pair gets removed: 20 bp
Running FastQC on the data once trimming has completed
Running FastQC with the following extra arguments: --outdir /vortexfs1/scratch/yaamini.venkataraman/wc-green-crab/output/06b-trimgalore     --threads 28
Output file will be GZIP compressed


This is cutadapt 3.5 with Python 3.9.5
Command line parameters: -j 8 -e 0.1 -q 20 -O 1 -a AGATCGGAAGAGC /vortexfs1/omics/tepolt/raw_reads/C_maenas/Cm_yrv_2023/5-130_R2_001.fastq.gz
Processing reads on 8 cores in single-end mode ...
Finished in 102.03 s (2 µs/read; 27.78 M reads/minute).

=== Summary ===

Total reads processed:              47,240,071
Reads with adapters:                20,533,072 (43.5%)
Reads written (passing filters):    47,240,071 (100.0%)

Total basepairs processed: 7,086,010,650 bp
Quality-trimmed:              17,020,251 bp (0.2%)
Total written (filtered):  6,912,423,926 bp (97.6%)

=== Adapter 1 ===

Sequence: AGATCGGAAGAGC; Type: regular 3'; Length: 13; Trimmed: 20533072 times

Minimum overlap: 1
No. of allowed errors:
1-9 bp: 0; 10-13 bp: 1

Bases preceding removed adapters:
  A: 30.1%
  C: 24.0%
  G: 22.3%
  T: 23.5%
  none/other: 0.1%

Overview of removed sequences
length	count	expect	max.err	error counts
1	11943976	11810017.8	0	11943976
2	2822277	2952504.4	0	2822277
3	886856	738126.1	0	886856
4	324549	184531.5	0	324549
5	182844	46132.9	0	182844
6	146630	11533.2	0	146630
7	143390	2883.3	0	143390
8	130630	720.8	0	130630
9	123787	180.2	0	123121 666
10	122884	45.1	1	120461 2423
11	118385	11.3	1	116012 2373
12	121366	2.8	1	118537 2829
13	118659	0.7	1	116360 2299
14	119383	0.7	1	116581 2802
15	134106	0.7	1	130889 3217
16	112359	0.7	1	109712 2647
17	112130	0.7	1	109172 2958
18	109487	0.7	1	106587 2900
19	118152	0.7	1	114750 3402
20	107755	0.7	1	104969 2786
21	89167	0.7	1	86982 2185
22	89717	0.7	1	87562 2155
23	95778	0.7	1	93323 2455
24	99151	0.7	1	96309 2842
25	89714	0.7	1	87497 2217
26	88050	0.7	1	85673 2377
27	91814	0.7	1	89383 2431
28	76178	0.7	1	74282 1896
29	72282	0.7	1	70584 1698
30	69901	0.7	1	68365 1536
31	67915	0.7	1	66465 1450
32	68162	0.7	1	66605 1557
33	70955	0.7	1	69254 1701
34	63103	0.7	1	61798 1305
35	67526	0.7	1	65952 1574
36	70069	0.7	1	68500 1569
37	57691	0.7	1	56398 1293
38	58109	0.7	1	56925 1184
39	64436	0.7	1	63135 1301
40	50146	0.7	1	49098 1048
41	53400	0.7	1	52275 1125
42	44174	0.7	1	43302 872
43	47702	0.7	1	46610 1092
44	43354	0.7	1	42490 864
45	49689	0.7	1	48516 1173
46	39607	0.7	1	38729 878
47	37752	0.7	1	36922 830
48	43330	0.7	1	42326 1004
49	35441	0.7	1	34602 839
50	32356	0.7	1	31678 678
51	30282	0.7	1	29615 667
52	32043	0.7	1	31290 753
53	26038	0.7	1	25476 562
54	26271	0.7	1	25649 622
55	26286	0.7	1	25655 631
56	22858	0.7	1	22381 477
57	25020	0.7	1	24440 580
58	25309	0.7	1	24705 604
59	19734	0.7	1	19352 382
60	19171	0.7	1	18805 366
61	17168	0.7	1	16825 343
62	18320	0.7	1	17917 403
63	13982	0.7	1	13696 286
64	16118	0.7	1	15789 329
65	12247	0.7	1	11991 256
66	12140	0.7	1	11895 245
67	12435	0.7	1	12173 262
68	10269	0.7	1	10049 220
69	8651	0.7	1	8485 166
70	10462	0.7	1	10262 200
71	5464	0.7	1	5327 137
72	6531	0.7	1	6376 155
73	6531	0.7	1	6349 182
74	6317	0.7	1	6185 132
75	6622	0.7	1	6471 151
76	2001	0.7	1	1928 73
77	4105	0.7	1	3964 141
78	4135	0.7	1	4027 108
79	4002	0.7	1	3889 113
80	3611	0.7	1	3471 140
81	3716	0.7	1	3477 239
82	4368	0.7	1	3724 644
83	3604	0.7	1	3252 352
84	2553	0.7	1	2425 128
85	2218	0.7	1	2090 128
86	2215	0.7	1	2119 96
87	2050	0.7	1	1977 73
88	1977	0.7	1	1904 73
89	1750	0.7	1	1679 71
90	1694	0.7	1	1631 63
91	1640	0.7	1	1570 70
92	1455	0.7	1	1409 46
93	1246	0.7	1	1184 62
94	1089	0.7	1	1031 58
95	933	0.7	1	889 44
96	882	0.7	1	832 50
97	855	0.7	1	808 47
98	802	0.7	1	743 59
99	1082	0.7	1	994 88
100	831	0.7	1	758 73
101	665	0.7	1	628 37
102	584	0.7	1	538 46
103	664	0.7	1	616 48
104	549	0.7	1	509 40
105	557	0.7	1	521 36
106	574	0.7	1	529 45
107	2978	0.7	1	2895 83
108	641	0.7	1	567 74
109	704	0.7	1	663 41
110	478	0.7	1	445 33
111	511	0.7	1	460 51
112	451	0.7	1	400 51
113	489	0.7	1	435 54
114	462	0.7	1	403 59
115	424	0.7	1	362 62
116	534	0.7	1	469 65
117	493	0.7	1	419 74
118	528	0.7	1	459 69
119	415	0.7	1	331 84
120	630	0.7	1	469 161
121	1047	0.7	1	813 234
122	522	0.7	1	437 85
123	299	0.7	1	246 53
124	186	0.7	1	157 29
125	154	0.7	1	122 32
126	163	0.7	1	128 35
127	167	0.7	1	130 37
128	258	0.7	1	193 65
129	314	0.7	1	236 78
130	2783	0.7	1	2355 428
131	96085	0.7	1	89252 6833
132	707	0.7	1	660 47
133	266	0.7	1	251 15
134	344	0.7	1	326 18
135	306	0.7	1	294 12
136	181	0.7	1	169 12
137	227	0.7	1	208 19
138	276	0.7	1	272 4
139	240	0.7	1	230 10
140	315	0.7	1	313 2
141	510	0.7	1	495 15
142	372	0.7	1	361 11
143	498	0.7	1	484 14
144	625	0.7	1	612 13
145	595	0.7	1	579 16
146	929	0.7	1	915 14
147	742	0.7	1	718 24
148	643	0.7	1	621 22
149	349	0.7	1	275 74
150	12281	0.7	1	10802 1479

RUN STATISTICS FOR INPUT FILE: /vortexfs1/omics/tepolt/raw_reads/C_maenas/Cm_yrv_2023/5-130_R2_001.fastq.gz
=============================================
47240071 sequences processed in total

Total number of sequences analysed for the sequence pair length validation: 47240071

Number of sequence pairs removed because at least one read was shorter than the length cutoff (20 bp): 695193 (1.47%)
