
SUMMARISING RUN PARAMETERS
==========================
Input filename: /vortexfs1/omics/tepolt/raw_reads/C_maenas/Cm_yrv_2023/5-133_R2_001.fastq.gz
Trimming mode: paired-end
Trim Galore version: 0.6.6
Cutadapt version: 3.5
Python version: could not detect
Number of cores used for trimming: 8
Quality Phred score cutoff: 20
Quality encoding type selected: ASCII+33
Adapter sequence: 'AGATCGGAAGAGC' (Illumina TruSeq, Sanger iPCR; user defined)
Maximum trimming error rate: 0.1 (default)
Minimum required adapter overlap (stringency): 1 bp
Minimum required sequence length for both reads before a sequence pair gets removed: 20 bp
Running FastQC on the data once trimming has completed
Running FastQC with the following extra arguments: --outdir /vortexfs1/scratch/yaamini.venkataraman/wc-green-crab/output/06b-trimgalore     --threads 28
Output file will be GZIP compressed


This is cutadapt 3.5 with Python 3.9.5
Command line parameters: -j 8 -e 0.1 -q 20 -O 1 -a AGATCGGAAGAGC /vortexfs1/omics/tepolt/raw_reads/C_maenas/Cm_yrv_2023/5-133_R2_001.fastq.gz
Processing reads on 8 cores in single-end mode ...
Finished in 72.50 s (2 µs/read; 25.70 M reads/minute).

=== Summary ===

Total reads processed:              31,058,429
Reads with adapters:                14,958,085 (48.2%)
Reads written (passing filters):    31,058,429 (100.0%)

Total basepairs processed: 4,658,764,350 bp
Quality-trimmed:              11,652,356 bp (0.3%)
Total written (filtered):  4,478,340,736 bp (96.1%)

=== Adapter 1 ===

Sequence: AGATCGGAAGAGC; Type: regular 3'; Length: 13; Trimmed: 14958085 times

Minimum overlap: 1
No. of allowed errors:
1-9 bp: 0; 10-13 bp: 1

Bases preceding removed adapters:
  A: 26.2%
  C: 27.7%
  G: 25.6%
  T: 20.3%
  none/other: 0.1%

Overview of removed sequences
length	count	expect	max.err	error counts
1	6886705	7764607.2	0	6886705
2	1750804	1941151.8	0	1750804
3	615950	485288.0	0	615950
4	257220	121322.0	0	257220
5	176069	30330.5	0	176069
6	149733	7582.6	0	149733
7	149443	1895.7	0	149443
8	138264	473.9	0	138264
9	133449	118.5	0	132903 546
10	135207	29.6	1	132650 2557
11	131864	7.4	1	129316 2548
12	136941	1.9	1	133757 3184
13	130917	0.5	1	128438 2479
14	133590	0.5	1	130294 3296
15	147759	0.5	1	144264 3495
16	127939	0.5	1	125035 2904
17	133621	0.5	1	129909 3712
18	128739	0.5	1	125325 3414
19	140283	0.5	1	135931 4352
20	125785	0.5	1	122588 3197
21	108807	0.5	1	106044 2763
22	111403	0.5	1	108499 2904
23	119850	0.5	1	116740 3110
24	125186	0.5	1	121440 3746
25	111517	0.5	1	108651 2866
26	112690	0.5	1	109733 2957
27	118954	0.5	1	115765 3189
28	101358	0.5	1	98720 2638
29	99627	0.5	1	97177 2450
30	101352	0.5	1	98963 2389
31	86113	0.5	1	84344 1769
32	94984	0.5	1	92637 2347
33	98978	0.5	1	96857 2121
34	83141	0.5	1	81189 1952
35	86902	0.5	1	84985 1917
36	109126	0.5	1	106576 2550
37	86249	0.5	1	84272 1977
38	83023	0.5	1	81520 1503
39	60715	0.5	1	59568 1147
40	71071	0.5	1	69666 1405
41	71616	0.5	1	70119 1497
42	71352	0.5	1	69579 1773
43	71090	0.5	1	69520 1570
44	59147	0.5	1	57808 1339
45	84513	0.5	1	82651 1862
46	49672	0.5	1	48383 1289
47	50040	0.5	1	48912 1128
48	63553	0.5	1	62253 1300
49	47246	0.5	1	46252 994
50	44252	0.5	1	43287 965
51	43218	0.5	1	42203 1015
52	48253	0.5	1	47189 1064
53	32359	0.5	1	31650 709
54	38367	0.5	1	37539 828
55	37584	0.5	1	36743 841
56	31142	0.5	1	30435 707
57	36370	0.5	1	35447 923
58	39911	0.5	1	39138 773
59	23945	0.5	1	23386 559
60	27659	0.5	1	27175 484
61	19595	0.5	1	19207 388
62	23768	0.5	1	23348 420
63	15713	0.5	1	15361 352
64	22021	0.5	1	21611 410
65	13677	0.5	1	13398 279
66	15087	0.5	1	14796 291
67	16508	0.5	1	16189 319
68	11430	0.5	1	11207 223
69	9090	0.5	1	8881 209
70	14650	0.5	1	14416 234
71	4276	0.5	1	4130 146
72	7526	0.5	1	7381 145
73	7838	0.5	1	7659 179
74	7684	0.5	1	7520 164
75	7841	0.5	1	7702 139
76	2618	0.5	1	2548 70
77	4327	0.5	1	4235 92
78	4621	0.5	1	4514 107
79	4506	0.5	1	4409 97
80	3863	0.5	1	3753 110
81	3524	0.5	1	3428 96
82	3138	0.5	1	3069 69
83	2809	0.5	1	2726 83
84	2566	0.5	1	2500 66
85	2321	0.5	1	2238 83
86	2236	0.5	1	2170 66
87	2085	0.5	1	2021 64
88	1839	0.5	1	1782 57
89	1773	0.5	1	1717 56
90	1565	0.5	1	1517 48
91	1463	0.5	1	1407 56
92	1434	0.5	1	1385 49
93	1248	0.5	1	1192 56
94	1126	0.5	1	1091 35
95	963	0.5	1	922 41
96	861	0.5	1	837 24
97	856	0.5	1	810 46
98	865	0.5	1	837 28
99	740	0.5	1	697 43
100	648	0.5	1	619 29
101	648	0.5	1	615 33
102	535	0.5	1	508 27
103	540	0.5	1	514 26
104	460	0.5	1	439 21
105	421	0.5	1	408 13
106	416	0.5	1	396 20
107	455	0.5	1	428 27
108	400	0.5	1	372 28
109	356	0.5	1	329 27
110	331	0.5	1	317 14
111	315	0.5	1	287 28
112	291	0.5	1	271 20
113	242	0.5	1	217 25
114	239	0.5	1	212 27
115	206	0.5	1	192 14
116	180	0.5	1	162 18
117	156	0.5	1	148 8
118	191	0.5	1	166 25
119	162	0.5	1	149 13
120	177	0.5	1	155 22
121	179	0.5	1	162 17
122	121	0.5	1	110 11
123	151	0.5	1	141 10
124	122	0.5	1	106 16
125	108	0.5	1	94 14
126	99	0.5	1	87 12
127	103	0.5	1	97 6
128	123	0.5	1	104 19
129	114	0.5	1	102 12
130	369	0.5	1	350 19
131	2224	0.5	1	2034 190
132	141	0.5	1	119 22
133	133	0.5	1	115 18
134	359	0.5	1	349 10
135	177	0.5	1	171 6
136	143	0.5	1	137 6
137	216	0.5	1	206 10
138	324	0.5	1	313 11
139	241	0.5	1	237 4
140	273	0.5	1	266 7
141	479	0.5	1	478 1
142	302	0.5	1	299 3
143	461	0.5	1	450 11
144	521	0.5	1	507 14
145	497	0.5	1	479 18
146	757	0.5	1	740 17
147	656	0.5	1	622 34
148	436	0.5	1	424 12
149	338	0.5	1	301 37
150	17881	0.5	1	16306 1575

RUN STATISTICS FOR INPUT FILE: /vortexfs1/omics/tepolt/raw_reads/C_maenas/Cm_yrv_2023/5-133_R2_001.fastq.gz
=============================================
31058429 sequences processed in total

Total number of sequences analysed for the sequence pair length validation: 31058429

Number of sequence pairs removed because at least one read was shorter than the length cutoff (20 bp): 558660 (1.80%)
