
SUMMARISING RUN PARAMETERS
==========================
Input filename: /vortexfs1/omics/tepolt/raw_reads/C_maenas/Cm_yrv_2023/5-189_R1_001.fastq.gz
Trimming mode: paired-end
Trim Galore version: 0.6.6
Cutadapt version: 3.5
Python version: could not detect
Number of cores used for trimming: 8
Quality Phred score cutoff: 20
Quality encoding type selected: ASCII+33
Adapter sequence: 'AGATCGGAAGAGC' (Illumina TruSeq, Sanger iPCR; user defined)
Maximum trimming error rate: 0.1 (default)
Minimum required adapter overlap (stringency): 1 bp
Minimum required sequence length for both reads before a sequence pair gets removed: 20 bp
Running FastQC on the data once trimming has completed
Running FastQC with the following extra arguments: --outdir /vortexfs1/scratch/yaamini.venkataraman/wc-green-crab/output/06b-trimgalore     --threads 28
Output file will be GZIP compressed


This is cutadapt 3.5 with Python 3.9.5
Command line parameters: -j 8 -e 0.1 -q 20 -O 1 -a AGATCGGAAGAGC /vortexfs1/omics/tepolt/raw_reads/C_maenas/Cm_yrv_2023/5-189_R1_001.fastq.gz
Processing reads on 8 cores in single-end mode ...
Finished in 68.36 s (2 µs/read; 28.07 M reads/minute).

=== Summary ===

Total reads processed:              31,982,944
Reads with adapters:                13,288,700 (41.5%)
Reads written (passing filters):    31,982,944 (100.0%)

Total basepairs processed: 4,797,441,600 bp
Quality-trimmed:               5,531,675 bp (0.1%)
Total written (filtered):  4,628,638,811 bp (96.5%)

=== Adapter 1 ===

Sequence: AGATCGGAAGAGC; Type: regular 3'; Length: 13; Trimmed: 13288700 times

Minimum overlap: 1
No. of allowed errors:
1-9 bp: 0; 10-13 bp: 1

Bases preceding removed adapters:
  A: 25.8%
  C: 24.8%
  G: 18.9%
  T: 27.6%
  none/other: 2.8%

Overview of removed sequences
length	count	expect	max.err	error counts
1	7559073	7995736.0	0	7559073
2	1851302	1998934.0	0	1851302
3	734873	499733.5	0	734873
4	195949	124933.4	0	195949
5	109070	31233.3	0	109070
6	82568	7808.3	0	82568
7	79779	1952.1	0	79779
8	73848	488.0	0	73848
9	71025	122.0	0	70307 718
10	69164	30.5	1	67246 1918
11	67458	7.6	1	65879 1579
12	67108	1.9	1	65552 1556
13	66667	0.5	1	64993 1674
14	64832	0.5	1	63235 1597
15	70335	0.5	1	68515 1820
16	63036	0.5	1	61373 1663
17	61768	0.5	1	60055 1713
18	59422	0.5	1	58053 1369
19	58786	0.5	1	57232 1554
20	57175	0.5	1	55749 1426
21	52533	0.5	1	51198 1335
22	50640	0.5	1	49366 1274
23	51916	0.5	1	50611 1305
24	49505	0.5	1	48230 1275
25	50014	0.5	1	48716 1298
26	46346	0.5	1	45146 1200
27	43817	0.5	1	42637 1180
28	42300	0.5	1	41168 1132
29	39670	0.5	1	38618 1052
30	37167	0.5	1	36239 928
31	36090	0.5	1	35067 1023
32	35653	0.5	1	34671 982
33	34431	0.5	1	33514 917
34	32706	0.5	1	31826 880
35	32363	0.5	1	31490 873
36	31640	0.5	1	30806 834
37	29963	0.5	1	29146 817
38	29516	0.5	1	28683 833
39	27884	0.5	1	27121 763
40	26573	0.5	1	25790 783
41	25021	0.5	1	24341 680
42	22995	0.5	1	22275 720
43	23136	0.5	1	22253 883
44	29546	0.5	1	28562 984
45	20345	0.5	1	19575 770
46	27315	0.5	1	26822 493
47	6405	0.5	1	5816 589
48	32058	0.5	1	31324 734
49	19855	0.5	1	19399 456
50	9650	0.5	1	9319 331
51	12625	0.5	1	12272 353
52	16193	0.5	1	15921 272
53	7775	0.5	1	7492 283
54	13620	0.5	1	13371 249
55	6619	0.5	1	6430 189
56	9330	0.5	1	9152 178
57	7493	0.5	1	7330 163
58	7634	0.5	1	7371 263
59	12902	0.5	1	12659 243
60	6741	0.5	1	6508 233
61	9701	0.5	1	9560 141
62	2453	0.5	1	2369 84
63	3113	0.5	1	3040 73
64	4711	0.5	1	4482 229
65	10885	0.5	1	10761 124
66	1674	0.5	1	1598 76
67	1129	0.5	1	1050 79
68	3312	0.5	1	3214 98
69	3329	0.5	1	3251 78
70	3156	0.5	1	3092 64
71	2363	0.5	1	2328 35
72	948	0.5	1	903 45
73	1101	0.5	1	1057 44
74	1824	0.5	1	1767 57
75	1972	0.5	1	1893 79
76	1994	0.5	1	1928 66
77	1833	0.5	1	1719 114
78	2345	0.5	1	2276 69
79	1537	0.5	1	1480 57
80	1557	0.5	1	1492 65
81	1529	0.5	1	1453 76
82	1664	0.5	1	1584 80
83	2286	0.5	1	2185 101
84	1296	0.5	1	1251 45
85	2074	0.5	1	2016 58
86	1191	0.5	1	1127 64
87	957	0.5	1	923 34
88	889	0.5	1	845 44
89	820	0.5	1	787 33
90	794	0.5	1	758 36
91	749	0.5	1	712 37
92	782	0.5	1	737 45
93	638	0.5	1	589 49
94	579	0.5	1	549 30
95	524	0.5	1	491 33
96	512	0.5	1	481 31
97	478	0.5	1	450 28
98	484	0.5	1	458 26
99	550	0.5	1	518 32
100	479	0.5	1	455 24
101	397	0.5	1	375 22
102	597	0.5	1	549 48
103	532	0.5	1	508 24
104	422	0.5	1	399 23
105	342	0.5	1	322 20
106	431	0.5	1	406 25
107	572	0.5	1	539 33
108	1210	0.5	1	1169 41
109	433	0.5	1	409 24
110	586	0.5	1	562 24
111	495	0.5	1	454 41
112	643	0.5	1	612 31
113	572	0.5	1	541 31
114	805	0.5	1	745 60
115	752	0.5	1	715 37
116	746	0.5	1	712 34
117	798	0.5	1	756 42
118	648	0.5	1	617 31
119	824	0.5	1	790 34
120	1603	0.5	1	1528 75
121	2691	0.5	1	2604 87
122	1377	0.5	1	1335 42
123	470	0.5	1	441 29
124	298	0.5	1	274 24
125	314	0.5	1	281 33
126	313	0.5	1	271 42
127	327	0.5	1	271 56
128	582	0.5	1	515 67
129	871	0.5	1	801 70
130	5400	0.5	1	5122 278
131	234357	0.5	1	230782 3575
132	1246	0.5	1	1146 100
133	331	0.5	1	284 47
134	273	0.5	1	221 52
135	294	0.5	1	236 58
136	167	0.5	1	106 61
137	162	0.5	1	110 52
138	235	0.5	1	174 61
139	193	0.5	1	127 66
140	204	0.5	1	136 68
141	351	0.5	1	278 73
142	255	0.5	1	166 89
143	350	0.5	1	241 109
144	399	0.5	1	283 116
145	450	0.5	1	292 158
146	654	0.5	1	488 166
147	755	0.5	1	376 379
148	788	0.5	1	324 464
149	7962	0.5	1	279 7683
150	371788	0.5	1	8243 363545

RUN STATISTICS FOR INPUT FILE: /vortexfs1/omics/tepolt/raw_reads/C_maenas/Cm_yrv_2023/5-189_R1_001.fastq.gz
=============================================
31982944 sequences processed in total

