
SUMMARISING RUN PARAMETERS
==========================
Input filename: /vortexfs1/omics/tepolt/raw_reads/C_maenas/Cm_yrv_2023/5-187_R2_001.fastq.gz
Trimming mode: paired-end
Trim Galore version: 0.6.6
Cutadapt version: 3.5
Python version: could not detect
Number of cores used for trimming: 8
Quality Phred score cutoff: 20
Quality encoding type selected: ASCII+33
Adapter sequence: 'AGATCGGAAGAGC' (Illumina TruSeq, Sanger iPCR; user defined)
Maximum trimming error rate: 0.1 (default)
Minimum required adapter overlap (stringency): 1 bp
Minimum required sequence length for both reads before a sequence pair gets removed: 20 bp
Running FastQC on the data once trimming has completed
Running FastQC with the following extra arguments: --outdir /vortexfs1/scratch/yaamini.venkataraman/wc-green-crab/output/06b-trimgalore     --threads 28
Output file will be GZIP compressed


This is cutadapt 3.5 with Python 3.9.5
Command line parameters: -j 8 -e 0.1 -q 20 -O 1 -a AGATCGGAAGAGC /vortexfs1/omics/tepolt/raw_reads/C_maenas/Cm_yrv_2023/5-187_R2_001.fastq.gz
Processing reads on 8 cores in single-end mode ...
Finished in 159.86 s (2 µs/read; 27.03 M reads/minute).

=== Summary ===

Total reads processed:              72,023,981
Reads with adapters:                35,207,626 (48.9%)
Reads written (passing filters):    72,023,981 (100.0%)

Total basepairs processed: 10,803,597,150 bp
Quality-trimmed:              30,563,359 bp (0.3%)
Total written (filtered):  10,264,859,022 bp (95.0%)

=== Adapter 1 ===

Sequence: AGATCGGAAGAGC; Type: regular 3'; Length: 13; Trimmed: 35207626 times

Minimum overlap: 1
No. of allowed errors:
1-9 bp: 0; 10-13 bp: 1

Bases preceding removed adapters:
  A: 25.4%
  C: 27.2%
  G: 26.4%
  T: 21.0%
  none/other: 0.0%

Overview of removed sequences
length	count	expect	max.err	error counts
1	15975105	18005995.2	0	15975105
2	3949932	4501498.8	0	3949932
3	1325171	1125374.7	0	1325171
4	542419	281343.7	0	542419
5	340471	70335.9	0	340471
6	282110	17584.0	0	282110
7	271954	4396.0	0	271954
8	254546	1099.0	0	254546
9	245461	274.7	0	244534 927
10	247044	68.7	1	242394 4650
11	244392	17.2	1	239517 4875
12	256944	4.3	1	251152 5792
13	255297	1.1	1	250115 5182
14	259034	1.1	1	252849 6185
15	295988	1.1	1	289101 6887
16	251919	1.1	1	246187 5732
17	255463	1.1	1	248613 6850
18	250512	1.1	1	243725 6787
19	262921	1.1	1	255179 7742
20	249873	1.1	1	243425 6448
21	212322	1.1	1	207032 5290
22	221246	1.1	1	215690 5556
23	244798	1.1	1	238607 6191
24	256156	1.1	1	248894 7262
25	233478	1.1	1	227673 5805
26	231086	1.1	1	225023 6063
27	244234	1.1	1	237623 6611
28	203491	1.1	1	198438 5053
29	199658	1.1	1	195005 4653
30	194535	1.1	1	190250 4285
31	189461	1.1	1	185663 3798
32	195846	1.1	1	191679 4167
33	200107	1.1	1	195964 4143
34	227298	1.1	1	221653 5645
35	232741	1.1	1	227968 4773
36	177861	1.1	1	173851 4010
37	183829	1.1	1	180166 3663
38	194037	1.1	1	190154 3883
39	180353	1.1	1	176686 3667
40	179528	1.1	1	175807 3721
41	183175	1.1	1	179255 3920
42	150563	1.1	1	147625 2938
43	171251	1.1	1	167751 3500
44	164710	1.1	1	161406 3304
45	195014	1.1	1	190643 4371
46	163353	1.1	1	159785 3568
47	157026	1.1	1	153761 3265
48	181245	1.1	1	177559 3686
49	149246	1.1	1	146185 3061
50	136987	1.1	1	134085 2902
51	135800	1.1	1	132736 3064
52	146546	1.1	1	143288 3258
53	123977	1.1	1	121587 2390
54	131910	1.1	1	129183 2727
55	141314	1.1	1	138213 3101
56	126515	1.1	1	124007 2508
57	144061	1.1	1	140952 3109
58	163918	1.1	1	160777 3141
59	105883	1.1	1	103692 2191
60	121589	1.1	1	119458 2131
61	106445	1.1	1	104646 1799
62	107366	1.1	1	105396 1970
63	89978	1.1	1	88432 1546
64	114178	1.1	1	112151 2027
65	89785	1.1	1	88218 1567
66	98903	1.1	1	97235 1668
67	100403	1.1	1	98633 1770
68	88146	1.1	1	86613 1533
69	72554	1.1	1	71290 1264
70	97045	1.1	1	95404 1641
71	45848	1.1	1	44810 1038
72	60097	1.1	1	59036 1061
73	64547	1.1	1	63348 1199
74	67989	1.1	1	66839 1150
75	73512	1.1	1	72570 942
76	21876	1.1	1	21245 631
77	48386	1.1	1	47625 761
78	48342	1.1	1	47475 867
79	45458	1.1	1	44606 852
80	41238	1.1	1	40491 747
81	37447	1.1	1	36713 734
82	34607	1.1	1	33990 617
83	30755	1.1	1	30188 567
84	28634	1.1	1	28099 535
85	27822	1.1	1	27289 533
86	27920	1.1	1	27422 498
87	27927	1.1	1	27434 493
88	24706	1.1	1	24260 446
89	22515	1.1	1	22092 423
90	19939	1.1	1	19579 360
91	18687	1.1	1	18322 365
92	16877	1.1	1	16556 321
93	13996	1.1	1	13718 278
94	13648	1.1	1	13402 246
95	11691	1.1	1	11446 245
96	11195	1.1	1	10958 237
97	11013	1.1	1	10800 213
98	10351	1.1	1	10164 187
99	9361	1.1	1	9192 169
100	8217	1.1	1	8046 171
101	6936	1.1	1	6819 117
102	5874	1.1	1	5750 124
103	5637	1.1	1	5530 107
104	4769	1.1	1	4671 98
105	4659	1.1	1	4556 103
106	4619	1.1	1	4524 95
107	4688	1.1	1	4590 98
108	4083	1.1	1	4000 83
109	3755	1.1	1	3681 74
110	3304	1.1	1	3216 88
111	2778	1.1	1	2715 63
112	2336	1.1	1	2281 55
113	1988	1.1	1	1929 59
114	2007	1.1	1	1953 54
115	1515	1.1	1	1461 54
116	1571	1.1	1	1530 41
117	1377	1.1	1	1347 30
118	1411	1.1	1	1368 43
119	1262	1.1	1	1220 42
120	1111	1.1	1	1074 37
121	1078	1.1	1	1047 31
122	786	1.1	1	759 27
123	593	1.1	1	561 32
124	433	1.1	1	413 20
125	343	1.1	1	317 26
126	381	1.1	1	367 14
127	353	1.1	1	323 30
128	396	1.1	1	369 27
129	336	1.1	1	323 13
130	420	1.1	1	399 21
131	808	1.1	1	728 80
132	479	1.1	1	443 36
133	372	1.1	1	353 19
134	775	1.1	1	751 24
135	580	1.1	1	568 12
136	573	1.1	1	546 27
137	639	1.1	1	623 16
138	905	1.1	1	897 8
139	766	1.1	1	744 22
140	1024	1.1	1	1003 21
141	1506	1.1	1	1480 26
142	886	1.1	1	872 14
143	1279	1.1	1	1252 27
144	1633	1.1	1	1600 33
145	1608	1.1	1	1577 31
146	2263	1.1	1	2215 48
147	1813	1.1	1	1754 59
148	1246	1.1	1	1210 36
149	427	1.1	1	363 64
150	15137	1.1	1	12903 2234

RUN STATISTICS FOR INPUT FILE: /vortexfs1/omics/tepolt/raw_reads/C_maenas/Cm_yrv_2023/5-187_R2_001.fastq.gz
=============================================
72023981 sequences processed in total

Total number of sequences analysed for the sequence pair length validation: 72023981

Number of sequence pairs removed because at least one read was shorter than the length cutoff (20 bp): 781264 (1.08%)
