
SUMMARISING RUN PARAMETERS
==========================
Input filename: /vortexfs1/omics/tepolt/raw_reads/C_maenas/Cm_yrv_2023/5-189_R2_001.fastq.gz
Trimming mode: paired-end
Trim Galore version: 0.6.6
Cutadapt version: 3.5
Python version: could not detect
Number of cores used for trimming: 8
Quality Phred score cutoff: 20
Quality encoding type selected: ASCII+33
Adapter sequence: 'AGATCGGAAGAGC' (Illumina TruSeq, Sanger iPCR; user defined)
Maximum trimming error rate: 0.1 (default)
Minimum required adapter overlap (stringency): 1 bp
Minimum required sequence length for both reads before a sequence pair gets removed: 20 bp
Running FastQC on the data once trimming has completed
Running FastQC with the following extra arguments: --outdir /vortexfs1/scratch/yaamini.venkataraman/wc-green-crab/output/06b-trimgalore     --threads 28
Output file will be GZIP compressed


This is cutadapt 3.5 with Python 3.9.5
Command line parameters: -j 8 -e 0.1 -q 20 -O 1 -a AGATCGGAAGAGC /vortexfs1/omics/tepolt/raw_reads/C_maenas/Cm_yrv_2023/5-189_R2_001.fastq.gz
Processing reads on 8 cores in single-end mode ...
Finished in 72.96 s (2 µs/read; 26.30 M reads/minute).

=== Summary ===

Total reads processed:              31,982,944
Reads with adapters:                13,340,769 (41.7%)
Reads written (passing filters):    31,982,944 (100.0%)

Total basepairs processed: 4,797,441,600 bp
Quality-trimmed:              13,609,583 bp (0.3%)
Total written (filtered):  4,678,775,825 bp (97.5%)

=== Adapter 1 ===

Sequence: AGATCGGAAGAGC; Type: regular 3'; Length: 13; Trimmed: 13340769 times

Minimum overlap: 1
No. of allowed errors:
1-9 bp: 0; 10-13 bp: 1

Bases preceding removed adapters:
  A: 30.3%
  C: 24.2%
  G: 23.5%
  T: 22.0%
  none/other: 0.1%

Overview of removed sequences
length	count	expect	max.err	error counts
1	8013340	7995736.0	0	8013340
2	1953255	1998934.0	0	1953255
3	613208	499733.5	0	613208
4	214328	124933.4	0	214328
5	110995	31233.3	0	110995
6	84396	7808.3	0	84396
7	80306	1952.1	0	80306
8	74098	488.0	0	74098
9	70107	122.0	0	69610 497
10	69558	30.5	1	67723 1835
11	67170	7.6	1	65469 1701
12	69093	1.9	1	67186 1907
13	64606	0.5	1	63216 1390
14	65160	0.5	1	63309 1851
15	71933	0.5	1	69999 1934
16	60518	0.5	1	58970 1548
17	61835	0.5	1	59931 1904
18	59672	0.5	1	57767 1905
19	64194	0.5	1	61906 2288
20	57228	0.5	1	55577 1651
21	48841	0.5	1	47444 1397
22	48508	0.5	1	47075 1433
23	51778	0.5	1	50269 1509
24	53426	0.5	1	51509 1917
25	47094	0.5	1	45722 1372
26	46442	0.5	1	45020 1422
27	47882	0.5	1	46439 1443
28	39730	0.5	1	38512 1218
29	39380	0.5	1	38241 1139
30	39911	0.5	1	38759 1152
31	31105	0.5	1	30384 721
32	35979	0.5	1	34989 990
33	36628	0.5	1	35734 894
34	30828	0.5	1	30036 792
35	31651	0.5	1	30814 837
36	38994	0.5	1	37852 1142
37	29561	0.5	1	28789 772
38	29186	0.5	1	28567 619
39	20836	0.5	1	20320 516
40	24472	0.5	1	23903 569
41	24233	0.5	1	23619 614
42	23925	0.5	1	23210 715
43	22992	0.5	1	22415 577
44	19321	0.5	1	18810 511
45	26248	0.5	1	25540 708
46	16627	0.5	1	16113 514
47	15223	0.5	1	14862 361
48	20370	0.5	1	19858 512
49	14138	0.5	1	13783 355
50	13524	0.5	1	13164 360
51	12767	0.5	1	12405 362
52	14284	0.5	1	13862 422
53	9705	0.5	1	9465 240
54	11429	0.5	1	11115 314
55	11043	0.5	1	10732 311
56	9102	0.5	1	8839 263
57	10623	0.5	1	10298 325
58	11856	0.5	1	11541 315
59	7046	0.5	1	6843 203
60	8396	0.5	1	8217 179
61	5372	0.5	1	5229 143
62	6406	0.5	1	6255 151
63	4695	0.5	1	4579 116
64	6574	0.5	1	6413 161
65	3930	0.5	1	3807 123
66	4419	0.5	1	4316 103
67	4708	0.5	1	4576 132
68	3528	0.5	1	3428 100
69	2627	0.5	1	2540 87
70	4672	0.5	1	4552 120
71	1258	0.5	1	1198 60
72	2238	0.5	1	2179 59
73	2600	0.5	1	2516 84
74	2502	0.5	1	2422 80
75	2687	0.5	1	2621 66
76	817	0.5	1	775 42
77	1477	0.5	1	1430 47
78	1585	0.5	1	1520 65
79	1503	0.5	1	1428 75
80	1454	0.5	1	1386 68
81	1428	0.5	1	1336 92
82	1408	0.5	1	1267 141
83	1746	0.5	1	1439 307
84	1149	0.5	1	1050 99
85	1066	0.5	1	942 124
86	1061	0.5	1	959 102
87	941	0.5	1	894 47
88	848	0.5	1	802 46
89	801	0.5	1	756 45
90	747	0.5	1	705 42
91	747	0.5	1	703 44
92	734	0.5	1	683 51
93	595	0.5	1	557 38
94	579	0.5	1	538 41
95	493	0.5	1	457 36
96	470	0.5	1	444 26
97	447	0.5	1	412 35
98	426	0.5	1	393 33
99	554	0.5	1	505 49
100	469	0.5	1	429 40
101	383	0.5	1	356 27
102	533	0.5	1	457 76
103	477	0.5	1	423 54
104	404	0.5	1	349 55
105	339	0.5	1	295 44
106	387	0.5	1	325 62
107	525	0.5	1	453 72
108	1014	0.5	1	751 263
109	369	0.5	1	317 52
110	525	0.5	1	428 97
111	400	0.5	1	335 65
112	576	0.5	1	472 104
113	407	0.5	1	327 80
114	700	0.5	1	608 92
115	608	0.5	1	475 133
116	618	0.5	1	474 144
117	669	0.5	1	502 167
118	557	0.5	1	431 126
119	690	0.5	1	509 181
120	1385	0.5	1	981 404
121	2185	0.5	1	1463 722
122	1175	0.5	1	937 238
123	369	0.5	1	296 73
124	196	0.5	1	157 39
125	278	0.5	1	214 64
126	273	0.5	1	205 68
127	281	0.5	1	194 87
128	549	0.5	1	366 183
129	647	0.5	1	433 214
130	5346	0.5	1	4053 1293
131	221091	0.5	1	197657 23434
132	1140	0.5	1	1048 92
133	291	0.5	1	265 26
134	227	0.5	1	215 12
135	239	0.5	1	222 17
136	114	0.5	1	106 8
137	110	0.5	1	108 2
138	177	0.5	1	173 4
139	126	0.5	1	120 6
140	139	0.5	1	131 8
141	287	0.5	1	280 7
142	176	0.5	1	168 8
143	248	0.5	1	238 10
144	296	0.5	1	284 12
145	295	0.5	1	286 9
146	511	0.5	1	488 23
147	409	0.5	1	370 39
148	339	0.5	1	322 17
149	306	0.5	1	236 70
150	9538	0.5	1	8336 1202

RUN STATISTICS FOR INPUT FILE: /vortexfs1/omics/tepolt/raw_reads/C_maenas/Cm_yrv_2023/5-189_R2_001.fastq.gz
=============================================
31982944 sequences processed in total

Total number of sequences analysed for the sequence pair length validation: 31982944

Number of sequence pairs removed because at least one read was shorter than the length cutoff (20 bp): 640211 (2.00%)
