
SUMMARISING RUN PARAMETERS
==========================
Input filename: /vortexfs1/omics/tepolt/raw_reads/C_maenas/Cm_yrv_2023/5-188_R2_001.fastq.gz
Trimming mode: paired-end
Trim Galore version: 0.6.6
Cutadapt version: 3.5
Python version: could not detect
Number of cores used for trimming: 8
Quality Phred score cutoff: 20
Quality encoding type selected: ASCII+33
Adapter sequence: 'AGATCGGAAGAGC' (Illumina TruSeq, Sanger iPCR; user defined)
Maximum trimming error rate: 0.1 (default)
Minimum required adapter overlap (stringency): 1 bp
Minimum required sequence length for both reads before a sequence pair gets removed: 20 bp
Running FastQC on the data once trimming has completed
Running FastQC with the following extra arguments: --outdir /vortexfs1/scratch/yaamini.venkataraman/wc-green-crab/output/06b-trimgalore     --threads 28
Output file will be GZIP compressed


This is cutadapt 3.5 with Python 3.9.5
Command line parameters: -j 8 -e 0.1 -q 20 -O 1 -a AGATCGGAAGAGC /vortexfs1/omics/tepolt/raw_reads/C_maenas/Cm_yrv_2023/5-188_R2_001.fastq.gz
Processing reads on 8 cores in single-end mode ...
Finished in 84.84 s (2 µs/read; 26.35 M reads/minute).

=== Summary ===

Total reads processed:              37,262,764
Reads with adapters:                18,558,828 (49.8%)
Reads written (passing filters):    37,262,764 (100.0%)

Total basepairs processed: 5,589,414,600 bp
Quality-trimmed:              32,121,624 bp (0.6%)
Total written (filtered):  5,338,100,969 bp (95.5%)

=== Adapter 1 ===

Sequence: AGATCGGAAGAGC; Type: regular 3'; Length: 13; Trimmed: 18558828 times

Minimum overlap: 1
No. of allowed errors:
1-9 bp: 0; 10-13 bp: 1

Bases preceding removed adapters:
  A: 26.0%
  C: 28.1%
  G: 25.7%
  T: 20.0%
  none/other: 0.1%

Overview of removed sequences
length	count	expect	max.err	error counts
1	8105156	9315691.0	0	8105156
2	2091847	2328922.8	0	2091847
3	751975	582230.7	0	751975
4	326262	145557.7	0	326262
5	232034	36389.4	0	232034
6	201906	9097.4	0	201906
7	202469	2274.3	0	202469
8	187232	568.6	0	187232
9	179980	142.1	0	179190 790
10	183579	35.5	1	179836 3743
11	177421	8.9	1	173771 3650
12	186934	2.2	1	182451 4483
13	178519	0.6	1	174775 3744
14	184990	0.6	1	179857 5133
15	204488	0.6	1	198936 5552
16	174504	0.6	1	169928 4576
17	181282	0.6	1	175670 5612
18	176656	0.6	1	171225 5431
19	194236	0.6	1	187523 6713
20	174148	0.6	1	169203 4945
21	152459	0.6	1	148134 4325
22	153946	0.6	1	149595 4351
23	162403	0.6	1	157802 4601
24	169872	0.6	1	163980 5892
25	153404	0.6	1	148958 4446
26	154864	0.6	1	150109 4755
27	168679	0.6	1	163469 5210
28	132628	0.6	1	128768 3860
29	138880	0.6	1	135098 3782
30	133419	0.6	1	129752 3667
31	120750	0.6	1	117955 2795
32	126672	0.6	1	123403 3269
33	139938	0.6	1	136127 3811
34	112245	0.6	1	109259 2986
35	121509	0.6	1	118296 3213
36	203289	0.6	1	198356 4933
37	65630	0.6	1	63469 2161
38	150997	0.6	1	147812 3185
39	71685	0.6	1	69727 1958
40	113410	0.6	1	111179 2231
41	65148	0.6	1	63571 1577
42	82360	0.6	1	80473 1887
43	90502	0.6	1	88496 2006
44	73494	0.6	1	71679 1815
45	111515	0.6	1	108838 2677
46	64549	0.6	1	62826 1723
47	56769	0.6	1	55349 1420
48	87571	0.6	1	85770 1801
49	51912	0.6	1	50614 1298
50	53490	0.6	1	52209 1281
51	54381	0.6	1	52906 1475
52	61175	0.6	1	59764 1411
53	36092	0.6	1	35270 822
54	48138	0.6	1	46991 1147
55	45555	0.6	1	44532 1023
56	36414	0.6	1	35561 853
57	45558	0.6	1	44452 1106
58	54250	0.6	1	53166 1084
59	29174	0.6	1	28433 741
60	29635	0.6	1	29065 570
61	23373	0.6	1	22833 540
62	31370	0.6	1	30733 637
63	15929	0.6	1	15506 423
64	29203	0.6	1	28683 520
65	12835	0.6	1	12469 366
66	17179	0.6	1	16800 379
67	18845	0.6	1	18461 384
68	12658	0.6	1	12371 287
69	9017	0.6	1	8777 240
70	18106	0.6	1	17817 289
71	3502	0.6	1	3324 178
72	8401	0.6	1	8183 218
73	9256	0.6	1	9058 198
74	9572	0.6	1	9342 230
75	8952	0.6	1	8796 156
76	2534	0.6	1	2459 75
77	5094	0.6	1	4992 102
78	5601	0.6	1	5491 110
79	5097	0.6	1	4965 132
80	4694	0.6	1	4576 118
81	4348	0.6	1	4236 112
82	3751	0.6	1	3640 111
83	3163	0.6	1	3087 76
84	3102	0.6	1	3006 96
85	2799	0.6	1	2700 99
86	2785	0.6	1	2703 82
87	2590	0.6	1	2532 58
88	2310	0.6	1	2232 78
89	2021	0.6	1	1959 62
90	1930	0.6	1	1878 52
91	1754	0.6	1	1706 48
92	1707	0.6	1	1655 52
93	1482	0.6	1	1435 47
94	1416	0.6	1	1378 38
95	1177	0.6	1	1129 48
96	1157	0.6	1	1117 40
97	996	0.6	1	961 35
98	1013	0.6	1	972 41
99	932	0.6	1	897 35
100	806	0.6	1	772 34
101	723	0.6	1	689 34
102	656	0.6	1	623 33
103	673	0.6	1	639 34
104	579	0.6	1	545 34
105	577	0.6	1	556 21
106	516	0.6	1	495 21
107	556	0.6	1	533 23
108	519	0.6	1	476 43
109	404	0.6	1	385 19
110	452	0.6	1	440 12
111	355	0.6	1	331 24
112	283	0.6	1	269 14
113	295	0.6	1	274 21
114	315	0.6	1	309 6
115	265	0.6	1	240 25
116	274	0.6	1	250 24
117	219	0.6	1	193 26
118	265	0.6	1	234 31
119	237	0.6	1	212 25
120	256	0.6	1	205 51
121	309	0.6	1	255 54
122	205	0.6	1	171 34
123	146	0.6	1	132 14
124	96	0.6	1	81 15
125	98	0.6	1	89 9
126	99	0.6	1	75 24
127	103	0.6	1	80 23
128	101	0.6	1	81 20
129	114	0.6	1	81 33
130	479	0.6	1	385 94
131	17151	0.6	1	15773 1378
132	153	0.6	1	130 23
133	95	0.6	1	77 18
134	249	0.6	1	237 12
135	126	0.6	1	109 17
136	116	0.6	1	98 18
137	165	0.6	1	160 5
138	307	0.6	1	295 12
139	188	0.6	1	179 9
140	248	0.6	1	239 9
141	396	0.6	1	386 10
142	260	0.6	1	254 6
143	417	0.6	1	399 18
144	509	0.6	1	493 16
145	437	0.6	1	424 13
146	693	0.6	1	671 22
147	693	0.6	1	661 32
148	619	0.6	1	591 28
149	406	0.6	1	300 106
150	12995	0.6	1	9457 3538

RUN STATISTICS FOR INPUT FILE: /vortexfs1/omics/tepolt/raw_reads/C_maenas/Cm_yrv_2023/5-188_R2_001.fastq.gz
=============================================
37262764 sequences processed in total

Total number of sequences analysed for the sequence pair length validation: 37262764

Number of sequence pairs removed because at least one read was shorter than the length cutoff (20 bp): 523057 (1.40%)
