
SUMMARISING RUN PARAMETERS
==========================
Input filename: /vortexfs1/omics/tepolt/raw_reads/C_maenas/Cm_yrv_2023/5-181_R1_001.fastq.gz
Trimming mode: paired-end
Trim Galore version: 0.6.6
Cutadapt version: 3.5
Python version: could not detect
Number of cores used for trimming: 8
Quality Phred score cutoff: 20
Quality encoding type selected: ASCII+33
Adapter sequence: 'AGATCGGAAGAGC' (Illumina TruSeq, Sanger iPCR; user defined)
Maximum trimming error rate: 0.1 (default)
Minimum required adapter overlap (stringency): 1 bp
Minimum required sequence length for both reads before a sequence pair gets removed: 20 bp
Running FastQC on the data once trimming has completed
Running FastQC with the following extra arguments: --outdir /vortexfs1/scratch/yaamini.venkataraman/wc-green-crab/output/06b-trimgalore     --threads 28
Output file will be GZIP compressed


This is cutadapt 3.5 with Python 3.9.5
Command line parameters: -j 8 -e 0.1 -q 20 -O 1 -a AGATCGGAAGAGC /vortexfs1/omics/tepolt/raw_reads/C_maenas/Cm_yrv_2023/5-181_R1_001.fastq.gz
Processing reads on 8 cores in single-end mode ...
Finished in 118.16 s (2 µs/read; 30.45 M reads/minute).

=== Summary ===

Total reads processed:              59,966,791
Reads with adapters:                28,220,997 (47.1%)
Reads written (passing filters):    59,966,791 (100.0%)

Total basepairs processed: 8,995,018,650 bp
Quality-trimmed:              11,943,481 bp (0.1%)
Total written (filtered):  8,616,376,413 bp (95.8%)

=== Adapter 1 ===

Sequence: AGATCGGAAGAGC; Type: regular 3'; Length: 13; Trimmed: 28220997 times

Minimum overlap: 1
No. of allowed errors:
1-9 bp: 0; 10-13 bp: 1

Bases preceding removed adapters:
  A: 24.5%
  C: 25.1%
  G: 20.3%
  T: 27.9%
  none/other: 2.1%

Overview of removed sequences
length	count	expect	max.err	error counts
1	13537494	14991697.8	0	13537494
2	3138196	3747924.4	0	3138196
3	1419723	936981.1	0	1419723
4	454137	234245.3	0	454137
5	315428	58561.3	0	315428
6	261205	14640.3	0	261205
7	261164	3660.1	0	261164
8	247216	915.0	0	247216
9	231594	228.8	0	230234 1360
10	227784	57.2	1	223630 4154
11	220855	14.3	1	216899 3956
12	224059	3.6	1	219967 4092
13	224826	0.9	1	220341 4485
14	222953	0.9	1	218687 4266
15	249217	0.9	1	244130 5087
16	226655	0.9	1	222136 4519
17	222144	0.9	1	217544 4600
18	225255	0.9	1	221113 4142
19	220637	0.9	1	216432 4205
20	209897	0.9	1	205876 4021
21	197793	0.9	1	193758 4035
22	193360	0.9	1	189814 3546
23	211044	0.9	1	206842 4202
24	194302	0.9	1	190679 3623
25	203415	0.9	1	199205 4210
26	188614	0.9	1	184827 3787
27	183703	0.9	1	179898 3805
28	178392	0.9	1	174714 3678
29	166549	0.9	1	163298 3251
30	155218	0.9	1	152417 2801
31	153308	0.9	1	150230 3078
32	151679	0.9	1	148485 3194
33	151770	0.9	1	148667 3103
34	152672	0.9	1	149437 3235
35	141112	0.9	1	137998 3114
36	144133	0.9	1	141016 3117
37	137224	0.9	1	134480 2744
38	140604	0.9	1	137512 3092
39	128270	0.9	1	125332 2938
40	124597	0.9	1	121903 2694
41	116641	0.9	1	114204 2437
42	110181	0.9	1	107639 2542
43	107045	0.9	1	104252 2793
44	139500	0.9	1	136040 3460
45	96947	0.9	1	94404 2543
46	140040	0.9	1	138241 1799
47	35040	0.9	1	32827 2213
48	186317	0.9	1	182655 3662
49	242463	0.9	1	240103 2360
50	51759	0.9	1	50352 1407
51	40100	0.9	1	39097 1003
52	81423	0.9	1	80670 753
53	21647	0.9	1	20684 963
54	86716	0.9	1	86162 554
55	13539	0.9	1	12959 580
56	32337	0.9	1	31955 382
57	20756	0.9	1	20266 490
58	26873	0.9	1	26049 824
59	82961	0.9	1	82294 667
60	18446	0.9	1	17814 632
61	33361	0.9	1	33040 321
62	3068	0.9	1	2858 210
63	5172	0.9	1	4955 217
64	16207	0.9	1	15762 445
65	45431	0.9	1	45096 335
66	2878	0.9	1	2671 207
67	1671	0.9	1	1525 146
68	12029	0.9	1	11821 208
69	13566	0.9	1	13354 212
70	13373	0.9	1	13161 212
71	10090	0.9	1	9939 151
72	4188	0.9	1	4097 91
73	2917	0.9	1	2787 130
74	7321	0.9	1	7192 129
75	8080	0.9	1	7922 158
76	7543	0.9	1	7421 122
77	7020	0.9	1	6869 151
78	6892	0.9	1	6757 135
79	6214	0.9	1	6071 143
80	5373	0.9	1	5265 108
81	4830	0.9	1	4685 145
82	4479	0.9	1	4385 94
83	3855	0.9	1	3752 103
84	3472	0.9	1	3392 80
85	3634	0.9	1	3538 96
86	3972	0.9	1	3844 128
87	2968	0.9	1	2882 86
88	2634	0.9	1	2557 77
89	2460	0.9	1	2397 63
90	2351	0.9	1	2280 71
91	2072	0.9	1	2007 65
92	2016	0.9	1	1942 74
93	1713	0.9	1	1650 63
94	1464	0.9	1	1419 45
95	1276	0.9	1	1221 55
96	1270	0.9	1	1228 42
97	1203	0.9	1	1165 38
98	1070	0.9	1	1033 37
99	1135	0.9	1	1097 38
100	1006	0.9	1	968 38
101	895	0.9	1	858 37
102	747	0.9	1	722 25
103	721	0.9	1	699 22
104	643	0.9	1	617 26
105	592	0.9	1	563 29
106	564	0.9	1	520 44
107	629	0.9	1	609 20
108	663	0.9	1	632 31
109	484	0.9	1	458 26
110	547	0.9	1	508 39
111	467	0.9	1	403 64
112	425	0.9	1	407 18
113	379	0.9	1	339 40
114	399	0.9	1	362 37
115	407	0.9	1	366 41
116	360	0.9	1	334 26
117	331	0.9	1	305 26
118	327	0.9	1	310 17
119	343	0.9	1	318 25
120	651	0.9	1	600 51
121	870	0.9	1	843 27
122	464	0.9	1	443 21
123	235	0.9	1	209 26
124	182	0.9	1	154 28
125	183	0.9	1	156 27
126	179	0.9	1	144 35
127	163	0.9	1	142 21
128	188	0.9	1	152 36
129	234	0.9	1	196 38
130	1205	0.9	1	1109 96
131	60794	0.9	1	59928 866
132	365	0.9	1	285 80
133	246	0.9	1	186 60
134	296	0.9	1	243 53
135	241	0.9	1	188 53
136	225	0.9	1	169 56
137	271	0.9	1	186 85
138	391	0.9	1	324 67
139	329	0.9	1	233 96
140	337	0.9	1	264 73
141	612	0.9	1	528 84
142	435	0.9	1	332 103
143	689	0.9	1	557 132
144	716	0.9	1	576 140
145	780	0.9	1	591 189
146	1140	0.9	1	950 190
147	1246	0.9	1	874 372
148	1018	0.9	1	481 537
149	9516	0.9	1	238 9278
150	576670	0.9	1	9065 567605

RUN STATISTICS FOR INPUT FILE: /vortexfs1/omics/tepolt/raw_reads/C_maenas/Cm_yrv_2023/5-181_R1_001.fastq.gz
=============================================
59966791 sequences processed in total

