
SUMMARISING RUN PARAMETERS
==========================
Input filename: /vortexfs1/omics/tepolt/raw_reads/C_maenas/Cm_yrv_2023/5-182_R1_001.fastq.gz
Trimming mode: paired-end
Trim Galore version: 0.6.6
Cutadapt version: 3.5
Python version: could not detect
Number of cores used for trimming: 8
Quality Phred score cutoff: 20
Quality encoding type selected: ASCII+33
Adapter sequence: 'AGATCGGAAGAGC' (Illumina TruSeq, Sanger iPCR; user defined)
Maximum trimming error rate: 0.1 (default)
Minimum required adapter overlap (stringency): 1 bp
Minimum required sequence length for both reads before a sequence pair gets removed: 20 bp
Running FastQC on the data once trimming has completed
Running FastQC with the following extra arguments: --outdir /vortexfs1/scratch/yaamini.venkataraman/wc-green-crab/output/06b-trimgalore     --threads 28
Output file will be GZIP compressed


This is cutadapt 3.5 with Python 3.9.5
Command line parameters: -j 8 -e 0.1 -q 20 -O 1 -a AGATCGGAAGAGC /vortexfs1/omics/tepolt/raw_reads/C_maenas/Cm_yrv_2023/5-182_R1_001.fastq.gz
Processing reads on 8 cores in single-end mode ...
Finished in 80.53 s (2 µs/read; 26.29 M reads/minute).

=== Summary ===

Total reads processed:              35,284,655
Reads with adapters:                15,550,452 (44.1%)
Reads written (passing filters):    35,284,655 (100.0%)

Total basepairs processed: 5,292,698,250 bp
Quality-trimmed:               6,913,833 bp (0.1%)
Total written (filtered):  5,089,918,353 bp (96.2%)

=== Adapter 1 ===

Sequence: AGATCGGAAGAGC; Type: regular 3'; Length: 13; Trimmed: 15550452 times

Minimum overlap: 1
No. of allowed errors:
1-9 bp: 0; 10-13 bp: 1

Bases preceding removed adapters:
  A: 24.4%
  C: 26.4%
  G: 20.9%
  T: 25.8%
  none/other: 2.5%

Overview of removed sequences
length	count	expect	max.err	error counts
1	7790523	8821163.8	0	7790523
2	2006497	2205290.9	0	2006497
3	813151	551322.7	0	813151
4	265326	137830.7	0	265326
5	173129	34457.7	0	173129
6	140452	8614.4	0	140452
7	137697	2153.6	0	137697
8	128400	538.4	0	128400
9	124828	134.6	0	123708 1120
10	123135	33.7	1	119978 3157
11	119764	8.4	1	116966 2798
12	118874	2.1	1	116095 2779
13	118506	0.5	1	115386 3120
14	116308	0.5	1	113309 2999
15	123814	0.5	1	120556 3258
16	113189	0.5	1	110229 2960
17	112351	0.5	1	109258 3093
18	106936	0.5	1	104399 2537
19	107665	0.5	1	104866 2799
20	103477	0.5	1	100813 2664
21	96672	0.5	1	93845 2827
22	93887	0.5	1	91505 2382
23	95318	0.5	1	92736 2582
24	91335	0.5	1	88921 2414
25	91195	0.5	1	88673 2522
26	86272	0.5	1	83953 2319
27	82747	0.5	1	80461 2286
28	78862	0.5	1	76624 2238
29	75885	0.5	1	73742 2143
30	71034	0.5	1	69154 1880
31	69445	0.5	1	67438 2007
32	67889	0.5	1	65878 2011
33	65623	0.5	1	63830 1793
34	62226	0.5	1	60435 1791
35	61803	0.5	1	60032 1771
36	59508	0.5	1	57777 1731
37	56688	0.5	1	55095 1593
38	56659	0.5	1	54958 1701
39	52295	0.5	1	50638 1657
40	49925	0.5	1	48401 1524
41	47048	0.5	1	45716 1332
42	43508	0.5	1	42085 1423
43	43070	0.5	1	41411 1659
44	52503	0.5	1	50483 2020
45	39223	0.5	1	37801 1422
46	51794	0.5	1	50779 1015
47	12974	0.5	1	11859 1115
48	56338	0.5	1	54952 1386
49	35616	0.5	1	34760 856
50	18180	0.5	1	17592 588
51	25236	0.5	1	24546 690
52	28927	0.5	1	28355 572
53	13884	0.5	1	13355 529
54	24318	0.5	1	23904 414
55	11618	0.5	1	11295 323
56	16925	0.5	1	16561 364
57	13673	0.5	1	13382 291
58	13180	0.5	1	12755 425
59	22624	0.5	1	22158 466
60	12118	0.5	1	11768 350
61	16858	0.5	1	16614 244
62	4261	0.5	1	4110 151
63	5501	0.5	1	5354 147
64	7870	0.5	1	7561 309
65	18128	0.5	1	17899 229
66	2662	0.5	1	2543 119
67	1767	0.5	1	1643 124
68	5597	0.5	1	5464 133
69	5095	0.5	1	4976 119
70	5266	0.5	1	5148 118
71	3968	0.5	1	3885 83
72	1637	0.5	1	1592 45
73	1638	0.5	1	1589 49
74	2898	0.5	1	2833 65
75	3005	0.5	1	2912 93
76	2870	0.5	1	2803 67
77	2733	0.5	1	2619 114
78	2726	0.5	1	2643 83
79	2433	0.5	1	2365 68
80	2468	0.5	1	2357 111
81	2530	0.5	1	2401 129
82	2931	0.5	1	2810 121
83	4034	0.5	1	3889 145
84	1867	0.5	1	1787 80
85	2635	0.5	1	2580 55
86	1581	0.5	1	1499 82
87	1456	0.5	1	1407 49
88	1262	0.5	1	1228 34
89	1187	0.5	1	1139 48
90	1177	0.5	1	1125 52
91	998	0.5	1	955 43
92	1051	0.5	1	1018 33
93	869	0.5	1	829 40
94	747	0.5	1	714 33
95	730	0.5	1	690 40
96	672	0.5	1	646 26
97	670	0.5	1	640 30
98	680	0.5	1	647 33
99	660	0.5	1	625 35
100	593	0.5	1	571 22
101	558	0.5	1	530 28
102	620	0.5	1	590 30
103	510	0.5	1	483 27
104	485	0.5	1	452 33
105	429	0.5	1	405 24
106	454	0.5	1	431 23
107	698	0.5	1	662 36
108	791	0.5	1	753 38
109	402	0.5	1	376 26
110	483	0.5	1	446 37
111	436	0.5	1	387 49
112	462	0.5	1	424 38
113	409	0.5	1	377 32
114	864	0.5	1	791 73
115	529	0.5	1	482 47
116	557	0.5	1	522 35
117	493	0.5	1	458 35
118	458	0.5	1	429 29
119	525	0.5	1	497 28
120	1067	0.5	1	1016 51
121	1319	0.5	1	1272 47
122	832	0.5	1	796 36
123	296	0.5	1	272 24
124	191	0.5	1	158 33
125	161	0.5	1	128 33
126	188	0.5	1	157 31
127	183	0.5	1	155 28
128	292	0.5	1	244 48
129	374	0.5	1	325 49
130	2542	0.5	1	2340 202
131	115365	0.5	1	113279 2086
132	731	0.5	1	669 62
133	286	0.5	1	222 64
134	279	0.5	1	225 54
135	273	0.5	1	211 62
136	172	0.5	1	111 61
137	195	0.5	1	130 65
138	267	0.5	1	202 65
139	239	0.5	1	162 77
140	242	0.5	1	163 79
141	370	0.5	1	288 82
142	273	0.5	1	181 92
143	399	0.5	1	274 125
144	435	0.5	1	321 114
145	504	0.5	1	328 176
146	564	0.5	1	409 155
147	710	0.5	1	384 326
148	798	0.5	1	326 472
149	8241	0.5	1	287 7954
150	382743	0.5	1	8626 374117

RUN STATISTICS FOR INPUT FILE: /vortexfs1/omics/tepolt/raw_reads/C_maenas/Cm_yrv_2023/5-182_R1_001.fastq.gz
=============================================
35284655 sequences processed in total

