
SUMMARISING RUN PARAMETERS
==========================
Input filename: /vortexfs1/omics/tepolt/raw_reads/C_maenas/Cm_yrv_2023/5-188_R1_001.fastq.gz
Trimming mode: paired-end
Trim Galore version: 0.6.6
Cutadapt version: 3.5
Python version: could not detect
Number of cores used for trimming: 8
Quality Phred score cutoff: 20
Quality encoding type selected: ASCII+33
Adapter sequence: 'AGATCGGAAGAGC' (Illumina TruSeq, Sanger iPCR; user defined)
Maximum trimming error rate: 0.1 (default)
Minimum required adapter overlap (stringency): 1 bp
Minimum required sequence length for both reads before a sequence pair gets removed: 20 bp
Running FastQC on the data once trimming has completed
Running FastQC with the following extra arguments: --outdir /vortexfs1/scratch/yaamini.venkataraman/wc-green-crab/output/06b-trimgalore     --threads 28
Output file will be GZIP compressed


This is cutadapt 3.5 with Python 3.9.5
Command line parameters: -j 8 -e 0.1 -q 20 -O 1 -a AGATCGGAAGAGC /vortexfs1/omics/tepolt/raw_reads/C_maenas/Cm_yrv_2023/5-188_R1_001.fastq.gz
Processing reads on 8 cores in single-end mode ...
Finished in 79.96 s (2 µs/read; 27.96 M reads/minute).

=== Summary ===

Total reads processed:              37,262,764
Reads with adapters:                18,536,551 (49.7%)
Reads written (passing filters):    37,262,764 (100.0%)

Total basepairs processed: 5,589,414,600 bp
Quality-trimmed:               6,909,932 bp (0.1%)
Total written (filtered):  5,292,391,081 bp (94.7%)

=== Adapter 1 ===

Sequence: AGATCGGAAGAGC; Type: regular 3'; Length: 13; Trimmed: 18536551 times

Minimum overlap: 1
No. of allowed errors:
1-9 bp: 0; 10-13 bp: 1

Bases preceding removed adapters:
  A: 21.9%
  C: 27.3%
  G: 21.7%
  T: 26.7%
  none/other: 2.5%

Overview of removed sequences
length	count	expect	max.err	error counts
1	7620174	9315691.0	0	7620174
2	1904834	2328922.8	0	1904834
3	870502	582230.7	0	870502
4	310044	145557.7	0	310044
5	230649	36389.4	0	230649
6	201087	9097.4	0	201087
7	201714	2274.3	0	201714
8	186569	568.6	0	186569
9	183523	142.1	0	180028 3495
10	184871	35.5	1	178651 6220
11	180067	8.9	1	174578 5489
12	183500	2.2	1	177718 5782
13	185691	0.6	1	179510 6181
14	185988	0.6	1	180033 5955
15	201834	0.6	1	195236 6598
16	182709	0.6	1	176830 5879
17	182638	0.6	1	176533 6105
18	177480	0.6	1	171947 5533
19	178388	0.6	1	172635 5753
20	175738	0.6	1	169996 5742
21	165772	0.6	1	160238 5534
22	161366	0.6	1	156314 5052
23	165267	0.6	1	159791 5476
24	161026	0.6	1	155742 5284
25	162708	0.6	1	157225 5483
26	156099	0.6	1	150935 5164
27	152905	0.6	1	147804 5101
28	146545	0.6	1	141663 4882
29	138329	0.6	1	133865 4464
30	132697	0.6	1	128488 4209
31	130634	0.6	1	126361 4273
32	128732	0.6	1	124549 4183
33	125680	0.6	1	121744 3936
34	122428	0.6	1	118424 4004
35	122028	0.6	1	117996 4032
36	120655	0.6	1	116517 4138
37	116384	0.6	1	112483 3901
38	116613	0.6	1	112520 4093
39	105560	0.6	1	101888 3672
40	105195	0.6	1	101471 3724
41	97245	0.6	1	94075 3170
42	90962	0.6	1	87787 3175
43	90165	0.6	1	86395 3770
44	118548	0.6	1	114511 4037
45	78794	0.6	1	75522 3272
46	105735	0.6	1	103949 1786
47	25586	0.6	1	23368 2218
48	94922	0.6	1	91874 3048
49	80777	0.6	1	78739 2038
50	49548	0.6	1	47842 1706
51	55256	0.6	1	53414 1842
52	65501	0.6	1	64011 1490
53	39438	0.6	1	37889 1549
54	54914	0.6	1	53758 1156
55	33503	0.6	1	32333 1170
56	41523	0.6	1	40417 1106
57	36316	0.6	1	35256 1060
58	33880	0.6	1	32663 1217
59	46329	0.6	1	45175 1154
60	31689	0.6	1	30527 1162
61	40171	0.6	1	39440 731
62	17591	0.6	1	17041 550
63	17665	0.6	1	17096 569
64	20936	0.6	1	19962 974
65	39519	0.6	1	38920 599
66	12608	0.6	1	12261 347
67	7846	0.6	1	7459 387
68	15771	0.6	1	15349 422
69	14267	0.6	1	13851 416
70	14149	0.6	1	13823 326
71	10413	0.6	1	10233 180
72	3864	0.6	1	3711 153
73	4643	0.6	1	4439 204
74	7320	0.6	1	7120 200
75	7248	0.6	1	7059 189
76	6734	0.6	1	6536 198
77	6390	0.6	1	6175 215
78	5848	0.6	1	5666 182
79	5232	0.6	1	5023 209
80	4787	0.6	1	4648 139
81	4428	0.6	1	4274 154
82	3863	0.6	1	3717 146
83	3297	0.6	1	3151 146
84	3196	0.6	1	3080 116
85	3020	0.6	1	2935 85
86	3723	0.6	1	3600 123
87	2711	0.6	1	2613 98
88	2363	0.6	1	2261 102
89	2049	0.6	1	1967 82
90	1995	0.6	1	1912 83
91	1823	0.6	1	1727 96
92	1771	0.6	1	1696 75
93	1569	0.6	1	1497 72
94	1489	0.6	1	1435 54
95	1214	0.6	1	1178 36
96	1198	0.6	1	1145 53
97	1030	0.6	1	983 47
98	1061	0.6	1	1017 44
99	944	0.6	1	902 42
100	827	0.6	1	793 34
101	729	0.6	1	697 32
102	687	0.6	1	656 31
103	708	0.6	1	671 37
104	593	0.6	1	564 29
105	593	0.6	1	575 18
106	527	0.6	1	504 23
107	580	0.6	1	560 20
108	527	0.6	1	488 39
109	430	0.6	1	405 25
110	482	0.6	1	443 39
111	385	0.6	1	325 60
112	294	0.6	1	269 25
113	299	0.6	1	274 25
114	326	0.6	1	301 25
115	283	0.6	1	249 34
116	296	0.6	1	265 31
117	227	0.6	1	206 21
118	264	0.6	1	245 19
119	254	0.6	1	232 22
120	253	0.6	1	235 18
121	338	0.6	1	318 20
122	218	0.6	1	199 19
123	155	0.6	1	132 23
124	108	0.6	1	87 21
125	115	0.6	1	97 18
126	110	0.6	1	89 21
127	104	0.6	1	81 23
128	114	0.6	1	85 29
129	117	0.6	1	82 35
130	407	0.6	1	349 58
131	18068	0.6	1	17765 303
132	208	0.6	1	137 71
133	124	0.6	1	83 41
134	274	0.6	1	232 42
135	161	0.6	1	112 49
136	166	0.6	1	98 68
137	222	0.6	1	161 61
138	364	0.6	1	291 73
139	235	0.6	1	178 57
140	308	0.6	1	247 61
141	449	0.6	1	389 60
142	336	0.6	1	255 81
143	496	0.6	1	395 101
144	605	0.6	1	495 110
145	552	0.6	1	419 133
146	830	0.6	1	664 166
147	959	0.6	1	656 303
148	1005	0.6	1	591 414
149	8979	0.6	1	321 8658
150	449860	0.6	1	9418 440442

RUN STATISTICS FOR INPUT FILE: /vortexfs1/omics/tepolt/raw_reads/C_maenas/Cm_yrv_2023/5-188_R1_001.fastq.gz
=============================================
37262764 sequences processed in total

