
SUMMARISING RUN PARAMETERS
==========================
Input filename: /vortexfs1/omics/tepolt/raw_reads/C_maenas/Cm_yrv_2023/5-181_R2_001.fastq.gz
Trimming mode: paired-end
Trim Galore version: 0.6.6
Cutadapt version: 3.5
Python version: could not detect
Number of cores used for trimming: 8
Quality Phred score cutoff: 20
Quality encoding type selected: ASCII+33
Adapter sequence: 'AGATCGGAAGAGC' (Illumina TruSeq, Sanger iPCR; user defined)
Maximum trimming error rate: 0.1 (default)
Minimum required adapter overlap (stringency): 1 bp
Minimum required sequence length for both reads before a sequence pair gets removed: 20 bp
Running FastQC on the data once trimming has completed
Running FastQC with the following extra arguments: --outdir /vortexfs1/scratch/yaamini.venkataraman/wc-green-crab/output/06b-trimgalore     --threads 28
Output file will be GZIP compressed


This is cutadapt 3.5 with Python 3.9.5
Command line parameters: -j 8 -e 0.1 -q 20 -O 1 -a AGATCGGAAGAGC /vortexfs1/omics/tepolt/raw_reads/C_maenas/Cm_yrv_2023/5-181_R2_001.fastq.gz
Processing reads on 8 cores in single-end mode ...
Finished in 127.51 s (2 µs/read; 28.22 M reads/minute).

=== Summary ===

Total reads processed:              59,966,791
Reads with adapters:                28,495,253 (47.5%)
Reads written (passing filters):    59,966,791 (100.0%)

Total basepairs processed: 8,995,018,650 bp
Quality-trimmed:              21,190,156 bp (0.2%)
Total written (filtered):  8,692,794,198 bp (96.6%)

=== Adapter 1 ===

Sequence: AGATCGGAAGAGC; Type: regular 3'; Length: 13; Trimmed: 28495253 times

Minimum overlap: 1
No. of allowed errors:
1-9 bp: 0; 10-13 bp: 1

Bases preceding removed adapters:
  A: 28.4%
  C: 24.6%
  G: 25.3%
  T: 21.6%
  none/other: 0.1%

Overview of removed sequences
length	count	expect	max.err	error counts
1	14369306	14991697.8	0	14369306
2	3420173	3747924.4	0	3420173
3	1157251	936981.1	0	1157251
4	488864	234245.3	0	488864
5	311956	58561.3	0	311956
6	261935	14640.3	0	261935
7	262159	3660.1	0	262159
8	247502	915.0	0	247502
9	230025	228.8	0	229047 978
10	228981	57.2	1	224907 4074
11	219803	14.3	1	215957 3846
12	229699	3.6	1	224909 4790
13	219521	0.9	1	215571 3950
14	223815	0.9	1	218751 5064
15	253735	0.9	1	248021 5714
16	218842	0.9	1	214229 4613
17	223678	0.9	1	217818 5860
18	226194	0.9	1	220182 6012
19	237114	0.9	1	230262 6852
20	214664	0.9	1	209395 5269
21	184780	0.9	1	180275 4505
22	186622	0.9	1	182097 4525
23	210255	0.9	1	205172 5083
24	207001	0.9	1	201175 5826
25	193902	0.9	1	189142 4760
26	188547	0.9	1	183679 4868
27	204865	0.9	1	199491 5374
28	163161	0.9	1	159219 3942
29	169196	0.9	1	165243 3953
30	156277	0.9	1	152752 3525
31	146035	0.9	1	143228 2807
32	150119	0.9	1	146995 3124
33	170265	0.9	1	166582 3683
34	135388	0.9	1	132439 2949
35	146364	0.9	1	143262 3102
36	238292	0.9	1	233584 4708
37	84283	0.9	1	82015 2268
38	185616	0.9	1	182535 3081
39	87761	0.9	1	85744 2017
40	138740	0.9	1	136512 2228
41	79132	0.9	1	77451 1681
42	98779	0.9	1	96970 1809
43	110981	0.9	1	108907 2074
44	89147	0.9	1	87307 1840
45	140502	0.9	1	137945 2557
46	75651	0.9	1	73936 1715
47	71716	0.9	1	70190 1526
48	110001	0.9	1	108088 1913
49	66360	0.9	1	65029 1331
50	66841	0.9	1	65463 1378
51	66463	0.9	1	65110 1353
52	74802	0.9	1	73390 1412
53	46169	0.9	1	45202 967
54	59636	0.9	1	58488 1148
55	56090	0.9	1	55013 1077
56	45356	0.9	1	44493 863
57	56263	0.9	1	55097 1166
58	63779	0.9	1	62720 1059
59	38220	0.9	1	37449 771
60	35547	0.9	1	34917 630
61	29869	0.9	1	29322 547
62	41398	0.9	1	40786 612
63	19199	0.9	1	18781 418
64	35371	0.9	1	34909 462
65	16884	0.9	1	16534 350
66	21225	0.9	1	20833 392
67	23703	0.9	1	23326 377
68	15930	0.9	1	15625 305
69	11419	0.9	1	11171 248
70	22108	0.9	1	21783 325
71	4232	0.9	1	4065 167
72	10442	0.9	1	10238 204
73	10754	0.9	1	10537 217
74	10894	0.9	1	10693 201
75	10858	0.9	1	10684 174
76	3243	0.9	1	3109 134
77	5782	0.9	1	5672 110
78	6621	0.9	1	6477 144
79	6143	0.9	1	5984 159
80	5342	0.9	1	5222 120
81	4774	0.9	1	4651 123
82	4372	0.9	1	4265 107
83	3800	0.9	1	3681 119
84	3470	0.9	1	3365 105
85	3165	0.9	1	3048 117
86	3042	0.9	1	2977 65
87	2895	0.9	1	2801 94
88	2560	0.9	1	2491 69
89	2437	0.9	1	2373 64
90	2329	0.9	1	2258 71
91	2096	0.9	1	2017 79
92	1965	0.9	1	1909 56
93	1663	0.9	1	1599 64
94	1434	0.9	1	1389 45
95	1263	0.9	1	1217 46
96	1238	0.9	1	1197 41
97	1175	0.9	1	1113 62
98	1046	0.9	1	1004 42
99	1144	0.9	1	1076 68
100	985	0.9	1	935 50
101	891	0.9	1	860 31
102	725	0.9	1	685 40
103	713	0.9	1	678 35
104	620	0.9	1	585 35
105	603	0.9	1	564 39
106	557	0.9	1	517 40
107	623	0.9	1	588 35
108	637	0.9	1	571 66
109	473	0.9	1	441 32
110	509	0.9	1	463 46
111	411	0.9	1	385 26
112	401	0.9	1	360 41
113	367	0.9	1	325 42
114	369	0.9	1	333 36
115	372	0.9	1	328 44
116	335	0.9	1	293 42
117	314	0.9	1	279 35
118	326	0.9	1	270 56
119	326	0.9	1	269 57
120	585	0.9	1	465 120
121	782	0.9	1	570 212
122	447	0.9	1	385 62
123	216	0.9	1	186 30
124	173	0.9	1	152 21
125	168	0.9	1	143 25
126	169	0.9	1	139 30
127	164	0.9	1	145 19
128	222	0.9	1	166 56
129	263	0.9	1	187 76
130	1437	0.9	1	1114 323
131	58053	0.9	1	53642 4411
132	317	0.9	1	285 32
133	209	0.9	1	184 25
134	252	0.9	1	239 13
135	196	0.9	1	188 8
136	170	0.9	1	163 7
137	198	0.9	1	186 12
138	327	0.9	1	320 7
139	253	0.9	1	240 13
140	271	0.9	1	264 7
141	542	0.9	1	528 14
142	340	0.9	1	329 11
143	575	0.9	1	564 11
144	588	0.9	1	575 13
145	623	0.9	1	600 23
146	963	0.9	1	942 21
147	916	0.9	1	878 38
148	490	0.9	1	469 21
149	332	0.9	1	216 116
150	13049	0.9	1	9143 3906

RUN STATISTICS FOR INPUT FILE: /vortexfs1/omics/tepolt/raw_reads/C_maenas/Cm_yrv_2023/5-181_R2_001.fastq.gz
=============================================
59966791 sequences processed in total

Total number of sequences analysed for the sequence pair length validation: 59966791

Number of sequence pairs removed because at least one read was shorter than the length cutoff (20 bp): 670511 (1.12%)
