
SUMMARISING RUN PARAMETERS
==========================
Input filename: /vortexfs1/omics/tepolt/raw_reads/C_maenas/Cm_yrv_2023/5-182_R2_001.fastq.gz
Trimming mode: paired-end
Trim Galore version: 0.6.6
Cutadapt version: 3.5
Python version: could not detect
Number of cores used for trimming: 8
Quality Phred score cutoff: 20
Quality encoding type selected: ASCII+33
Adapter sequence: 'AGATCGGAAGAGC' (Illumina TruSeq, Sanger iPCR; user defined)
Maximum trimming error rate: 0.1 (default)
Minimum required adapter overlap (stringency): 1 bp
Minimum required sequence length for both reads before a sequence pair gets removed: 20 bp
Running FastQC on the data once trimming has completed
Running FastQC with the following extra arguments: --outdir /vortexfs1/scratch/yaamini.venkataraman/wc-green-crab/output/06b-trimgalore     --threads 28
Output file will be GZIP compressed


This is cutadapt 3.5 with Python 3.9.5
Command line parameters: -j 8 -e 0.1 -q 20 -O 1 -a AGATCGGAAGAGC /vortexfs1/omics/tepolt/raw_reads/C_maenas/Cm_yrv_2023/5-182_R2_001.fastq.gz
Processing reads on 8 cores in single-end mode ...
Finished in 86.06 s (2 µs/read; 24.60 M reads/minute).

=== Summary ===

Total reads processed:              35,284,655
Reads with adapters:                15,639,137 (44.3%)
Reads written (passing filters):    35,284,655 (100.0%)

Total basepairs processed: 5,292,698,250 bp
Quality-trimmed:              15,603,299 bp (0.3%)
Total written (filtered):  5,139,098,650 bp (97.1%)

=== Adapter 1 ===

Sequence: AGATCGGAAGAGC; Type: regular 3'; Length: 13; Trimmed: 15639137 times

Minimum overlap: 1
No. of allowed errors:
1-9 bp: 0; 10-13 bp: 1

Bases preceding removed adapters:
  A: 27.5%
  C: 26.8%
  G: 24.8%
  T: 20.9%
  none/other: 0.1%

Overview of removed sequences
length	count	expect	max.err	error counts
1	8238390	8821163.8	0	8238390
2	2132910	2205290.9	0	2132910
3	715925	551322.7	0	715925
4	277493	137830.7	0	277493
5	173265	34457.7	0	173265
6	141436	8614.4	0	141436
7	138399	2153.6	0	138399
8	128225	538.4	0	128225
9	123619	134.6	0	122996 623
10	123238	33.7	1	120502 2736
11	119238	8.4	1	116468 2770
12	121210	2.1	1	118099 3111
13	116128	0.5	1	113669 2459
14	116833	0.5	1	113708 3125
15	125938	0.5	1	122745 3193
16	109467	0.5	1	106851 2616
17	112078	0.5	1	108766 3312
18	107562	0.5	1	104436 3126
19	114814	0.5	1	111013 3801
20	107003	0.5	1	104075 2928
21	89260	0.5	1	86782 2478
22	89992	0.5	1	87546 2446
23	94892	0.5	1	92322 2570
24	98078	0.5	1	94917 3161
25	86073	0.5	1	83625 2448
26	86338	0.5	1	83896 2442
27	90669	0.5	1	88026 2643
28	73746	0.5	1	71738 2008
29	74179	0.5	1	72201 1978
30	70308	0.5	1	68569 1739
31	66353	0.5	1	64903 1450
32	66142	0.5	1	64485 1657
33	65212	0.5	1	63679 1533
34	70043	0.5	1	68092 1951
35	68663	0.5	1	67036 1627
36	52622	0.5	1	51329 1293
37	53594	0.5	1	52339 1255
38	55326	0.5	1	54025 1301
39	50988	0.5	1	49756 1232
40	50402	0.5	1	49179 1223
41	48364	0.5	1	47163 1201
42	39376	0.5	1	38467 909
43	41792	0.5	1	40791 1001
44	38766	0.5	1	37861 905
45	42494	0.5	1	41308 1186
46	34631	0.5	1	33757 874
47	32305	0.5	1	31533 772
48	35219	0.5	1	34345 874
49	28434	0.5	1	27810 624
50	25636	0.5	1	25005 631
51	24917	0.5	1	24204 713
52	24706	0.5	1	24053 653
53	20132	0.5	1	19644 488
54	20113	0.5	1	19588 525
55	20406	0.5	1	19857 549
56	17336	0.5	1	16913 423
57	18398	0.5	1	17873 525
58	19539	0.5	1	19065 474
59	12927	0.5	1	12584 343
60	13724	0.5	1	13443 281
61	12027	0.5	1	11740 287
62	11373	0.5	1	11124 249
63	8997	0.5	1	8788 209
64	10739	0.5	1	10494 245
65	7763	0.5	1	7601 162
66	7837	0.5	1	7656 181
67	7563	0.5	1	7360 203
68	6617	0.5	1	6441 176
69	5261	0.5	1	5122 139
70	7184	0.5	1	6989 195
71	3280	0.5	1	3179 101
72	4062	0.5	1	3934 128
73	4464	0.5	1	4359 105
74	4015	0.5	1	3906 109
75	3938	0.5	1	3862 76
76	1168	0.5	1	1121 47
77	2683	0.5	1	2604 79
78	2605	0.5	1	2525 80
79	2395	0.5	1	2325 70
80	2407	0.5	1	2275 132
81	2320	0.5	1	2116 204
82	2405	0.5	1	2095 310
83	2804	0.5	1	2227 577
84	1792	0.5	1	1632 160
85	1658	0.5	1	1458 200
86	1467	0.5	1	1362 105
87	1485	0.5	1	1423 62
88	1244	0.5	1	1190 54
89	1203	0.5	1	1153 50
90	1144	0.5	1	1097 47
91	990	0.5	1	940 50
92	1033	0.5	1	977 56
93	920	0.5	1	846 74
94	792	0.5	1	740 52
95	702	0.5	1	656 46
96	626	0.5	1	601 25
97	649	0.5	1	599 50
98	651	0.5	1	618 33
99	697	0.5	1	644 53
100	621	0.5	1	582 39
101	570	0.5	1	523 47
102	596	0.5	1	551 45
103	491	0.5	1	452 39
104	456	0.5	1	429 27
105	426	0.5	1	394 32
106	437	0.5	1	391 46
107	684	0.5	1	628 56
108	752	0.5	1	636 116
109	404	0.5	1	371 33
110	448	0.5	1	401 47
111	406	0.5	1	374 32
112	445	0.5	1	389 56
113	379	0.5	1	343 36
114	840	0.5	1	776 64
115	462	0.5	1	398 64
116	513	0.5	1	423 90
117	458	0.5	1	364 94
118	433	0.5	1	373 60
119	485	0.5	1	400 85
120	979	0.5	1	782 197
121	1215	0.5	1	962 253
122	782	0.5	1	667 115
123	281	0.5	1	231 50
124	187	0.5	1	152 35
125	145	0.5	1	114 31
126	171	0.5	1	140 31
127	196	0.5	1	141 55
128	353	0.5	1	233 120
129	389	0.5	1	274 115
130	3181	0.5	1	2496 685
131	109502	0.5	1	100071 9431
132	688	0.5	1	638 50
133	223	0.5	1	200 23
134	247	0.5	1	232 15
135	217	0.5	1	198 19
136	136	0.5	1	120 16
137	146	0.5	1	133 13
138	198	0.5	1	192 6
139	171	0.5	1	156 15
140	171	0.5	1	167 4
141	301	0.5	1	292 9
142	185	0.5	1	180 5
143	286	0.5	1	274 12
144	340	0.5	1	327 13
145	339	0.5	1	326 13
146	420	0.5	1	395 25
147	424	0.5	1	382 42
148	344	0.5	1	326 18
149	384	0.5	1	253 131
150	10004	0.5	1	8709 1295

RUN STATISTICS FOR INPUT FILE: /vortexfs1/omics/tepolt/raw_reads/C_maenas/Cm_yrv_2023/5-182_R2_001.fastq.gz
=============================================
35284655 sequences processed in total

Total number of sequences analysed for the sequence pair length validation: 35284655

Number of sequence pairs removed because at least one read was shorter than the length cutoff (20 bp): 527309 (1.49%)
