
SUMMARISING RUN PARAMETERS
==========================
Input filename: /vortexfs1/omics/tepolt/raw_reads/C_maenas/Cm_yrv_2023/5-187_R1_001.fastq.gz
Trimming mode: paired-end
Trim Galore version: 0.6.6
Cutadapt version: 3.5
Python version: could not detect
Number of cores used for trimming: 8
Quality Phred score cutoff: 20
Quality encoding type selected: ASCII+33
Adapter sequence: 'AGATCGGAAGAGC' (Illumina TruSeq, Sanger iPCR; user defined)
Maximum trimming error rate: 0.1 (default)
Minimum required adapter overlap (stringency): 1 bp
Minimum required sequence length for both reads before a sequence pair gets removed: 20 bp
Running FastQC on the data once trimming has completed
Running FastQC with the following extra arguments: --outdir /vortexfs1/scratch/yaamini.venkataraman/wc-green-crab/output/06b-trimgalore     --threads 28
Output file will be GZIP compressed


This is cutadapt 3.5 with Python 3.9.5
Command line parameters: -j 8 -e 0.1 -q 20 -O 1 -a AGATCGGAAGAGC /vortexfs1/omics/tepolt/raw_reads/C_maenas/Cm_yrv_2023/5-187_R1_001.fastq.gz
Processing reads on 8 cores in single-end mode ...
Finished in 152.79 s (2 µs/read; 28.28 M reads/minute).

=== Summary ===

Total reads processed:              72,023,981
Reads with adapters:                35,204,148 (48.9%)
Reads written (passing filters):    72,023,981 (100.0%)

Total basepairs processed: 10,803,597,150 bp
Quality-trimmed:              20,527,828 bp (0.2%)
Total written (filtered):  10,170,860,903 bp (94.1%)

=== Adapter 1 ===

Sequence: AGATCGGAAGAGC; Type: regular 3'; Length: 13; Trimmed: 35204148 times

Minimum overlap: 1
No. of allowed errors:
1-9 bp: 0; 10-13 bp: 1

Bases preceding removed adapters:
  A: 22.2%
  C: 25.9%
  G: 22.8%
  T: 27.0%
  none/other: 2.1%

Overview of removed sequences
length	count	expect	max.err	error counts
1	15165857	18005995.2	0	15165857
2	3749202	4501498.8	0	3749202
3	1598042	1125374.7	0	1598042
4	498293	281343.7	0	498293
5	338252	70335.9	0	338252
6	279675	17584.0	0	279675
7	270706	4396.0	0	270706
8	254385	1099.0	0	254385
9	247477	274.7	0	245667 1810
10	246498	68.7	1	241331 5167
11	245043	17.2	1	240000 5043
12	251639	4.3	1	246190 5449
13	260209	1.1	1	254095 6114
14	257870	1.1	1	252096 5774
15	291030	1.1	1	283966 7064
16	259442	1.1	1	253379 6063
17	255352	1.1	1	249168 6184
18	248641	1.1	1	243160 5481
19	245084	1.1	1	239474 5610
20	240998	1.1	1	235256 5742
21	229491	1.1	1	223777 5714
22	228703	1.1	1	223694 5009
23	245537	1.1	1	239751 5786
24	238060	1.1	1	232653 5407
25	246798	1.1	1	240983 5815
26	230312	1.1	1	224835 5477
27	221139	1.1	1	215703 5436
28	216155	1.1	1	210830 5325
29	203270	1.1	1	198602 4668
30	194978	1.1	1	190664 4314
31	196725	1.1	1	192139 4586
32	199750	1.1	1	194842 4908
33	199439	1.1	1	194528 4911
34	202179	1.1	1	197174 5005
35	204742	1.1	1	199510 5232
36	207975	1.1	1	202700 5275
37	194932	1.1	1	190174 4758
38	197888	1.1	1	192832 5056
39	184315	1.1	1	179734 4581
40	181638	1.1	1	176981 4657
41	174179	1.1	1	169525 4654
42	172031	1.1	1	167204 4827
43	175197	1.1	1	169676 5521
44	240403	1.1	1	233202 7201
45	176889	1.1	1	171611 5278
46	238004	1.1	1	233808 4196
47	110292	1.1	1	102750 7542
48	588904	1.1	1	581212 7692
49	194344	1.1	1	190424 3920
50	54549	1.1	1	51849 2700
51	161738	1.1	1	158988 2750
52	145329	1.1	1	143167 2162
53	63514	1.1	1	60865 2649
54	208550	1.1	1	206719 1831
55	46853	1.1	1	44840 2013
56	117753	1.1	1	116167 1586
57	74176	1.1	1	72389 1787
58	99122	1.1	1	95669 3453
59	267575	1.1	1	265099 2476
60	70760	1.1	1	67912 2848
61	164789	1.1	1	163329 1460
62	15614	1.1	1	14584 1030
63	27141	1.1	1	26107 1034
64	75693	1.1	1	73105 2588
65	218382	1.1	1	216816 1566
66	13153	1.1	1	12217 936
67	8995	1.1	1	8155 840
68	61151	1.1	1	59968 1183
69	65024	1.1	1	63789 1235
70	69518	1.1	1	68368 1150
71	53083	1.1	1	52398 685
72	21859	1.1	1	21347 512
73	18755	1.1	1	18053 702
74	46208	1.1	1	45325 883
75	53731	1.1	1	52720 1011
76	53926	1.1	1	52928 998
77	51679	1.1	1	50614 1065
78	48528	1.1	1	47471 1057
79	45697	1.1	1	44726 971
80	41103	1.1	1	40242 861
81	37347	1.1	1	36461 886
82	34553	1.1	1	33783 770
83	30821	1.1	1	30131 690
84	28599	1.1	1	27991 608
85	27972	1.1	1	27391 581
86	27869	1.1	1	27227 642
87	27937	1.1	1	27331 606
88	24721	1.1	1	24168 553
89	22447	1.1	1	21899 548
90	19889	1.1	1	19480 409
91	18668	1.1	1	18238 430
92	16883	1.1	1	16561 322
93	14082	1.1	1	13756 326
94	13736	1.1	1	13401 335
95	11811	1.1	1	11555 256
96	11236	1.1	1	10992 244
97	11038	1.1	1	10821 217
98	10369	1.1	1	10105 264
99	9392	1.1	1	9202 190
100	8203	1.1	1	8020 183
101	6934	1.1	1	6766 168
102	5871	1.1	1	5738 133
103	5702	1.1	1	5553 149
104	4769	1.1	1	4657 112
105	4713	1.1	1	4586 127
106	4621	1.1	1	4499 122
107	4644	1.1	1	4540 104
108	4097	1.1	1	3978 119
109	3735	1.1	1	3620 115
110	3268	1.1	1	3162 106
111	2789	1.1	1	2646 143
112	2378	1.1	1	2257 121
113	1985	1.1	1	1866 119
114	1971	1.1	1	1888 83
115	1515	1.1	1	1459 56
116	1555	1.1	1	1480 75
117	1375	1.1	1	1322 53
118	1416	1.1	1	1340 76
119	1268	1.1	1	1184 84
120	1073	1.1	1	1029 44
121	1020	1.1	1	965 55
122	802	1.1	1	744 58
123	612	1.1	1	567 45
124	453	1.1	1	409 44
125	371	1.1	1	318 53
126	414	1.1	1	365 49
127	395	1.1	1	324 71
128	449	1.1	1	375 74
129	403	1.1	1	325 78
130	518	1.1	1	414 104
131	902	1.1	1	808 94
132	564	1.1	1	451 113
133	447	1.1	1	355 92
134	855	1.1	1	749 106
135	676	1.1	1	570 106
136	642	1.1	1	544 98
137	720	1.1	1	619 101
138	985	1.1	1	881 104
139	893	1.1	1	743 150
140	1143	1.1	1	1019 124
141	1631	1.1	1	1466 165
142	1008	1.1	1	868 140
143	1428	1.1	1	1242 186
144	1822	1.1	1	1594 228
145	1851	1.1	1	1550 301
146	2504	1.1	1	2204 300
147	2299	1.1	1	1750 549
148	1947	1.1	1	1212 735
149	13895	1.1	1	417 13478
150	727335	1.1	1	12696 714639

RUN STATISTICS FOR INPUT FILE: /vortexfs1/omics/tepolt/raw_reads/C_maenas/Cm_yrv_2023/5-187_R1_001.fastq.gz
=============================================
72023981 sequences processed in total

