
SUMMARISING RUN PARAMETERS
==========================
Input filename: /vortexfs1/omics/tepolt/raw_reads/C_maenas/Cm_yrv_2023/5-197_R2_001.fastq.gz
Trimming mode: paired-end
Trim Galore version: 0.6.6
Cutadapt version: 3.5
Python version: could not detect
Number of cores used for trimming: 8
Quality Phred score cutoff: 20
Quality encoding type selected: ASCII+33
Adapter sequence: 'AGATCGGAAGAGC' (Illumina TruSeq, Sanger iPCR; user defined)
Maximum trimming error rate: 0.1 (default)
Minimum required adapter overlap (stringency): 1 bp
Minimum required sequence length for both reads before a sequence pair gets removed: 20 bp
Running FastQC on the data once trimming has completed
Running FastQC with the following extra arguments: --outdir /vortexfs1/scratch/yaamini.venkataraman/wc-green-crab/output/06b-trimgalore     --threads 28
Output file will be GZIP compressed


This is cutadapt 3.5 with Python 3.9.5
Command line parameters: -j 8 -e 0.1 -q 20 -O 1 -a AGATCGGAAGAGC /vortexfs1/omics/tepolt/raw_reads/C_maenas/Cm_yrv_2023/5-197_R2_001.fastq.gz
Processing reads on 8 cores in single-end mode ...
Finished in 131.57 s (2 µs/read; 25.15 M reads/minute).

=== Summary ===

Total reads processed:              55,144,921
Reads with adapters:                27,868,634 (50.5%)
Reads written (passing filters):    55,144,921 (100.0%)

Total basepairs processed: 8,271,738,150 bp
Quality-trimmed:              26,040,261 bp (0.3%)
Total written (filtered):  7,783,348,163 bp (94.1%)

=== Adapter 1 ===

Sequence: AGATCGGAAGAGC; Type: regular 3'; Length: 13; Trimmed: 27868634 times

Minimum overlap: 1
No. of allowed errors:
1-9 bp: 0; 10-13 bp: 1

Bases preceding removed adapters:
  A: 23.2%
  C: 31.3%
  G: 26.9%
  T: 18.5%
  none/other: 0.1%

Overview of removed sequences
length	count	expect	max.err	error counts
1	10981805	13786230.2	0	10981805
2	3016649	3446557.6	0	3016649
3	1080308	861639.4	0	1080308
4	462323	215409.8	0	462323
5	316238	53852.5	0	316238
6	276951	13463.1	0	276951
7	273740	3365.8	0	273740
8	261552	841.4	0	261552
9	257052	210.4	0	256009 1043
10	263004	52.6	1	257741 5263
11	259459	13.1	1	254245 5214
12	263631	3.3	1	257485 6146
13	258479	0.8	1	253099 5380
14	263678	0.8	1	257220 6458
15	278802	0.8	1	271915 6887
16	246339	0.8	1	240511 5828
17	254561	0.8	1	247497 7064
18	250981	0.8	1	244027 6954
19	265873	0.8	1	257793 8080
20	253890	0.8	1	247262 6628
21	217939	0.8	1	212395 5544
22	223113	0.8	1	217353 5760
23	231118	0.8	1	225165 5953
24	245155	0.8	1	237846 7309
25	219288	0.8	1	213572 5716
26	223604	0.8	1	217632 5972
27	242263	0.8	1	235531 6732
28	194846	0.8	1	189997 4849
29	204825	0.8	1	200008 4817
30	193441	0.8	1	188988 4453
31	192622	0.8	1	188402 4220
32	193587	0.8	1	189277 4310
33	228663	0.8	1	223246 5417
34	185465	0.8	1	181218 4247
35	183148	0.8	1	179201 3947
36	162579	0.8	1	159356 3223
37	175532	0.8	1	171800 3732
38	174653	0.8	1	170966 3687
39	170948	0.8	1	167145 3803
40	166983	0.8	1	163254 3729
41	144274	0.8	1	141350 2924
42	150252	0.8	1	147001 3251
43	152684	0.8	1	149114 3570
44	139519	0.8	1	136663 2856
45	159859	0.8	1	155860 3999
46	132254	0.8	1	129272 2982
47	125852	0.8	1	123189 2663
48	139012	0.8	1	135976 3036
49	118096	0.8	1	115576 2520
50	111595	0.8	1	109175 2420
51	111074	0.8	1	108514 2560
52	115132	0.8	1	112413 2719
53	96630	0.8	1	94692 1938
54	102055	0.8	1	99775 2280
55	102619	0.8	1	100310 2309
56	93495	0.8	1	91511 1984
57	99655	0.8	1	97379 2276
58	109634	0.8	1	107194 2440
59	82819	0.8	1	81009 1810
60	88757	0.8	1	87158 1599
61	72116	0.8	1	70769 1347
62	72919	0.8	1	71474 1445
63	64598	0.8	1	63395 1203
64	77146	0.8	1	75723 1423
65	56495	0.8	1	55449 1046
66	61674	0.8	1	60568 1106
67	60282	0.8	1	59133 1149
68	54148	0.8	1	53173 975
69	45134	0.8	1	44275 859
70	61912	0.8	1	60789 1123
71	29670	0.8	1	29015 655
72	38842	0.8	1	38122 720
73	41145	0.8	1	40363 782
74	41462	0.8	1	40693 769
75	43363	0.8	1	42735 628
76	12558	0.8	1	12161 397
77	28877	0.8	1	28385 492
78	28922	0.8	1	28334 588
79	27435	0.8	1	26910 525
80	25343	0.8	1	24782 561
81	23613	0.8	1	23052 561
82	22065	0.8	1	21432 633
83	19829	0.8	1	19239 590
84	18002	0.8	1	17570 432
85	16633	0.8	1	16173 460
86	16255	0.8	1	15803 452
87	15438	0.8	1	15054 384
88	15063	0.8	1	14750 313
89	13692	0.8	1	13401 291
90	12444	0.8	1	12165 279
91	11432	0.8	1	11182 250
92	10401	0.8	1	10174 227
93	8776	0.8	1	8568 208
94	7838	0.8	1	7673 165
95	6950	0.8	1	6791 159
96	6312	0.8	1	6158 154
97	6022	0.8	1	5864 158
98	5735	0.8	1	5580 155
99	5456	0.8	1	5301 155
100	4971	0.8	1	4833 138
101	4259	0.8	1	4130 129
102	4029	0.8	1	3890 139
103	3459	0.8	1	3346 113
104	2866	0.8	1	2755 111
105	2734	0.8	1	2609 125
106	2442	0.8	1	2336 106
107	2923	0.8	1	2777 146
108	2796	0.8	1	2521 275
109	1922	0.8	1	1810 112
110	1918	0.8	1	1796 122
111	1615	0.8	1	1511 104
112	1496	0.8	1	1388 108
113	1351	0.8	1	1232 119
114	1457	0.8	1	1306 151
115	1314	0.8	1	1137 177
116	1283	0.8	1	1089 194
117	1376	0.8	1	1158 218
118	1208	0.8	1	1028 180
119	1341	0.8	1	1125 216
120	2099	0.8	1	1681 418
121	3001	0.8	1	2075 926
122	1590	0.8	1	1374 216
123	721	0.8	1	627 94
124	466	0.8	1	399 67
125	462	0.8	1	375 87
126	565	0.8	1	441 124
127	621	0.8	1	491 130
128	1164	0.8	1	793 371
129	1358	0.8	1	947 411
130	10431	0.8	1	7959 2472
131	380655	0.8	1	348581 32074
132	1998	0.8	1	1828 170
133	766	0.8	1	671 95
134	867	0.8	1	838 29
135	714	0.8	1	677 37
136	318	0.8	1	309 9
137	374	0.8	1	360 14
138	936	0.8	1	914 22
139	428	0.8	1	405 23
140	457	0.8	1	445 12
141	967	0.8	1	944 23
142	530	0.8	1	514 16
143	780	0.8	1	755 25
144	791	0.8	1	773 18
145	678	0.8	1	657 21
146	999	0.8	1	955 44
147	867	0.8	1	808 59
148	905	0.8	1	862 43
149	1029	0.8	1	622 407
150	27986	0.8	1	21245 6741

RUN STATISTICS FOR INPUT FILE: /vortexfs1/omics/tepolt/raw_reads/C_maenas/Cm_yrv_2023/5-197_R2_001.fastq.gz
=============================================
55144921 sequences processed in total

Total number of sequences analysed for the sequence pair length validation: 55144921

Number of sequence pairs removed because at least one read was shorter than the length cutoff (20 bp): 1403239 (2.54%)
