
SUMMARISING RUN PARAMETERS
==========================
Input filename: /vortexfs1/omics/tepolt/raw_reads/C_maenas/Cm_yrv_2023/5-197_R1_001.fastq.gz
Trimming mode: paired-end
Trim Galore version: 0.6.6
Cutadapt version: 3.5
Python version: could not detect
Number of cores used for trimming: 8
Quality Phred score cutoff: 20
Quality encoding type selected: ASCII+33
Adapter sequence: 'AGATCGGAAGAGC' (Illumina TruSeq, Sanger iPCR; user defined)
Maximum trimming error rate: 0.1 (default)
Minimum required adapter overlap (stringency): 1 bp
Minimum required sequence length for both reads before a sequence pair gets removed: 20 bp
Running FastQC on the data once trimming has completed
Running FastQC with the following extra arguments: --outdir /vortexfs1/scratch/yaamini.venkataraman/wc-green-crab/output/06b-trimgalore     --threads 28
Output file will be GZIP compressed


This is cutadapt 3.5 with Python 3.9.5
Command line parameters: -j 8 -e 0.1 -q 20 -O 1 -a AGATCGGAAGAGC /vortexfs1/omics/tepolt/raw_reads/C_maenas/Cm_yrv_2023/5-197_R1_001.fastq.gz
Processing reads on 8 cores in single-end mode ...
Finished in 127.18 s (2 µs/read; 26.02 M reads/minute).

=== Summary ===

Total reads processed:              55,144,921
Reads with adapters:                28,282,712 (51.3%)
Reads written (passing filters):    55,144,921 (100.0%)

Total basepairs processed: 8,271,738,150 bp
Quality-trimmed:              23,058,508 bp (0.3%)
Total written (filtered):  7,654,627,195 bp (92.5%)

=== Adapter 1 ===

Sequence: AGATCGGAAGAGC; Type: regular 3'; Length: 13; Trimmed: 28282712 times

Minimum overlap: 1
No. of allowed errors:
1-9 bp: 0; 10-13 bp: 1

Bases preceding removed adapters:
  A: 20.1%
  C: 29.3%
  G: 22.8%
  T: 24.4%
  none/other: 3.4%

Overview of removed sequences
length	count	expect	max.err	error counts
1	10426109	13786230.2	0	10426109
2	2881760	3446557.6	0	2881760
3	1194749	861639.4	0	1194749
4	440195	215409.8	0	440195
5	315833	53852.5	0	315833
6	274727	13463.1	0	274727
7	273078	3365.8	0	273078
8	261817	841.4	0	261817
9	259562	210.4	0	257759 1803
10	262304	52.6	1	257289 5015
11	260809	13.1	1	255815 4994
12	259503	3.3	1	254315 5188
13	263264	0.8	1	257621 5643
14	263170	0.8	1	257573 5597
15	273116	0.8	1	266905 6211
16	257931	0.8	1	252263 5668
17	252382	0.8	1	246426 5956
18	250409	0.8	1	245355 5054
19	254951	0.8	1	249417 5534
20	238505	0.8	1	233351 5154
21	235947	0.8	1	230446 5501
22	230911	0.8	1	226235 4676
23	232618	0.8	1	227562 5056
24	229325	0.8	1	224391 4934
25	231404	0.8	1	226218 5186
26	224316	0.8	1	219417 4899
27	217348	0.8	1	212311 5037
28	214440	0.8	1	209242 5198
29	203426	0.8	1	199072 4354
30	196839	0.8	1	192715 4124
31	198023	0.8	1	193708 4315
32	198840	0.8	1	194037 4803
33	192811	0.8	1	188519 4292
34	188508	0.8	1	184121 4387
35	186104	0.8	1	181459 4645
36	183435	0.8	1	179015 4420
37	179947	0.8	1	175801 4146
38	175636	0.8	1	171487 4149
39	169803	0.8	1	165551 4252
40	164742	0.8	1	160773 3969
41	160005	0.8	1	155852 4153
42	158354	0.8	1	153974 4380
43	152644	0.8	1	147978 4666
44	218677	0.8	1	212656 6021
45	132980	0.8	1	128947 4033
46	185526	0.8	1	181794 3732
47	116477	0.8	1	107352 9125
48	965556	0.8	1	957486 8070
49	190512	0.8	1	184680 5832
50	156887	0.8	1	154608 2279
51	46509	0.8	1	44427 2082
52	144965	0.8	1	143705 1260
53	18147	0.8	1	17252 895
54	40725	0.8	1	40241 484
55	11175	0.8	1	10758 417
56	14065	0.8	1	13774 291
57	6315	0.8	1	5799 516
58	35942	0.8	1	34741 1201
59	101492	0.8	1	100491 1001
60	14286	0.8	1	13249 1037
61	50009	0.8	1	49357 652
62	8686	0.8	1	8310 376
63	4804	0.8	1	4369 435
64	36245	0.8	1	35285 960
65	88283	0.8	1	87400 883
66	22899	0.8	1	22434 465
67	5264	0.8	1	4993 271
68	8003	0.8	1	7681 322
69	19137	0.8	1	18756 381
70	23407	0.8	1	22969 438
71	18732	0.8	1	18384 348
72	9833	0.8	1	9565 268
73	9830	0.8	1	9498 332
74	26872	0.8	1	26433 439
75	31195	0.8	1	30642 553
76	31411	0.8	1	30861 550
77	30448	0.8	1	29794 654
78	28769	0.8	1	28208 561
79	27488	0.8	1	26893 595
80	25531	0.8	1	24956 575
81	23916	0.8	1	23344 572
82	22555	0.8	1	22037 518
83	20194	0.8	1	19728 466
84	17968	0.8	1	17553 415
85	17339	0.8	1	16981 358
86	16651	0.8	1	16276 375
87	15531	0.8	1	15206 325
88	15022	0.8	1	14674 348
89	13722	0.8	1	13428 294
90	12568	0.8	1	12286 282
91	11500	0.8	1	11246 254
92	10653	0.8	1	10386 267
93	8934	0.8	1	8720 214
94	8054	0.8	1	7881 173
95	7118	0.8	1	6947 171
96	6479	0.8	1	6321 158
97	6186	0.8	1	6049 137
98	5965	0.8	1	5801 164
99	5456	0.8	1	5334 122
100	5097	0.8	1	4958 139
101	4379	0.8	1	4242 137
102	4186	0.8	1	4087 99
103	3596	0.8	1	3484 112
104	2972	0.8	1	2868 104
105	2808	0.8	1	2682 126
106	2512	0.8	1	2416 96
107	2937	0.8	1	2845 92
108	3020	0.8	1	2903 117
109	2006	0.8	1	1913 93
110	1980	0.8	1	1903 77
111	1696	0.8	1	1599 97
112	1574	0.8	1	1478 96
113	1463	0.8	1	1347 116
114	1529	0.8	1	1452 77
115	1424	0.8	1	1323 101
116	1401	0.8	1	1306 95
117	1478	0.8	1	1407 71
118	1282	0.8	1	1216 66
119	1439	0.8	1	1372 67
120	2295	0.8	1	2186 109
121	3631	0.8	1	3511 120
122	1662	0.8	1	1587 75
123	754	0.8	1	698 56
124	488	0.8	1	423 65
125	492	0.8	1	409 83
126	535	0.8	1	454 81
127	569	0.8	1	494 75
128	798	0.8	1	693 105
129	1074	0.8	1	928 146
130	7181	0.8	1	6666 515
131	400389	0.8	1	392958 7431
132	2123	0.8	1	1983 140
133	882	0.8	1	759 123
134	962	0.8	1	849 113
135	830	0.8	1	672 158
136	431	0.8	1	317 114
137	494	0.8	1	369 125
138	1034	0.8	1	904 130
139	563	0.8	1	413 150
140	605	0.8	1	436 169
141	1114	0.8	1	948 166
142	730	0.8	1	512 218
143	966	0.8	1	752 214
144	1020	0.8	1	758 262
145	1000	0.8	1	656 344
146	1298	0.8	1	966 332
147	1519	0.8	1	808 711
148	1844	0.8	1	857 987
149	18662	0.8	1	692 17970
150	935495	0.8	1	20869 914626

RUN STATISTICS FOR INPUT FILE: /vortexfs1/omics/tepolt/raw_reads/C_maenas/Cm_yrv_2023/5-197_R1_001.fastq.gz
=============================================
55144921 sequences processed in total

