Sample	22	27	32	37	42	47	52	57	62	67	72	77	82	87	92	97	102	107	112	117	122	127	132	137	142	147	150
15-033_R1_001_val_1_val_1	42583.0	76165.0	153910.0	75923.0	70813.0	50300.0	61821.0	72935.0	61271.0	79170.0	76856.0	95024.0	124786.0	169944.0	229190.0	296369.0	375763.0	490421.0	682014.0	840241.0	804095.0	896669.0	1009075.0	1045725.0	1236172.0	13058506.0	23556683.0
15-033_R2_001_val_2_val_2	79112.0	68201.0	51671.0	51699.0	61787.0	83332.0	127114.0	104378.0	91779.0	68898.0	87850.0	101303.0	131906.0	176689.0	226848.0	293771.0	397287.0	483765.0	603063.0	688776.0	805716.0	885162.0	1027937.0	1078456.0	1268690.0	23457849.0	13229385.0
15-091_R1_001_val_1_val_1	49375.0	59670.0	96516.0	72693.0	71776.0	66226.0	80044.0	100118.0	98223.0	134946.0	154609.0	213952.0	321810.0	442849.0	583901.0	716311.0	888732.0	1020497.0	1220417.0	1341855.0	1264848.0	1283407.0	1282093.0	1244980.0	1315073.0	10566783.0	18194728.0
15-091_R2_001_val_2_val_2	87154.0	70202.0	51816.0	57171.0	71150.0	97959.0	156960.0	129542.0	137060.0	123759.0	169607.0	222181.0	326370.0	448480.0	582868.0	717380.0	909971.0	1014067.0	1157423.0	1179206.0	1253812.0	1265984.0	1299808.0	1266442.0	1352550.0	18881087.0	9856423.0
15-092_R1_001_val_1_val_1	52791.0	70239.0	128802.0	86028.0	99723.0	87817.0	102999.0	128034.0	160396.0	209433.0	293498.0	403868.0	614568.0	831363.0	1059342.0	1280585.0	1504741.0	1635970.0	1787091.0	1846160.0	1766202.0	1785259.0	1711040.0	1607063.0	1627652.0	10245075.0	17084695.0
15-092_R2_001_val_2_val_2	96537.0	88975.0	68859.0	73023.0	80251.0	114598.0	162138.0	149695.0	187800.0	199835.0	297642.0	404231.0	615577.0	824613.0	1069454.0	1279961.0	1527313.0	1617939.0	1740589.0	1737665.0	1769301.0	1765597.0	1724899.0	1619946.0	1657284.0	17896329.0	9440383.0
15-152_R1_001_val_1_val_1	32375.0	43147.0	65248.0	53334.0	45037.0	35805.0	41114.0	53402.0	47561.0	64114.0	67259.0	85370.0	126925.0	186019.0	254527.0	328180.0	432244.0	542487.0	734630.0	884194.0	848257.0	913306.0	995063.0	1000524.0	1072563.0	8329359.0	14457011.0
15-152_R2_001_val_2_val_2	88490.0	76042.0	43837.0	41983.0	49149.0	67860.0	107798.0	80941.0	75146.0	59964.0	76131.0	94850.0	133919.0	193101.0	255256.0	331123.0	447338.0	540551.0	673877.0	749754.0	843740.0	895133.0	991015.0	1017185.0	1094707.0	14634032.0	8076133.0
15-154_R1_001_val_1_val_1	58971.0	69753.0	111991.0	99959.0	82960.0	72438.0	79124.0	102813.0	90805.0	118012.0	119503.0	150690.0	224499.0	315378.0	419689.0	517137.0	676266.0	827309.0	1067679.0	1289911.0	1257405.0	1322336.0	1401050.0	1384592.0	1548997.0	13171873.0	22257266.0
15-154_R2_001_val_2_val_2	99299.0	81909.0	57567.0	63376.0	72538.0	105634.0	178592.0	123858.0	127719.0	99511.0	129627.0	159256.0	229815.0	311041.0	418625.0	522098.0	703808.0	832135.0	1005140.0	1100178.0	1250594.0	1301192.0	1419698.0	1408035.0	1578440.0	23121512.0	12337209.0
15-161_R1_001_val_1_val_1	61221.0	69127.0	107412.0	90697.0	87163.0	78037.0	86532.0	110553.0	116443.0	156055.0	187364.0	260178.0	394983.0	561632.0	739594.0	912353.0	1132589.0	1300473.0	1522910.0	1675254.0	1585182.0	1607650.0	1606742.0	1550935.0	1608286.0	12370158.0	21043326.0
15-161_R2_001_val_2_val_2	100354.0	83817.0	60337.0	65157.0	74880.0	110612.0	177779.0	134807.0	149053.0	140980.0	198838.0	267829.0	400933.0	561257.0	740478.0	916027.0	1157790.0	1295633.0	1466939.0	1501872.0	1578566.0	1588566.0	1619456.0	1574996.0	1649300.0	21834052.0	11572541.0
25-046_R1_001_val_1_val_1	45581.0	69123.0	113679.0	64047.0	75837.0	56896.0	69735.0	76544.0	71276.0	85800.0	79088.0	102549.0	137327.0	181514.0	253565.0	322047.0	421291.0	536425.0	702403.0	855691.0	848433.0	940717.0	1019702.0	1054012.0	1214062.0	12103557.0	21672688.0
25-046_R2_001_val_2_val_2	82558.0	70208.0	53148.0	52828.0	58097.0	82418.0	123670.0	93579.0	92666.0	72689.0	91302.0	103030.0	138159.0	186250.0	249483.0	321517.0	439400.0	528516.0	652174.0	725796.0	844721.0	926482.0	1038207.0	1078238.0	1252956.0	21797793.0	12017704.0
25-047_R1_001_val_1_val_1	34482.0	49630.0	75816.0	89507.0	137172.0	192500.0	295332.0	385328.0	471521.0	504276.0	571699.0	597400.0	696699.0	728461.0	748164.0	725137.0	749564.0	736852.0	751166.0	764743.0	691166.0	681284.0	666744.0	632742.0	630235.0	4543030.0	8357973.0
25-047_R2_001_val_2_val_2	56846.0	61198.0	59302.0	83005.0	132032.0	205979.0	333533.0	395324.0	487588.0	502072.0	574395.0	600027.0	696817.0	729770.0	747457.0	722278.0	755382.0	730011.0	731205.0	701468.0	687749.0	672707.0	667965.0	638684.0	644658.0	8089958.0	4801213.0
25-048_R1_001_val_1_val_1	30093.0	44941.0	68569.0	42580.0	47487.0	37457.0	41164.0	49624.0	44151.0	52219.0	45448.0	58347.0	69230.0	83953.0	114725.0	144330.0	190016.0	250075.0	330471.0	423480.0	441155.0	495471.0	550260.0	588986.0	699926.0	7919428.0	14094105.0
25-048_R2_001_val_2_val_2	51093.0	50496.0	38107.0	38860.0	35732.0	46935.0	66333.0	50969.0	52836.0	42955.0	50513.0	54218.0	67569.0	88355.0	113496.0	146615.0	202734.0	252192.0	316562.0	369624.0	436700.0	488307.0	562787.0	602091.0	726447.0	13977199.0	8027966.0
25-049_R1_001_val_1_val_1	37027.0	50139.0	82080.0	66236.0	57511.0	43297.0	50147.0	66285.0	54464.0	71836.0	68827.0	83624.0	116616.0	168537.0	223520.0	282895.0	365485.0	466458.0	682286.0	862837.0	763004.0	833814.0	928115.0	939292.0	1092305.0	10519629.0	18147153.0
25-049_R2_001_val_2_val_2	114143.0	89550.0	52075.0	50008.0	62946.0	90329.0	147752.0	110120.0	91194.0	66452.0	84870.0	97932.0	127221.0	177774.0	226128.0	287623.0	389701.0	465444.0	581829.0	653559.0	753719.0	808765.0	933680.0	968322.0	1122303.0	18811910.0	9758070.0
25-050_R1_001_val_1_val_1	58845.0	72513.0	106418.0	76973.0	81864.0	67705.0	77531.0	92485.0	86760.0	111899.0	105034.0	133788.0	186461.0	245518.0	336606.0	421513.0	541653.0	656603.0	845709.0	1011745.0	1007525.0	1089473.0	1178966.0	1213266.0	1402009.0	14521271.0	25718665.0
25-050_R2_001_val_2_val_2	96769.0	80065.0	59951.0	64532.0	68074.0	98997.0	154497.0	107268.0	110364.0	88074.0	113996.0	133075.0	185375.0	251242.0	332417.0	422657.0	564462.0	661255.0	796908.0	873997.0	997343.0	1075331.0	1195598.0	1238826.0	1442264.0	25850935.0	14384526.0
25-051_R1_001_val_1_val_1	56542.0	66120.0	77120.0	70395.0	79412.0	93490.0	125890.0	174889.0	247959.0	319409.0	410628.0	498699.0	617622.0	727169.0	836129.0	944033.0	1042196.0	1168863.0	1261830.0	1390808.0	1385063.0	1451355.0	1484931.0	1510187.0	1538763.0	12241227.0	21768356.0
25-051_R2_001_val_2_val_2	77307.0	78302.0	57734.0	62092.0	75523.0	105445.0	172738.0	197289.0	262294.0	318379.0	416893.0	505721.0	618433.0	729156.0	838552.0	946331.0	1051816.0	1165260.0	1237274.0	1318925.0	1380821.0	1442523.0	1490504.0	1520350.0	1565184.0	21362839.0	12591400.0
25-052_R1_001_val_1_val_1	32374.0	43360.0	62590.0	49211.0	49624.0	38906.0	42042.0	52011.0	49023.0	59723.0	62406.0	74021.0	97206.0	125816.0	169778.0	213073.0	269922.0	335484.0	435778.0	543524.0	513662.0	555252.0	601786.0	604107.0	705427.0	8517792.0	15045233.0
25-052_R2_001_val_2_val_2	62997.0	49891.0	36888.0	37043.0	40936.0	58696.0	86404.0	63095.0	60023.0	49321.0	64100.0	72016.0	95245.0	128365.0	168913.0	216351.0	286372.0	339995.0	405227.0	451915.0	506602.0	546287.0	604329.0	620445.0	730254.0	15259565.0	8307856.0
25-053_R1_001_val_1_val_1	50695.0	83067.0	158784.0	97858.0	99735.0	78721.0	97973.0	126007.0	146489.0	187072.0	218067.0	277421.0	361951.0	452130.0	545523.0	609674.0	709377.0	825050.0	977600.0	1167872.0	1104322.0	1177334.0	1242202.0	1267856.0	1402313.0	13295470.0	23089917.0
25-053_R2_001_val_2_val_2	93411.0	85743.0	62722.0	63807.0	79064.0	109581.0	181088.0	149613.0	176473.0	177346.0	230709.0	280885.0	368925.0	450796.0	540260.0	604871.0	732506.0	810027.0	925779.0	999803.0	1097593.0	1161793.0	1261097.0	1299315.0	1445073.0	23367841.0	13094359.0
25-054_R1_001_val_1_val_1	55115.0	67138.0	90962.0	69674.0	72784.0	61519.0	75077.0	85936.0	86134.0	107511.0	112045.0	147241.0	206501.0	271305.0	375991.0	472326.0	605087.0	725690.0	886362.0	1026411.0	1093345.0	1183711.0	1274995.0	1321934.0	1465477.0	13310625.0	24113494.0
25-054_R2_001_val_2_val_2	82122.0	74850.0	57435.0	59388.0	58924.0	79645.0	104829.0	85069.0	99085.0	91253.0	119570.0	146778.0	206607.0	280546.0	374930.0	473993.0	620313.0	732010.0	870312.0	961368.0	1083762.0	1173610.0	1285463.0	1336656.0	1500003.0	23575244.0	13830625.0
25-055_R1_001_val_1_val_1	35873.0	43344.0	62188.0	50886.0	50422.0	41971.0	46027.0	53577.0	48834.0	57732.0	52526.0	61312.0	73959.0	87466.0	115663.0	140298.0	174473.0	220742.0	296325.0	394882.0	383854.0	420829.0	471840.0	498671.0	621997.0	9451735.0	17461848.0
25-055_R2_001_val_2_val_2	52596.0	46608.0	34488.0	36388.0	37912.0	51757.0	82560.0	57480.0	57646.0	48440.0	56754.0	59867.0	73435.0	89998.0	110280.0	140476.0	186145.0	225567.0	277409.0	321563.0	376215.0	415256.0	478401.0	517476.0	652623.0	17110446.0	9821488.0
25-056_R1_001_val_1_val_1	32548.0	56208.0	107212.0	58841.0	53906.0	38759.0	45669.0	54178.0	50154.0	62506.0	66868.0	86426.0	121710.0	173256.0	234266.0	299823.0	385433.0	492569.0	656614.0	792321.0	757415.0	825598.0	891060.0	918766.0	1024963.0	9106492.0	16025458.0
25-056_R2_001_val_2_val_2	96361.0	83258.0	49884.0	43604.0	52905.0	69203.0	102896.0	85466.0	75325.0	60832.0	79934.0	95043.0	129332.0	178854.0	233751.0	301432.0	402477.0	482757.0	591399.0	661909.0	753064.0	811628.0	901812.0	938325.0	1051797.0	16101494.0	8984277.0
25-058_R1_001_val_1_val_1	47549.0	55409.0	85821.0	65286.0	67097.0	64117.0	71689.0	91181.0	94193.0	116588.0	129958.0	174068.0	264902.0	366677.0	496643.0	611873.0	778739.0	901768.0	1088545.0	1221315.0	1168411.0	1211897.0	1235631.0	1185295.0	1257524.0	9267879.0	15660999.0
25-058_R2_001_val_2_val_2	89031.0	66427.0	49606.0	56445.0	58919.0	86417.0	143525.0	107134.0	122479.0	106118.0	141617.0	178547.0	266444.0	371909.0	495124.0	611999.0	795460.0	895942.0	1043432.0	1080451.0	1162594.0	1189584.0	1243283.0	1200406.0	1293764.0	16613125.0	8311272.0
25-059_R1_001_val_1_val_1	66121.0	101166.0	157163.0	114521.0	127078.0	117614.0	145698.0	193684.0	235465.0	326759.0	356983.0	448303.0	592816.0	730580.0	890140.0	950792.0	1101336.0	1232191.0	1439239.0	1634534.0	1587102.0	1657790.0	1720967.0	1706400.0	1832857.0	15029043.0	26355545.0
25-059_R2_001_val_2_val_2	117816.0	120699.0	90148.0	89360.0	109469.0	148350.0	250696.0	211292.0	274613.0	300074.0	370216.0	451341.0	593254.0	736238.0	881328.0	946841.0	1120034.0	1226736.0	1392121.0	1469407.0	1566687.0	1631799.0	1733872.0	1731135.0	1874839.0	26152525.0	15260997.0
25-060_R1_001_val_1_val_1	59044.0	93316.0	128762.0	133250.0	105204.0	100438.0	141523.0	215774.0	225430.0	290145.0	327507.0	385534.0	510082.0	600811.0	682206.0	741308.0	848866.0	940700.0	1097834.0	1247832.0	1214534.0	1291426.0	1345159.0	1309914.0	1498532.0	13778847.0	23281798.0
25-060_R2_001_val_2_val_2	116772.0	99714.0	73133.0	79418.0	79330.0	127931.0	199831.0	197107.0	258609.0	259947.0	334221.0	392204.0	506055.0	599782.0	680136.0	739499.0	877119.0	943274.0	1062665.0	1098222.0	1199907.0	1255540.0	1349417.0	1341983.0	1531231.0	24233351.0	12959378.0
25-109_R1_001_val_1_val_1	48345.0	58942.0	85829.0	69569.0	69696.0	60301.0	70389.0	86267.0	86591.0	110829.0	127824.0	172152.0	257360.0	358302.0	493799.0	623861.0	799477.0	949406.0	1142501.0	1295671.0	1297940.0	1365977.0	1410011.0	1389005.0	1469684.0	10869678.0	18779861.0
25-109_R2_001_val_2_val_2	84877.0	72503.0	54078.0	56915.0	59364.0	85762.0	129243.0	96798.0	112472.0	102476.0	137164.0	175397.0	259363.0	364550.0	490401.0	623236.0	815235.0	947306.0	1108310.0	1186180.0	1293212.0	1348177.0	1418931.0	1403408.0	1502480.0	19107157.0	10514272.0
25-110_R1_001_val_1_val_1	43381.0	49902.0	75049.0	67118.0	59991.0	52050.0	47675.0	58829.0	54307.0	67530.0	57482.0	61629.0	80310.0	113491.0	143616.0	177496.0	230575.0	294208.0	436773.0	623568.0	520332.0	574862.0	660476.0	673783.0	823548.0	10090726.0	17920374.0
25-110_R2_001_val_2_val_2	72124.0	57507.0	38147.0	38415.0	51917.0	81861.0	162198.0	89324.0	79018.0	54540.0	63484.0	68964.0	84691.0	107425.0	138743.0	178168.0	252223.0	298510.0	376905.0	431450.0	519336.0	565781.0	666629.0	702691.0	855172.0	18310607.0	9713251.0
25-112_R1_001_val_1_val_1	49275.0	68727.0	96606.0	69461.0	73601.0	60036.0	67869.0	81070.0	66803.0	85800.0	68386.0	79845.0	90419.0	99030.0	133646.0	156710.0	192931.0	245331.0	347321.0	456678.0	456923.0	504991.0	576206.0	617554.0	825858.0	14149881.0	25977412.0
25-112_R2_001_val_2_val_2	90057.0	74764.0	56337.0	57324.0	63121.0	84819.0	120833.0	83498.0	81217.0	65122.0	76613.0	75758.0	88114.0	106912.0	127572.0	159631.0	211504.0	253439.0	314126.0	364561.0	441184.0	492845.0	592914.0	642324.0	874672.0	25693237.0	14405872.0
25-113_R1_001_val_1_val_1	32636.0	39317.0	54899.0	43478.0	41246.0	36194.0	41331.0	46964.0	40781.0	49921.0	44270.0	53673.0	66896.0	84459.0	120932.0	157635.0	211617.0	287722.0	408701.0	543106.0	554387.0	630987.0	714508.0	762518.0	885751.0	8937635.0	16263766.0
25-113_R2_001_val_2_val_2	55407.0	48521.0	34316.0	34768.0	39286.0	52114.0	85485.0	62545.0	57862.0	45025.0	53318.0	56496.0	68535.0	89877.0	116955.0	157211.0	226366.0	288530.0	381365.0	450875.0	550663.0	623260.0	724052.0	777059.0	913273.0	15997639.0	9164527.0
25-114_R1_001_val_1_val_1	68117.0	104735.0	159015.0	115185.0	115274.0	80981.0	98926.0	126572.0	104513.0	139521.0	113625.0	134828.0	158268.0	190570.0	265309.0	315989.0	397459.0	512496.0	727504.0	938218.0	928031.0	1034457.0	1175471.0	1216317.0	1553516.0	19845127.0	34717489.0
25-114_R2_001_val_2_val_2	128810.0	109858.0	82702.0	90667.0	95924.0	137359.0	201913.0	143932.0	139287.0	113249.0	128647.0	130626.0	161061.0	203067.0	250287.0	315414.0	427074.0	517337.0	654631.0	756114.0	901753.0	994073.0	1187289.0	1257588.0	1594038.0	35455208.0	19159605.0
25-115_R1_001_val_1_val_1	40954.0	57370.0	88463.0	54192.0	57986.0	48425.0	53277.0	61554.0	58508.0	74431.0	76289.0	101466.0	145037.0	194457.0	269705.0	351119.0	455336.0	565435.0	713853.0	845643.0	850196.0	923737.0	991908.0	1022235.0	1131528.0	10285904.0	18464635.0
25-115_R2_001_val_2_val_2	64024.0	59185.0	44321.0	44129.0	48859.0	63932.0	97012.0	75371.0	76746.0	64802.0	83438.0	101635.0	142134.0	197464.0	268600.0	351165.0	468119.0	562738.0	678060.0	753106.0	850951.0	917364.0	1006541.0	1038095.0	1160710.0	18316345.0	10448797.0
25-116_R1_001_val_1_val_1	46310.0	60219.0	90927.0	61705.0	63735.0	54501.0	57304.0	66523.0	59138.0	73922.0	71471.0	83513.0	108177.0	139634.0	185714.0	243134.0	315506.0	420809.0	576053.0	756969.0	726974.0	811853.0	906082.0	969822.0	1131454.0	12359190.0	22576806.0
25-116_R2_001_val_2_val_2	80478.0	64828.0	46592.0	48729.0	61428.0	79518.0	136389.0	96883.0	86393.0	67625.0	81276.0	88390.0	108506.0	141450.0	184223.0	242269.0	331714.0	411400.0	519182.0	607323.0	724953.0	804977.0	925788.0	992120.0	1174531.0	22364048.0	12546432.0
25-117_R1_001_val_1_val_1	38959.0	56218.0	93987.0	66372.0	84836.0	83551.0	125248.0	170549.0	219936.0	256763.0	317238.0	349660.0	440244.0	466866.0	530175.0	540864.0	595697.0	631475.0	701702.0	783540.0	727768.0	755182.0	766976.0	783443.0	852895.0	9802091.0	17514106.0
25-117_R2_001_val_2_val_2	73957.0	65046.0	53386.0	58877.0	70831.0	101698.0	156802.0	171767.0	235915.0	246293.0	322067.0	349381.0	436369.0	468246.0	527724.0	543187.0	610536.0	629538.0	676237.0	696389.0	724991.0	749193.0	780561.0	799255.0	885232.0	17372308.0	9950555.0
25-119_R1_001_val_1_val_1	59858.0	92383.0	156478.0	90750.0	105224.0	91884.0	75311.0	92514.0	80613.0	94683.0	75765.0	82525.0	95509.0	127285.0	138922.0	174531.0	197230.0	293046.0	472838.0	802068.0	432365.0	466876.0	545055.0	549319.0	775186.0	15499696.0	27567007.0
25-119_R2_001_val_2_val_2	132120.0	86766.0	62040.0	55372.0	88124.0	136581.0	277277.0	156160.0	115185.0	72890.0	88091.0	91402.0	98114.0	118371.0	137742.0	172670.0	236812.0	257190.0	308617.0	360497.0	440139.0	449358.0	570182.0	616668.0	850099.0	28994225.0	14262229.0
25-120_R1_001_val_1_val_1	54655.0	84372.0	170761.0	92723.0	87616.0	68614.0	84303.0	104358.0	104952.0	140301.0	169873.0	224371.0	330090.0	461229.0	612604.0	766556.0	961585.0	1170334.0	1419393.0	1608703.0	1553027.0	1624725.0	1695521.0	1686858.0	1761474.0	13694282.0	23738987.0
25-120_R2_001_val_2_val_2	91038.0	86339.0	64990.0	65277.0	74289.0	97804.0	136215.0	131917.0	138870.0	130758.0	181261.0	232824.0	336158.0	468481.0	609267.0	766946.0	984671.0	1158852.0	1359144.0	1460870.0	1555676.0	1609905.0	1709115.0	1717640.0	1797667.0	23938073.0	13568220.0
25-167_R1_001_val_1_val_1	33203.0	43880.0	72048.0	58250.0	52042.0	39777.0	47573.0	58849.0	54370.0	69725.0	79075.0	105809.0	157664.0	238316.0	318015.0	398880.0	512902.0	632188.0	834445.0	1003459.0	920767.0	990636.0	1086774.0	1100904.0	1173101.0	9568698.0	16450460.0
25-167_R2_001_val_2_val_2	98141.0	83407.0	48726.0	44752.0	51404.0	69751.0	119122.0	92698.0	88597.0	70321.0	92950.0	115782.0	167606.0	245114.0	318395.0	404715.0	530879.0	630362.0	764919.0	834395.0	917519.0	970245.0	1081617.0	1120936.0	1201379.0	16762991.0	9175087.0
25-168_R1_001_val_1_val_1	45437.0	72275.0	122207.0	76074.0	76845.0	60105.0	68996.0	80771.0	73529.0	92368.0	80365.0	100009.0	125048.0	159599.0	200244.0	245674.0	296966.0	375801.0	499905.0	645704.0	563284.0	607128.0	664011.0	693951.0	855591.0	12608923.0	23033449.0
25-168_R2_001_val_2_val_2	82944.0	69050.0	51856.0	53220.0	66747.0	87929.0	142923.0	102020.0	95852.0	74557.0	91050.0	101660.0	125483.0	159134.0	198492.0	243864.0	316020.0	369956.0	435994.0	485379.0	558615.0	595209.0	685910.0	725702.0	899007.0	22726217.0	12979469.0
25-169_R1_001_val_1_val_1	52179.0	66198.0	99634.0	90317.0	104359.0	113773.0	156498.0	212087.0	282626.0	382422.0	532619.0	714627.0	995937.0	1267004.0	1490319.0	1595642.0	1768823.0	1834358.0	1922225.0	1938637.0	1853031.0	1774950.0	1751868.0	1631985.0	1637635.0	10571523.0	18379195.0
25-169_R2_001_val_2_val_2	89452.0	84833.0	68159.0	77623.0	94101.0	138978.0	211906.0	230138.0	306166.0	375757.0	540564.0	719526.0	994652.0	1269823.0	1489481.0	1591568.0	1777290.0	1825599.0	1888631.0	1834424.0	1845045.0	1757346.0	1758832.0	1639862.0	1663516.0	18340112.0	10607087.0
25-170_R1_001_val_1_val_1	54163.0	71827.0	105586.0	68314.0	73799.0	64769.0	70692.0	76809.0	70193.0	83449.0	79206.0	97012.0	119811.0	147420.0	204378.0	256659.0	324685.0	432223.0	575152.0	744602.0	734832.0	826447.0	925366.0	985347.0	1166435.0	14064278.0	25899192.0
25-170_R2_001_val_2_val_2	92945.0	79916.0	59277.0	58378.0	66874.0	86584.0	129199.0	97448.0	93345.0	78389.0	93712.0	98223.0	119652.0	152822.0	195529.0	253906.0	338935.0	423927.0	530246.0	616369.0	730591.0	818474.0	941652.0	1007490.0	1219884.0	25450934.0	14487945.0
25-171_R1_001_val_1_val_1	52755.0	70817.0	104601.0	69079.0	73709.0	61840.0	69696.0	85416.0	67905.0	89475.0	68011.0	76395.0	84246.0	95812.0	122544.0	138426.0	164851.0	218252.0	351520.0	503535.0	418356.0	447844.0	512617.0	536792.0	769318.0	14430621.0	26109213.0
25-171_R2_001_val_2_val_2	102246.0	71363.0	54275.0	58074.0	74829.0	107062.0	188312.0	116244.0	100504.0	69664.0	79185.0	77865.0	82905.0	102503.0	119225.0	142078.0	189238.0	222392.0	276149.0	322363.0	397649.0	429885.0	538363.0	572167.0	811668.0	26521454.0	13965984.0
25-172_R1_001_val_1_val_1	39285.0	48559.0	67731.0	55238.0	55642.0	49368.0	56227.0	65343.0	61554.0	77740.0	77318.0	99276.0	138774.0	186904.0	264227.0	344948.0	459273.0	578652.0	723164.0	853286.0	903406.0	987951.0	1057418.0	1094475.0	1192985.0	9723330.0	16795887.0
25-172_R2_001_val_2_val_2	67636.0	61401.0	45676.0	47252.0	46326.0	63525.0	84308.0	67342.0	74933.0	67551.0	86269.0	102610.0	140699.0	192972.0	261820.0	345611.0	473274.0	580000.0	710660.0	794887.0	896123.0	977906.0	1066663.0	1104336.0	1225172.0	16947873.0	9525136.0
25-174_R1_001_val_1_val_1	40579.0	55365.0	81970.0	58413.0	60804.0	49922.0	55052.0	63590.0	61004.0	83669.0	69311.0	90190.0	122223.0	166900.0	228547.0	293093.0	385814.0	484916.0	630434.0	777728.0	775118.0	851614.0	930102.0	950870.0	1079039.0	9623140.0	16665246.0
25-174_R2_001_val_2_val_2	74807.0	63906.0	45137.0	44478.0	52211.0	73374.0	112742.0	77661.0	78094.0	65098.0	78150.0	92555.0	124001.0	169889.0	227931.0	293198.0	402489.0	485377.0	595200.0	666246.0	767412.0	838104.0	939313.0	968365.0	1113297.0	17066701.0	9218917.0
25-175_R1_001_val_1_val_1	45168.0	50741.0	71872.0	55912.0	56269.0	52012.0	48695.0	54796.0	53739.0	64388.0	68696.0	74099.0	93699.0	118633.0	151413.0	188188.0	229527.0	285005.0	395950.0	570788.0	447753.0	478078.0	527954.0	540771.0	667586.0	10883612.0	19729960.0
25-175_R2_001_val_2_val_2	78996.0	57129.0	40982.0	39422.0	49837.0	68157.0	128431.0	83240.0	73550.0	56390.0	68811.0	74622.0	91730.0	119456.0	149409.0	190249.0	251153.0	288141.0	341390.0	387589.0	442594.0	472165.0	533741.0	564071.0	706649.0	19893307.0	10754093.0
25-177_R1_001_val_1_val_1	48833.0	65014.0	96558.0	71739.0	68759.0	54837.0	62811.0	78040.0	63369.0	86110.0	71025.0	79568.0	95869.0	112690.0	146888.0	177888.0	215534.0	281934.0	433254.0	588532.0	505476.0	568025.0	652740.0	685739.0	900095.0	12939188.0	22981309.0
25-177_R2_001_val_2_val_2	93586.0	69101.0	52162.0	52728.0	68199.0	97655.0	166368.0	110425.0	94569.0	71123.0	83126.0	84779.0	97212.0	119796.0	142399.0	177644.0	238154.0	283616.0	354851.0	407023.0	492476.0	548621.0	668298.0	716553.0	943091.0	23639435.0	12258834.0
25-179_R1_001_val_1_val_1	45196.0	54985.0	86198.0	72093.0	75755.0	78690.0	104575.0	145731.0	182398.0	231197.0	271420.0	324425.0	421232.0	492471.0	566676.0	608975.0	695959.0	776104.0	890927.0	1002527.0	990141.0	1028885.0	1085068.0	1079107.0	1174378.0	9892970.0	17164667.0
25-179_R2_001_val_2_val_2	75163.0	70585.0	50337.0	55429.0	62980.0	93935.0	155184.0	156699.0	200241.0	219183.0	277960.0	327115.0	416444.0	492179.0	561486.0	607485.0	710742.0	777217.0	867839.0	906931.0	982784.0	1018513.0	1092944.0	1090907.0	1203654.0	17338094.0	9730720.0
25-180_R1_001_val_1_val_1	62725.0	67350.0	105823.0	91810.0	119531.0	154178.0	222181.0	315401.0	387157.0	446727.0	524567.0	588565.0	739703.0	825804.0	903914.0	920469.0	1016150.0	1045157.0	1169912.0	1312037.0	1138274.0	1156308.0	1172614.0	1134719.0	1205377.0	11131833.0	19762092.0
25-180_R2_001_val_2_val_2	104072.0	79910.0	63775.0	76943.0	118011.0	195217.0	353889.0	358183.0	425360.0	444229.0	534159.0	594760.0	737547.0	828810.0	906134.0	920436.0	1033171.0	1034986.0	1096056.0	1087270.0	1130446.0	1136934.0	1184277.0	1159786.0	1250556.0	20312747.0	10552714.0
25-185_R1_001_val_1_val_1	28264.0	35933.0	53390.0	38238.0	40661.0	35498.0	38465.0	49217.0	42159.0	50974.0	44542.0	54270.0	66500.0	82678.0	113804.0	145075.0	192643.0	247593.0	333192.0	433992.0	437674.0	487409.0	540059.0	571882.0	676957.0	7607903.0	13552407.0
25-185_R2_001_val_2_val_2	48687.0	42309.0	31835.0	35954.0	33486.0	47751.0	78981.0	54006.0	52657.0	42478.0	49469.0	54014.0	66050.0	86716.0	111719.0	145974.0	203759.0	251499.0	316648.0	367976.0	430026.0	479603.0	547749.0	584844.0	704220.0	13537049.0	7595920.0
25-186_R1_001_val_1_val_1	28303.0	37911.0	51846.0	36795.0	40690.0	34248.0	36825.0	46104.0	40775.0	50319.0	46035.0	55282.0	71542.0	88574.0	123267.0	155432.0	201372.0	255026.0	331975.0	422615.0	424929.0	469185.0	512854.0	541253.0	634625.0	7235508.0	12936198.0
25-186_R2_001_val_2_val_2	47535.0	44163.0	33431.0	35521.0	33546.0	45052.0	71800.0	50061.0	51309.0	41558.0	50328.0	54965.0	71163.0	93391.0	121223.0	156391.0	213825.0	258294.0	316446.0	364622.0	419543.0	461728.0	520535.0	552539.0	660891.0	12825834.0	7313794.0
25-193_R1_001_val_1_val_1	26280.0	42909.0	86669.0	46372.0	61308.0	47023.0	53749.0	73239.0	73409.0	89007.0	108939.0	144215.0	220014.0	275156.0	352942.0	374606.0	443636.0	472064.0	572917.0	675843.0	541964.0	559144.0	558594.0	531578.0	599476.0	7165360.0	11933203.0
25-193_R2_001_val_2_val_2	73232.0	44658.0	37773.0	38760.0	45956.0	73672.0	119208.0	90503.0	100011.0	82054.0	119488.0	144956.0	218696.0	277795.0	353938.0	374527.0	462556.0	458784.0	515082.0	509373.0	537177.0	545019.0	572114.0	554277.0	631932.0	12942784.0	6205291.0
25-194_R1_001_val_1_val_1	26549.0	36700.0	61814.0	46812.0	43180.0	31555.0	36382.0	49675.0	42268.0	56216.0	59575.0	75789.0	109279.0	153693.0	208244.0	258899.0	328035.0	408236.0	566414.0	688542.0	626675.0	674094.0	742508.0	753257.0	863826.0	8252307.0	14491092.0
25-194_R2_001_val_2_val_2	85801.0	69247.0	40665.0	37786.0	45957.0	64217.0	103242.0	78876.0	68868.0	52940.0	69836.0	83715.0	115181.0	161812.0	207577.0	261039.0	345590.0	406239.0	495253.0	546757.0	619723.0	655628.0	748790.0	773646.0	885472.0	14707674.0	7960085.0
25-195_R1_001_val_1_val_1	37834.0	45609.0	71098.0	57792.0	52514.0	45889.0	50651.0	60402.0	60943.0	78156.0	87128.0	115796.0	164352.0	221557.0	293556.0	370712.0	462527.0	555752.0	678534.0	800423.0	799633.0	852604.0	913007.0	940318.0	1030915.0	8605941.0	15067269.0
25-195_R2_001_val_2_val_2	54107.0	50572.0	38042.0	41879.0	43996.0	61284.0	94598.0	71988.0	75465.0	69736.0	93957.0	116115.0	164605.0	225639.0	291198.0	371366.0	477907.0	559330.0	657949.0	718215.0	795727.0	846113.0	921098.0	953538.0	1050528.0	15107097.0	8568863.0
25-202_R1_001_val_1_val_1	59270.0	66362.0	123335.0	96960.0	85838.0	80791.0	83816.0	113450.0	104534.0	141742.0	160258.0	226589.0	364299.0	530250.0	701047.0	801675.0	1024316.0	1159645.0	1431590.0	1616668.0	1511094.0	1505758.0	1544105.0	1459762.0	1584873.0	11524426.0	18752212.0
25-202_R2_001_val_2_val_2	104920.0	78206.0	53629.0	65883.0	83225.0	130021.0	233179.0	151980.0	160061.0	128663.0	180204.0	239050.0	370149.0	524323.0	703121.0	803932.0	1052242.0	1156252.0	1343951.0	1362794.0	1500668.0	1479482.0	1571401.0	1484764.0	1616396.0	20352884.0	9923285.0
25-203_R1_001_val_1_val_1	35353.0	45645.0	75499.0	59623.0	51531.0	40309.0	47314.0	60097.0	50203.0	64468.0	65531.0	78580.0	109688.0	154306.0	206728.0	260493.0	335474.0	426078.0	610037.0	774596.0	696279.0	770808.0	866688.0	888556.0	1013085.0	9730440.0	17052505.0
25-203_R2_001_val_2_val_2	102007.0	83469.0	49389.0	46528.0	55388.0	77545.0	128217.0	95463.0	83609.0	61622.0	77222.0	90010.0	117974.0	162093.0	207819.0	265027.0	355443.0	427243.0	531531.0	603364.0	691737.0	750932.0	868109.0	911745.0	1039529.0	17330231.0	9356668.0
5-002_R1_001_val_1_val_1	54202.0	62340.0	97476.0	95561.0	81706.0	65470.0	64376.0	79939.0	69962.0	87740.0	76902.0	87223.0	109387.0	143883.0	178902.0	218646.0	278814.0	362579.0	526150.0	721810.0	652048.0	712498.0	802205.0	847025.0	1027650.0	12394479.0	21725895.0
5-002_R2_001_val_2_val_2	84895.0	70700.0	50937.0	53618.0	63628.0	91672.0	168746.0	110033.0	99266.0	69681.0	86783.0	91898.0	114284.0	140331.0	174662.0	224590.0	303888.0	369862.0	463927.0	535780.0	641821.0	703464.0	820283.0	878229.0	1072308.0	22330517.0	11809065.0
5-003_R1_001_val_1_val_1	52974.0	65458.0	103543.0	68390.0	76073.0	61144.0	69864.0	85589.0	79239.0	100442.0	96005.0	132389.0	193349.0	269115.0	363111.0	451798.0	582071.0	693979.0	908768.0	1092922.0	1023501.0	1102777.0	1178789.0	1188684.0	1348257.0	12491994.0	20999791.0
5-003_R2_001_val_2_val_2	84600.0	64852.0	50661.0	53476.0	67959.0	103978.0	179174.0	118771.0	116636.0	84433.0	109235.0	139122.0	196858.0	274573.0	364522.0	455185.0	604935.0	692090.0	828668.0	892598.0	1014693.0	1081587.0	1200152.0	1216640.0	1404031.0	22271751.0	11208836.0
5-004_R1_001_val_1_val_1	55312.0	79501.0	152229.0	100400.0	97112.0	81536.0	90684.0	108756.0	107360.0	137454.0	151438.0	209246.0	314613.0	449761.0	591290.0	745746.0	956506.0	1146899.0	1403428.0	1615482.0	1532305.0	1600321.0	1644368.0	1617863.0	1715020.0	12511900.0	21036195.0
5-004_R2_001_val_2_val_2	103501.0	86857.0	62601.0	69615.0	80536.0	117721.0	184452.0	144929.0	153044.0	125372.0	172113.0	218261.0	321781.0	444915.0	592619.0	746683.0	984404.0	1128177.0	1329828.0	1395848.0	1530284.0	1578681.0	1669929.0	1648395.0	1759180.0	22128370.0	11474629.0
5-005_R1_001_val_1_val_1	54835.0	67056.0	112797.0	69397.0	76188.0	64636.0	63698.0	81142.0	66819.0	83845.0	62631.0	76027.0	88565.0	111655.0	139226.0	169234.0	204901.0	270802.0	461946.0	699560.0	470216.0	484428.0	540329.0	551591.0	750042.0	13268610.0	23020109.0
5-005_R2_001_val_2_val_2	107922.0	63858.0	49799.0	50547.0	82723.0	123640.0	238104.0	143824.0	106433.0	65430.0	87556.0	88823.0	90424.0	116321.0	139739.0	175137.0	232834.0	268022.0	326212.0	371659.0	445634.0	461628.0	568192.0	598170.0	820773.0	24758071.0	11528810.0
5-006_R1_001_val_1_val_1	37485.0	46552.0	75919.0	51986.0	53176.0	45191.0	50031.0	62631.0	53051.0	70980.0	64950.0	88525.0	131022.0	186815.0	264102.0	353012.0	484384.0	600296.0	787486.0	958297.0	946661.0	1023557.0	1089302.0	1100968.0	1195013.0	8505135.0	13858458.0
5-006_R2_001_val_2_val_2	63157.0	54225.0	40959.0	45846.0	53278.0	74339.0	127131.0	90358.0	83670.0	63276.0	79124.0	95769.0	134401.0	191248.0	264324.0	352378.0	499652.0	596163.0	742054.0	819881.0	941578.0	1006075.0	1103494.0	1115685.0	1234073.0	14860897.0	7451950.0
5-007_R1_001_val_1_val_1	37902.0	48243.0	75422.0	53586.0	52364.0	44579.0	40861.0	50011.0	45639.0	59901.0	49363.0	57678.0	74550.0	102738.0	130978.0	162754.0	211723.0	276474.0	400895.0	548408.0	473295.0	513317.0	576053.0	589037.0	714323.0	8623721.0	14867724.0
5-007_R2_001_val_2_val_2	67702.0	52894.0	37978.0	36346.0	49582.0	72428.0	130659.0	78292.0	66558.0	47285.0	56942.0	61435.0	76311.0	100779.0	130062.0	164061.0	229525.0	274663.0	342280.0	390344.0	468801.0	503251.0	589416.0	609273.0	747861.0	15495449.0	8001362.0
5-008_R1_001_val_1_val_1	55944.0	80851.0	139585.0	75833.0	92708.0	72086.0	75080.0	83503.0	77801.0	90628.0	75645.0	97918.0	116796.0	144014.0	184457.0	231019.0	277610.0	371567.0	542408.0	757812.0	597257.0	649478.0	722984.0	764567.0	993288.0	15149002.0	26468994.0
5-008_R2_001_val_2_val_2	109895.0	80950.0	63150.0	61630.0	83538.0	114669.0	190430.0	136967.0	107117.0	77828.0	100567.0	104711.0	116660.0	150309.0	181280.0	227598.0	300992.0	354991.0	431830.0	492182.0	585818.0	632820.0	754896.0	809007.0	1071871.0	27479138.0	14167991.0
5-009_R1_001_val_1_val_1	37221.0	45797.0	74691.0	57260.0	52659.0	45707.0	46753.0	58814.0	54890.0	70753.0	77422.0	94416.0	132083.0	179966.0	234745.0	292512.0	361279.0	438802.0	578970.0	728983.0	632886.0	671611.0	715824.0	711565.0	816591.0	8836303.0	15368938.0
5-009_R2_001_val_2_val_2	78215.0	52915.0	38463.0	39059.0	52199.0	76434.0	133128.0	89301.0	76484.0	61957.0	82960.0	96637.0	133200.0	180764.0	233301.0	293711.0	383497.0	436685.0	510825.0	561029.0	625322.0	659199.0	725337.0	734930.0	841068.0	16028068.0	8192753.0
5-010_R1_001_val_1_val_1	42950.0	51213.0	75569.0	52958.0	54118.0	48270.0	48681.0	64457.0	59307.0	63937.0	66656.0	90050.0	110786.0	145558.0	194605.0	246332.0	311489.0	386596.0	486301.0	615171.0	620474.0	681668.0	749542.0	803451.0	914257.0	9323760.0	16669236.0
5-010_R2_001_val_2_val_2	51506.0	48717.0	37149.0	41418.0	45746.0	58706.0	95370.0	69147.0	65092.0	60113.0	72210.0	87905.0	112777.0	148616.0	193588.0	250345.0	323973.0	390651.0	471168.0	546525.0	618682.0	681817.0	758410.0	817342.0	942739.0	16704300.0	9283380.0
5-012_R1_001_val_1_val_1	53147.0	64801.0	99663.0	62964.0	71846.0	61612.0	58084.0	71537.0	60659.0	74713.0	62020.0	75075.0	81998.0	100966.0	127952.0	153219.0	175034.0	227621.0	390956.0	570432.0	380063.0	381887.0	420506.0	426153.0	610941.0	13110432.0	23105147.0
5-012_R2_001_val_2_val_2	105904.0	64035.0	49065.0	51430.0	81091.0	119039.0	228458.0	134441.0	105241.0	64796.0	80242.0	82747.0	85366.0	109590.0	130120.0	160452.0	207904.0	226505.0	264752.0	304217.0	357349.0	368584.0	448670.0	471376.0	671668.0	24228029.0	11878357.0
5-014_R1_001_val_1_val_1	57614.0	68827.0	116354.0	91960.0	88672.0	80144.0	92050.0	115961.0	115075.0	149813.0	164929.0	224946.0	337418.0	467822.0	625907.0	771937.0	980967.0	1137404.0	1362262.0	1529452.0	1467920.0	1503687.0	1528679.0	1477855.0	1557652.0	11628852.0	19236055.0
5-014_R2_001_val_2_val_2	95950.0	80939.0	58508.0	69116.0	75651.0	113191.0	181401.0	134531.0	151280.0	132009.0	176643.0	229759.0	339225.0	469194.0	621394.0	774140.0	1004125.0	1135465.0	1308564.0	1362287.0	1456616.0	1478015.0	1541010.0	1502381.0	1596892.0	20403204.0	10488724.0
5-015_R1_001_val_1_val_1	36961.0	55445.0	97587.0	56562.0	66992.0	51337.0	55636.0	60505.0	58347.0	66987.0	58587.0	74325.0	93034.0	123141.0	155677.0	193160.0	241730.0	311784.0	413946.0	548639.0	484089.0	533591.0	590429.0	610799.0	742496.0	9994056.0	17112754.0
5-015_R2_001_val_2_val_2	62082.0	52168.0	41383.0	39805.0	45560.0	67622.0	108475.0	75471.0	71003.0	52740.0	68277.0	75585.0	94982.0	124255.0	155404.0	194207.0	262992.0	306212.0	367099.0	410313.0	477564.0	522685.0	604595.0	637752.0	789482.0	17947007.0	9233876.0
5-061_R1_001_val_1_val_1	38547.0	68907.0	133231.0	68599.0	79280.0	56863.0	63845.0	74556.0	60806.0	77432.0	58456.0	75527.0	94051.0	120850.0	148963.0	181146.0	215540.0	281262.0	419019.0	587223.0	428485.0	448700.0	486453.0	490761.0	651929.0	11066538.0	19107697.0
5-061_R2_001_val_2_val_2	88011.0	59724.0	44731.0	44163.0	65448.0	94628.0	169669.0	113554.0	91509.0	58770.0	78578.0	82599.0	93600.0	119898.0	146988.0	180516.0	237722.0	267349.0	316916.0	351201.0	411327.0	428505.0	519602.0	533617.0	706092.0	20441478.0	9838471.0
5-063_R1_001_val_1_val_1	46873.0	54540.0	82090.0	65178.0	63003.0	55516.0	53426.0	65113.0	59193.0	75933.0	67954.0	82630.0	109611.0	149602.0	198153.0	255011.0	332651.0	424358.0	591042.0	775847.0	719321.0	770007.0	847452.0	881102.0	1028153.0	11905699.0	21339121.0
5-063_R2_001_val_2_val_2	84749.0	65204.0	45413.0	45671.0	60861.0	89457.0	152844.0	93674.0	82040.0	61227.0	77629.0	88767.0	111854.0	150559.0	199106.0	259965.0	356693.0	430570.0	532867.0	602283.0	710423.0	759562.0	861046.0	905678.0	1071972.0	21254972.0	11943493.0
5-066_R1_001_val_1_val_1	25105.0	37379.0	62584.0	73280.0	111696.0	154122.0	234657.0	299184.0	358654.0	375760.0	415753.0	428323.0	485260.0	502771.0	504954.0	488777.0	497500.0	493776.0	513757.0	529832.0	467662.0	458155.0	450988.0	429456.0	437063.0	3408128.0	6220047.0
5-066_R2_001_val_2_val_2	43777.0	46570.0	44342.0	64647.0	104932.0	166546.0	268480.0	308996.0	369972.0	371604.0	417562.0	430507.0	484570.0	503165.0	504775.0	488173.0	504736.0	490916.0	493025.0	473666.0	463786.0	452510.0	452384.0	437386.0	445895.0	5992477.0	3639224.0
5-067_R1_001_val_1_val_1	53805.0	65166.0	108010.0	76620.0	73294.0	64193.0	68380.0	86703.0	70513.0	93418.0	83961.0	109185.0	150255.0	209390.0	286407.0	378193.0	502871.0	637010.0	856409.0	1070812.0	1021627.0	1104201.0	1177600.0	1207145.0	1338247.0	11954210.0	20268618.0
5-067_R2_001_val_2_val_2	86490.0	74673.0	55694.0	62069.0	72353.0	100291.0	177586.0	123595.0	109938.0	78855.0	100967.0	117138.0	153904.0	211014.0	286797.0	378519.0	528265.0	639686.0	790319.0	880089.0	1012017.0	1085070.0	1199956.0	1230593.0	1389238.0	21225361.0	10945766.0
5-069_R1_001_val_1_val_1	44543.0	55114.0	84974.0	58742.0	59746.0	53115.0	46900.0	61017.0	50236.0	66230.0	51065.0	52451.0	55603.0	61894.0	71309.0	79918.0	81884.0	116563.0	253041.0	394450.0	223235.0	223760.0	252961.0	262866.0	433411.0	11370708.0	20820028.0
5-069_R2_001_val_2_val_2	97765.0	56690.0	40216.0	40087.0	74316.0	101576.0	197622.0	112537.0	80626.0	49751.0	60689.0	57757.0	53176.0	62605.0	66614.0	84579.0	104376.0	116208.0	139219.0	173420.0	212640.0	214631.0	280487.0	303004.0	465154.0	21239524.0	10900495.0
5-071_R1_001_val_1_val_1	45635.0	77912.0	142667.0	74397.0	92210.0	69605.0	70768.0	82845.0	70476.0	84115.0	65181.0	84726.0	99572.0	127454.0	164989.0	205727.0	258034.0	350625.0	507108.0	714820.0	570368.0	630826.0	707055.0	716480.0	898153.0	12678821.0	21687512.0
5-071_R2_001_val_2_val_2	101285.0	76322.0	54303.0	52230.0	69997.0	104706.0	183798.0	115804.0	100363.0	64509.0	80085.0	84732.0	98705.0	129835.0	162213.0	206039.0	286762.0	337802.0	413926.0	469466.0	557735.0	609574.0	728377.0	760030.0	959013.0	22989114.0	11481356.0
5-073_R1_001_val_1_val_1	47556.0	82204.0	100570.0	60301.0	71551.0	64569.0	75414.0	103890.0	127723.0	163543.0	178489.0	218960.0	291976.0	345423.0	400060.0	437102.0	502938.0	558954.0	670991.0	787487.0	698223.0	729927.0	763794.0	758599.0	835444.0	7902036.0	13366238.0
5-073_R2_001_val_2_val_2	77230.0	87961.0	63789.0	48861.0	62194.0	83725.0	152462.0	132000.0	148494.0	148700.0	187887.0	222793.0	293334.0	349170.0	399924.0	437058.0	518276.0	555144.0	622663.0	638331.0	690808.0	715631.0	772719.0	777656.0	875043.0	14183900.0	7098209.0
5-074_R1_001_val_1_val_1	40429.0	58263.0	94927.0	57355.0	63117.0	54048.0	48248.0	56307.0	52608.0	61115.0	59963.0	72324.0	96185.0	129312.0	162808.0	204363.0	242015.0	321090.0	463028.0	683194.0	471997.0	506788.0	561962.0	583741.0	712538.0	10377410.0	18825352.0
5-074_R2_001_val_2_val_2	76907.0	52344.0	38684.0	36258.0	55119.0	77887.0	172668.0	107126.0	83621.0	59636.0	72537.0	80597.0	98315.0	129319.0	159849.0	200801.0	262099.0	298812.0	361456.0	409667.0	477660.0	500340.0	579632.0	618653.0	753323.0	19469727.0	9827450.0
5-075_R1_001_val_1_val_1	33222.0	39161.0	63550.0	55476.0	51800.0	38072.0	41087.0	51058.0	48153.0	56742.0	51344.0	64429.0	87087.0	122925.0	151498.0	186937.0	238006.0	296271.0	405104.0	559898.0	476088.0	522491.0	590812.0	612986.0	714435.0	7777139.0	13105545.0
5-075_R2_001_val_2_val_2	47017.0	39526.0	30836.0	31083.0	32947.0	52599.0	99333.0	67002.0	63787.0	46680.0	57760.0	68055.0	90366.0	120955.0	152085.0	190904.0	258219.0	299669.0	366999.0	409648.0	470583.0	510682.0	589407.0	636860.0	737557.0	13910015.0	7060742.0
5-121_R1_001_val_1_val_1	47900.0	57129.0	87008.0	66723.0	63478.0	54578.0	54548.0	66498.0	57500.0	72907.0	58786.0	65826.0	78980.0	99046.0	123623.0	154102.0	191274.0	252612.0	378891.0	536980.0	453294.0	491621.0	548587.0	580368.0	744387.0	11700953.0	20992405.0
5-121_R2_001_val_2_val_2	80523.0	59676.0	43740.0	46058.0	69345.0	86968.0	158922.0	94884.0	82590.0	58704.0	67333.0	69707.0	77929.0	98160.0	121420.0	154712.0	211983.0	255140.0	316524.0	368201.0	442782.0	478094.0	566156.0	607788.0	783228.0	21418251.0	11261186.0
5-122_R1_001_val_1_val_1	26156.0	33833.0	52101.0	38434.0	35319.0	31939.0	29074.0	37343.0	32883.0	42592.0	44610.0	46283.0	56673.0	74702.0	97892.0	125740.0	154479.0	202545.0	313463.0	431525.0	336363.0	361343.0	396267.0	392398.0	484372.0	6725021.0	11863297.0
5-122_R2_001_val_2_val_2	58471.0	35595.0	26076.0	26240.0	41551.0	59870.0	101886.0	69011.0	51708.0	35546.0	46268.0	49146.0	58211.0	77150.0	98004.0	125786.0	174758.0	200027.0	246709.0	285033.0	330586.0	352743.0	405427.0	411663.0	502349.0	12360704.0	6236129.0
5-123_R1_001_val_1_val_1	45373.0	70231.0	119707.0	68871.0	80148.0	60838.0	64031.0	69436.0	65891.0	73104.0	61895.0	76622.0	93644.0	121344.0	153533.0	192855.0	237777.0	322356.0	476189.0	695238.0	535445.0	596813.0	677494.0	723899.0	908903.0	13242026.0	23616543.0
5-123_R2_001_val_2_val_2	81375.0	65160.0	49449.0	45389.0	60130.0	85004.0	166544.0	113361.0	91064.0	61302.0	76755.0	82257.0	96107.0	123953.0	151992.0	192182.0	258152.0	308893.0	386665.0	449113.0	537043.0	586833.0	701329.0	765247.0	962832.0	24065208.0	12886867.0
5-124_R1_001_val_1_val_1	55426.0	80656.0	155049.0	98794.0	108004.0	90918.0	106355.0	146711.0	157389.0	200611.0	248484.0	304664.0	413852.0	481486.0	563435.0	590297.0	679940.0	743963.0	905543.0	1129150.0	938779.0	980860.0	1013389.0	1021427.0	1163107.0	14220145.0	24387878.0
5-124_R2_001_val_2_val_2	124297.0	88544.0	69275.0	73706.0	83792.0	125288.0	207333.0	171953.0	205471.0	186052.0	263532.0	309760.0	413707.0	478356.0	562123.0	594914.0	712283.0	734879.0	819925.0	855244.0	922730.0	964819.0	1042932.0	1059238.0	1222893.0	25501277.0	13191989.0
5-125_R1_001_val_1_val_1	41789.0	49662.0	89094.0	69107.0	67858.0	54278.0	53042.0	69432.0	68817.0	85119.0	93940.0	129507.0	201509.0	290973.0	376039.0	457355.0	580745.0	688246.0	888421.0	1065706.0	917554.0	967680.0	1024595.0	994885.0	1099213.0	9794991.0	16009826.0
5-125_R2_001_val_2_val_2	78763.0	53282.0	41405.0	42112.0	57408.0	91990.0	172763.0	118428.0	100943.0	77127.0	109060.0	138438.0	207515.0	290106.0	378287.0	460721.0	608109.0	676892.0	797905.0	827107.0	913377.0	944625.0	1037841.0	1025427.0	1151786.0	17836341.0	7991625.0
5-126_R1_001_val_1_val_1	49667.0	62081.0	105738.0	83028.0	85650.0	82724.0	107146.0	148861.0	175849.0	220923.0	242025.0	295038.0	389284.0	461600.0	525441.0	578212.0	673147.0	753647.0	896860.0	1046678.0	970250.0	1017707.0	1066477.0	1063505.0	1169872.0	10566792.0	17872844.0
5-126_R2_001_val_2_val_2	83249.0	72198.0	52866.0	57464.0	69821.0	107305.0	189683.0	169494.0	198715.0	199907.0	252953.0	301289.0	392632.0	459856.0	524892.0	578737.0	693336.0	750889.0	848565.0	882261.0	960430.0	996822.0	1078076.0	1087797.0	1212904.0	18744107.0	9744798.0
5-127_R1_001_val_1_val_1	33804.0	45842.0	66573.0	59911.0	74394.0	80742.0	104836.0	141833.0	177776.0	219098.0	269584.0	323177.0	406991.0	467120.0	505780.0	523723.0	567074.0	580426.0	646039.0	699283.0	628089.0	633436.0	642935.0	624629.0	656615.0	5763298.0	10214674.0
5-127_R2_001_val_2_val_2	55105.0	54166.0	47596.0	53089.0	70059.0	99022.0	157198.0	159926.0	193626.0	216462.0	276871.0	326486.0	407633.0	469560.0	507402.0	524098.0	577034.0	579002.0	612961.0	607936.0	622047.0	624363.0	646869.0	636553.0	675826.0	10222554.0	5734238.0
5-128_R1_001_val_1_val_1	40050.0	62314.0	112148.0	62826.0	73208.0	54890.0	62535.0	68545.0	68216.0	83710.0	80468.0	111222.0	156441.0	221808.0	299254.0	385730.0	501750.0	623131.0	804224.0	959878.0	938197.0	1016519.0	1083931.0	1103260.0	1227185.0	10863605.0	18552255.0
5-128_R2_001_val_2_val_2	114889.0	99025.0	60171.0	55356.0	63169.0	87672.0	134342.0	100748.0	97856.0	73935.0	96565.0	119032.0	163344.0	227614.0	302484.0	387105.0	521602.0	612081.0	742587.0	812495.0	929699.0	997073.0	1097795.0	1123296.0	1281580.0	19125449.0	10190336.0
5-130_R1_001_val_1_val_1	62954.0	76309.0	115259.0	83677.0	91124.0	69528.0	72454.0	91300.0	81187.0	101757.0	70837.0	88818.0	101901.0	130548.0	157871.0	185049.0	223746.0	284066.0	455977.0	700316.0	489573.0	523896.0	590994.0	618477.0	830293.0	14195016.0	24368735.0
5-130_R2_001_val_2_val_2	94614.0	66352.0	51181.0	50832.0	67213.0	106843.0	223370.0	135819.0	112346.0	75158.0	86434.0	92954.0	106287.0	134469.0	158817.0	194302.0	254436.0	287195.0	349607.0	394517.0	471105.0	503024.0	615570.0	668624.0	888025.0	25870696.0	12801872.0
5-131_R1_001_val_1_val_1	45648.0	79936.0	153101.0	79506.0	95570.0	56773.0	79812.0	89488.0	87594.0	116277.0	135500.0	196391.0	300487.0	415886.0	561425.0	677080.0	859665.0	1016369.0	1296705.0	1454399.0	1384979.0	1444252.0	1513183.0	1485579.0	1663696.0	13122203.0	21782917.0
5-131_R2_001_val_2_val_2	100505.0	77339.0	60898.0	60506.0	87299.0	125839.0	173783.0	142836.0	133434.0	111670.0	160202.0	209602.0	309317.0	421365.0	559540.0	670523.0	882532.0	987500.0	1170534.0	1229600.0	1382283.0	1419473.0	1544932.0	1518845.0	1711697.0	23410504.0	11531863.0
5-133_R1_001_val_1_val_1	35597.0	40119.0	63633.0	48942.0	46645.0	43952.0	42249.0	49961.0	46551.0	58594.0	55566.0	70793.0	98024.0	136561.0	180010.0	228656.0	292435.0	359153.0	478677.0	617499.0	561580.0	601750.0	653706.0	673413.0	780758.0	8460259.0	14927923.0
5-133_R2_001_val_2_val_2	58493.0	43340.0	32293.0	33280.0	44793.0	65232.0	118666.0	75718.0	65506.0	50600.0	64117.0	76411.0	101319.0	137649.0	179985.0	230616.0	310209.0	359945.0	434658.0	481430.0	554539.0	593003.0	664211.0	693185.0	807290.0	15273675.0	8102843.0
5-135_R1_001_val_1_val_1	20018.0	25562.0	40903.0	29076.0	30086.0	26342.0	29219.0	38074.0	33252.0	43553.0	42415.0	59041.0	88437.0	124497.0	172144.0	220020.0	292774.0	347937.0	439497.0	523697.0	505751.0	542212.0	574713.0	566589.0	619552.0	4534616.0	7300528.0
5-135_R2_001_val_2_val_2	35157.0	29866.0	22073.0	26916.0	28252.0	41999.0	73243.0	48656.0	49933.0	37981.0	49447.0	61994.0	90250.0	125306.0	171634.0	219276.0	302071.0	345605.0	415771.0	450406.0	501849.0	530532.0	581614.0	573772.0	639413.0	7908000.0	3909489.0
5-181_R1_001_val_1_val_1	70178.0	86368.0	135222.0	94906.0	95593.0	83069.0	86248.0	109219.0	88285.0	120083.0	97481.0	117974.0	159963.0	217871.0	287731.0	363135.0	466298.0	579652.0	865861.0	1119134.0	960712.0	1034824.0	1121939.0	1134350.0	1397695.0	16941792.0	29418896.0
5-181_R2_001_val_2_val_2	126880.0	83811.0	60795.0	67092.0	94888.0	129443.0	238553.0	157740.0	146532.0	91268.0	114428.0	129900.0	163752.0	220134.0	286654.0	369048.0	504919.0	583789.0	720073.0	797670.0	940692.0	1008033.0	1152613.0	1180170.0	1460718.0	31114822.0	15310062.0
5-182_R1_001_val_1_val_1	41155.0	58840.0	93930.0	63150.0	65146.0	50983.0	48225.0	58717.0	54013.0	70481.0	55371.0	61175.0	74232.0	96020.0	115525.0	147060.0	185530.0	254390.0	364031.0	515896.0	440625.0	495337.0	568105.0	607067.0	757023.0	10262923.0	18528567.0
5-182_R2_001_val_2_val_2	70972.0	58822.0	43105.0	41746.0	51028.0	71090.0	128200.0	84629.0	72461.0	52504.0	60117.0	64568.0	76573.0	94270.0	117601.0	149582.0	204614.0	248718.0	311216.0	364563.0	442672.0	490103.0	586681.0	635668.0	798227.0	18610522.0	10203265.0
5-187_R1_001_val_1_val_1	94506.0	96612.0	149543.0	116757.0	128660.0	126989.0	142823.0	195106.0	205318.0	259686.0	313303.0	373430.0	510222.0	590314.0	696483.0	734328.0	840223.0	896067.0	1113068.0	1418223.0	1170603.0	1221324.0	1266247.0	1303979.0	1489197.0	19444734.0	34233941.0
5-187_R2_001_val_2_val_2	157100.0	108730.0	82946.0	97936.0	114818.0	171050.0	337744.0	245169.0	278221.0	246078.0	333861.0	390544.0	516557.0	598025.0	698319.0	740671.0	870413.0	901715.0	1009647.0	1055545.0	1145367.0	1205125.0	1301784.0	1350610.0	1571490.0	35178776.0	18423445.0
5-188_R1_001_val_1_val_1	39327.0	44646.0	63100.0	45157.0	52708.0	43356.0	43788.0	49024.0	53772.0	60659.0	60592.0	82785.0	113942.0	161037.0	221320.0	285681.0	373901.0	470007.0	656753.0	834003.0	755715.0	826914.0	900024.0	925257.0	1033908.0	10033058.0	17461962.0
5-188_R2_001_val_2_val_2	101192.0	81097.0	48596.0	43457.0	54026.0	76570.0	146027.0	92506.0	80855.0	60933.0	74904.0	89735.0	119577.0	169028.0	223848.0	290660.0	392873.0	468228.0	582717.0	651002.0	755751.0	813469.0	904280.0	943721.0	1085620.0	17984213.0	9357511.0
5-189_R1_001_val_1_val_1	39253.0	50257.0	78463.0	54155.0	53402.0	46131.0	42754.0	54085.0	45402.0	60021.0	44767.0	48250.0	57168.0	67786.0	76691.0	91063.0	107117.0	142215.0	230535.0	369215.0	263081.0	285681.0	329901.0	351587.0	485918.0	9540598.0	17425253.0
5-189_R2_001_val_2_val_2	67529.0	51938.0	36461.0	36211.0	47317.0	70388.0	137464.0	79419.0	63616.0	43288.0	49554.0	50592.0	55001.0	65140.0	75242.0	94267.0	125130.0	144900.0	178621.0	209126.0	256213.0	277519.0	345004.0	379874.0	520797.0	17580747.0	9399391.0
5-197_R1_001_val_1_val_1	58783.0	74323.0	112360.0	92546.0	87770.0	79720.0	90428.0	118537.0	134454.0	172990.0	199105.0	245252.0	323929.0	411640.0	499181.0	570473.0	669126.0	780249.0	955167.0	1181416.0	1109330.0	1183288.0	1269273.0	1304740.0	1449640.0	14160003.0	25246634.0
5-197_R2_001_val_2_val_2	95209.0	86908.0	61177.0	65104.0	79903.0	108600.0	205833.0	145416.0	167122.0	163364.0	205062.0	249015.0	329365.0	413135.0	497927.0	570650.0	691598.0	779602.0	902770.0	987449.0	1096616.0	1165269.0	1277026.0	1335958.0	1488156.0	24989038.0	14423085.0
