	16.0	17.0	18.0	19.0	20.0	21.0	22.0	23.0	24.0	25.0	26.0	27.0	28.0	29.0	30.0	31.0	32.0	33.0	34.0	35.0	36.0	37.0	38.0	39.0	40.0
15-033_R1_001_val_1_val_1	2.0	67.0	698.0	3437.0	9269.0	15934.0	22002.0	26377.0	31525.0	35917.0	43216.0	50505.0	62716.0	74662.0	94257.0	116053.0	155826.0	205580.0	301991.0	466295.0	840552.0	1521500.0	3882935.0	24072219.0	13698889.0
	13.0	14.0	15.0	16.0	17.0	18.0	19.0	20.0	21.0	22.0	23.0	24.0	25.0	26.0	27.0	28.0	29.0	30.0	31.0	32.0	33.0	34.0	35.0	36.0	37.0	38.0	39.0	40.0
15-033_R2_001_val_2_val_2	1.0	9.0	131.0	1514.0	7952.0	21314.0	34547.0	47155.0	52950.0	58556.0	61820.0	70034.0	76299.0	87357.0	96738.0	113631.0	129900.0	154676.0	185142.0	240328.0	311057.0	441177.0	676144.0	1186893.0	2093521.0	5053669.0	25338615.0	9191294.0
	17.0	18.0	19.0	20.0	21.0	22.0	23.0	24.0	25.0	26.0	27.0	28.0	29.0	30.0	31.0	32.0	33.0	34.0	35.0	36.0	37.0	38.0	39.0	40.0
15-091_R1_001_val_1_val_1	39.0	606.0	3048.0	7789.0	12787.0	18418.0	22945.0	28447.0	33512.0	40474.0	47973.0	60373.0	71985.0	91364.0	112557.0	150005.0	198326.0	292368.0	453059.0	810352.0	1457239.0	3682764.0	22177061.0	13112941.0
	14.0	15.0	16.0	17.0	18.0	19.0	20.0	21.0	22.0	23.0	24.0	25.0	26.0	27.0	28.0	29.0	30.0	31.0	32.0	33.0	34.0	35.0	36.0	37.0	38.0	39.0	40.0
15-091_R2_001_val_2_val_2	20.0	136.0	1673.0	9121.0	22892.0	35601.0	46996.0	53322.0	58573.0	62291.0	70550.0	76195.0	86313.0	96218.0	112281.0	127228.0	152072.0	180314.0	231560.0	297566.0	420016.0	639198.0	1119799.0	1979076.0	4730742.0	23157375.0	9119304.0
	17.0	18.0	19.0	20.0	21.0	22.0	23.0	24.0	25.0	26.0	27.0	28.0	29.0	30.0	31.0	32.0	33.0	34.0	35.0	36.0	37.0	38.0	39.0	40.0
15-092_R1_001_val_1_val_1	44.0	738.0	3717.0	9380.0	15520.0	21894.0	26822.0	33116.0	38553.0	46652.0	54254.0	68286.0	82718.0	102165.0	125948.0	167798.0	222101.0	323642.0	498563.0	897749.0	1614741.0	4116566.0	24796574.0	14942893.0
	13.0	14.0	15.0	16.0	17.0	18.0	19.0	20.0	21.0	22.0	23.0	24.0	25.0	26.0	27.0	28.0	29.0	30.0	31.0	32.0	33.0	34.0	35.0	36.0	37.0	38.0	39.0	40.0
15-092_R2_001_val_2_val_2	1.0	10.0	145.0	1568.0	8533.0	22308.0	34635.0	46618.0	53694.0	60302.0	63880.0	72817.0	78937.0	89552.0	98621.0	115711.0	130559.0	155427.0	184270.0	234580.0	300102.0	422552.0	643573.0	1138528.0	2040594.0	5012784.0	26122539.0	11077594.0
	16.0	17.0	18.0	19.0	20.0	21.0	22.0	23.0	24.0	25.0	26.0	27.0	28.0	29.0	30.0	31.0	32.0	33.0	34.0	35.0	36.0	37.0	38.0	39.0	40.0
15-152_R1_001_val_1_val_1	1.0	38.0	653.0	2948.0	7134.0	11202.0	15004.0	18067.0	22601.0	26206.0	31766.0	37294.0	45985.0	55285.0	69847.0	86284.0	115177.0	152699.0	224835.0	353361.0	635894.0	1145266.0	2919964.0	17049570.0	8711974.0
	13.0	14.0	15.0	16.0	17.0	18.0	19.0	20.0	21.0	22.0	23.0	24.0	25.0	26.0	27.0	28.0	29.0	30.0	31.0	32.0	33.0	34.0	35.0	36.0	37.0	38.0	39.0	40.0
15-152_R2_001_val_2_val_2	1.0	21.0	261.0	4690.0	24996.0	48983.0	50662.0	53458.0	56040.0	60224.0	62429.0	70439.0	71846.0	78367.0	82983.0	94826.0	105158.0	124229.0	146403.0	186550.0	239412.0	338641.0	516185.0	901119.0	1589589.0	3851227.0	17653961.0	5326355.0
	16.0	17.0	18.0	19.0	20.0	21.0	22.0	23.0	24.0	25.0	26.0	27.0	28.0	29.0	30.0	31.0	32.0	33.0	34.0	35.0	36.0	37.0	38.0	39.0	40.0
15-154_R1_001_val_1_val_1	1.0	76.0	893.0	4107.0	9639.0	15833.0	21906.0	26519.0	33398.0	39278.0	47506.0	56659.0	71179.0	84664.0	107936.0	132958.0	178063.0	237999.0	345958.0	534190.0	960553.0	1731394.0	4396608.0	25819460.0	13981629.0
	14.0	15.0	16.0	17.0	18.0	19.0	20.0	21.0	22.0	23.0	24.0	25.0	26.0	27.0	28.0	29.0	30.0	31.0	32.0	33.0	34.0	35.0	36.0	37.0	38.0	39.0	40.0
15-154_R2_001_val_2_val_2	13.0	149.0	1756.0	9684.0	25075.0	38451.0	50497.0	56530.0	61702.0	65988.0	75151.0	81122.0	92833.0	102875.0	121007.0	136678.0	162862.0	195605.0	250852.0	323253.0	457619.0	697366.0	1227434.0	2182523.0	5298273.0	26850144.0	10272964.0
	16.0	17.0	18.0	19.0	20.0	21.0	22.0	23.0	24.0	25.0	26.0	27.0	28.0	29.0	30.0	31.0	32.0	33.0	34.0	35.0	36.0	37.0	38.0	39.0	40.0
15-161_R1_001_val_1_val_1	2.0	51.0	788.0	3612.0	9073.0	15306.0	21717.0	27145.0	33958.0	39849.0	48766.0	57214.0	72118.0	86430.0	109234.0	134976.0	180681.0	241208.0	352205.0	541291.0	971823.0	1747347.0	4427901.0	26228039.0	15672115.0
	13.0	14.0	15.0	16.0	17.0	18.0	19.0	20.0	21.0	22.0	23.0	24.0	25.0	26.0	27.0	28.0	29.0	30.0	31.0	32.0	33.0	34.0	35.0	36.0	37.0	38.0	39.0	40.0
15-161_R2_001_val_2_val_2	2.0	16.0	145.0	1739.0	9676.0	24835.0	39145.0	52669.0	60675.0	67472.0	71587.0	81492.0	88740.0	101621.0	112699.0	132662.0	150562.0	179452.0	214016.0	273931.0	352556.0	497589.0	757332.0	1328541.0	2346644.0	5702839.0	27928376.0	10445836.0
	16.0	17.0	18.0	19.0	20.0	21.0	22.0	23.0	24.0	25.0	26.0	27.0	28.0	29.0	30.0	31.0	32.0	33.0	34.0	35.0	36.0	37.0	38.0	39.0	40.0
25-046_R1_001_val_1_val_1	3.0	59.0	677.0	3193.0	8043.0	13178.0	18409.0	22725.0	28443.0	33298.0	40971.0	48094.0	60379.0	71805.0	90838.0	112984.0	148906.0	196370.0	285382.0	438445.0	785968.0	1417174.0	3588937.0	22322261.0	13437047.0
	14.0	15.0	16.0	17.0	18.0	19.0	20.0	21.0	22.0	23.0	24.0	25.0	26.0	27.0	28.0	29.0	30.0	31.0	32.0	33.0	34.0	35.0	36.0	37.0	38.0	39.0	40.0
25-046_R2_001_val_2_val_2	18.0	125.0	1470.0	7610.0	20632.0	33624.0	45535.0	51780.0	56367.0	59721.0	67642.0	74249.0	84065.0	93068.0	108641.0	123799.0	147567.0	176191.0	227203.0	292857.0	413898.0	631043.0	1110511.0	1962695.0	4744302.0	23903752.0	8735224.0
	16.0	17.0	18.0	19.0	20.0	21.0	22.0	23.0	24.0	25.0	26.0	27.0	28.0	29.0	30.0	31.0	32.0	33.0	34.0	35.0	36.0	37.0	38.0	39.0	40.0
25-047_R1_001_val_1_val_1	4.0	39.0	525.0	2136.0	5590.0	9944.0	15442.0	20786.0	27119.0	30857.0	36105.0	41700.0	51810.0	62203.0	79525.0	99629.0	145071.0	245091.0	303021.0	288997.0	479942.0	860520.0	2187468.0	12453348.0	8061751.0
	14.0	15.0	16.0	17.0	18.0	19.0	20.0	21.0	22.0	23.0	24.0	25.0	26.0	27.0	28.0	29.0	30.0	31.0	32.0	33.0	34.0	35.0	36.0	37.0	38.0	39.0	40.0
25-047_R2_001_val_2_val_2	7.0	138.0	2100.0	10984.0	26698.0	35817.0	39465.0	39631.0	42097.0	42293.0	45118.0	45503.0	50177.0	52553.0	60762.0	66997.0	79468.0	95771.0	125331.0	160305.0	224431.0	333746.0	578895.0	1014585.0	2474808.0	12821211.0	7039732.0
	16.0	17.0	18.0	19.0	20.0	21.0	22.0	23.0	24.0	25.0	26.0	27.0	28.0	29.0	30.0	31.0	32.0	33.0	34.0	35.0	36.0	37.0	38.0	39.0	40.0
25-048_R1_001_val_1_val_1	2.0	45.0	538.0	2508.0	6164.0	10527.0	14505.0	17700.0	21357.0	25434.0	30424.0	35753.0	45084.0	54531.0	68640.0	85355.0	113559.0	153612.0	221706.0	338902.0	606530.0	1091000.0	2743638.0	14671220.0	6598957.0
	14.0	15.0	16.0	17.0	18.0	19.0	20.0	21.0	22.0	23.0	24.0	25.0	26.0	27.0	28.0	29.0	30.0	31.0	32.0	33.0	34.0	35.0	36.0	37.0	38.0	39.0	40.0
25-048_R2_001_val_2_val_2	11.0	118.0	1227.0	6526.0	17603.0	27653.0	36860.0	41752.0	45910.0	48371.0	54872.0	59182.0	68078.0	75746.0	88306.0	100715.0	120573.0	143729.0	185777.0	237462.0	335216.0	507489.0	876962.0	1537875.0	3614737.0	14884566.0	3840375.0
	16.0	17.0	18.0	19.0	20.0	21.0	22.0	23.0	24.0	25.0	26.0	27.0	28.0	29.0	30.0	31.0	32.0	33.0	34.0	35.0	36.0	37.0	38.0	39.0	40.0
25-049_R1_001_val_1_val_1	1.0	48.0	638.0	3237.0	7775.0	12467.0	17071.0	20848.0	26102.0	30142.0	36132.0	42765.0	53001.0	64335.0	80882.0	100760.0	133914.0	177910.0	263980.0	414539.0	748800.0	1354614.0	3452529.0	20008672.0	10072257.0
	13.0	14.0	15.0	16.0	17.0	18.0	19.0	20.0	21.0	22.0	23.0	24.0	25.0	26.0	27.0	28.0	29.0	30.0	31.0	32.0	33.0	34.0	35.0	36.0	37.0	38.0	39.0	40.0
25-049_R2_001_val_2_val_2	3.0	33.0	370.0	5655.0	30119.0	57582.0	59212.0	62151.0	65038.0	69963.0	72293.0	80513.0	82954.0	91703.0	97086.0	111310.0	124563.0	148787.0	175588.0	226297.0	293065.0	414439.0	628913.0	1088385.0	1900266.0	4555680.0	20562352.0	6119099.0
	16.0	17.0	18.0	19.0	20.0	21.0	22.0	23.0	24.0	25.0	26.0	27.0	28.0	29.0	30.0	31.0	32.0	33.0	34.0	35.0	36.0	37.0	38.0	39.0	40.0
25-050_R1_001_val_1_val_1	3.0	42.0	788.0	3932.0	9863.0	16321.0	22517.0	27446.0	33341.0	39256.0	47245.0	56308.0	70489.0	84164.0	105157.0	131117.0	174969.0	230751.0	339370.0	528283.0	952004.0	1728453.0	4417293.0	27260409.0	15169277.0
	13.0	14.0	15.0	16.0	17.0	18.0	19.0	20.0	21.0	22.0	23.0	24.0	25.0	26.0	27.0	28.0	29.0	30.0	31.0	32.0	33.0	34.0	35.0	36.0	37.0	38.0	39.0	40.0
25-050_R2_001_val_2_val_2	2.0	16.0	136.0	1709.0	9223.0	25302.0	42208.0	56310.0	63885.0	69327.0	73380.0	82410.0	89649.0	102605.0	112803.0	132688.0	150634.0	179280.0	213660.0	274617.0	352253.0	496180.0	760229.0	1339706.0	2380872.0	5731451.0	28414904.0	10293359.0
	16.0	17.0	18.0	19.0	20.0	21.0	22.0	23.0	24.0	25.0	26.0	27.0	28.0	29.0	30.0	31.0	32.0	33.0	34.0	35.0	36.0	37.0	38.0	39.0	40.0
25-051_R1_001_val_1_val_1	1.0	59.0	853.0	4285.0	11741.0	21943.0	31072.0	35691.0	40184.0	43530.0	50247.0	58157.0	72070.0	86353.0	108347.0	134179.0	179765.0	242392.0	337350.0	513124.0	930964.0	1674670.0	4221007.0	26051269.0	16739832.0
	13.0	14.0	15.0	16.0	17.0	18.0	19.0	20.0	21.0	22.0	23.0	24.0	25.0	26.0	27.0	28.0	29.0	30.0	31.0	32.0	33.0	34.0	35.0	36.0	37.0	38.0	39.0	40.0
25-051_R2_001_val_2_val_2	3.0	17.0	191.0	2209.0	12738.0	30776.0	43718.0	55509.0	62573.0	69347.0	73003.0	83380.0	89570.0	101996.0	111484.0	130416.0	147303.0	174148.0	205390.0	262361.0	334615.0	471163.0	718252.0	1273665.0	2284021.0	5615669.0	28150785.0	11084783.0
	17.0	18.0	19.0	20.0	21.0	22.0	23.0	24.0	25.0	26.0	27.0	28.0	29.0	30.0	31.0	32.0	33.0	34.0	35.0	36.0	37.0	38.0	39.0	40.0
25-052_R1_001_val_1_val_1	54.0	484.0	2428.0	5939.0	10300.0	14948.0	18281.0	22726.0	26620.0	32076.0	37639.0	47364.0	57173.0	72065.0	89780.0	120599.0	161912.0	237549.0	363798.0	652788.0	1180463.0	2946870.0	15716942.0	7530333.0
	13.0	14.0	15.0	16.0	17.0	18.0	19.0	20.0	21.0	22.0	23.0	24.0	25.0	26.0	27.0	28.0	29.0	30.0	31.0	32.0	33.0	34.0	35.0	36.0	37.0	38.0	39.0	40.0
25-052_R2_001_val_2_val_2	1.0	17.0	151.0	1401.0	6849.0	18596.0	30317.0	40437.0	45927.0	49623.0	52356.0	58996.0	64307.0	72867.0	81271.0	94984.0	108712.0	130755.0	156962.0	203222.0	261818.0	368299.0	555377.0	956321.0	1650926.0	3796090.0	15820618.0	4721931.0
	16.0	17.0	18.0	19.0	20.0	21.0	22.0	23.0	24.0	25.0	26.0	27.0	28.0	29.0	30.0	31.0	32.0	33.0	34.0	35.0	36.0	37.0	38.0	39.0	40.0
25-053_R1_001_val_1_val_1	2.0	65.0	745.0	3533.0	9691.0	16728.0	22698.0	27631.0	32606.0	37628.0	44974.0	53470.0	66253.0	80061.0	101933.0	126927.0	169433.0	229224.0	324722.0	503801.0	911549.0	1651620.0	4202445.0	25732064.0	15500677.0
	13.0	14.0	15.0	16.0	17.0	18.0	19.0	20.0	21.0	22.0	23.0	24.0	25.0	26.0	27.0	28.0	29.0	30.0	31.0	32.0	33.0	34.0	35.0	36.0	37.0	38.0	39.0	40.0
25-053_R2_001_val_2_val_2	1.0	11.0	152.0	2145.0	11529.0	28375.0	41389.0	52909.0	59863.0	64823.0	68861.0	77828.0	83270.0	94197.0	103582.0	121531.0	137615.0	165177.0	197980.0	256790.0	333780.0	474883.0	728458.0	1286050.0	2264855.0	5519159.0	27537242.0	10138025.0
	16.0	17.0	18.0	19.0	20.0	21.0	22.0	23.0	24.0	25.0	26.0	27.0	28.0	29.0	30.0	31.0	32.0	33.0	34.0	35.0	36.0	37.0	38.0	39.0	40.0
25-054_R1_001_val_1_val_1	2.0	48.0	746.0	3585.0	9104.0	14762.0	20929.0	25774.0	31910.0	37950.0	45992.0	54466.0	67754.0	81253.0	102608.0	126055.0	167267.0	221677.0	322386.0	497190.0	892785.0	1620382.0	4140076.0	25941230.0	14938459.0
	13.0	14.0	15.0	16.0	17.0	18.0	19.0	20.0	21.0	22.0	23.0	24.0	25.0	26.0	27.0	28.0	29.0	30.0	31.0	32.0	33.0	34.0	35.0	36.0	37.0	38.0	39.0	40.0
25-054_R2_001_val_2_val_2	2.0	14.0	117.0	1546.0	8506.0	22777.0	37856.0	50300.0	57114.0	62080.0	67238.0	77311.0	84314.0	97124.0	108101.0	126926.0	142975.0	170453.0	201359.0	258155.0	332663.0	469121.0	712509.0	1250500.0	2212401.0	5379680.0	27361971.0	10071277.0
	16.0	17.0	18.0	19.0	20.0	21.0	22.0	23.0	24.0	25.0	26.0	27.0	28.0	29.0	30.0	31.0	32.0	33.0	34.0	35.0	36.0	37.0	38.0	39.0	40.0
25-055_R1_001_val_1_val_1	1.0	23.0	405.0	2015.0	5463.0	10011.0	15078.0	18778.0	23471.0	27590.0	33779.0	40379.0	50174.0	61517.0	78351.0	97422.0	131750.0	177868.0	259654.0	395578.0	709390.0	1276335.0	3205073.0	16944956.0	7854213.0
	13.0	14.0	15.0	16.0	17.0	18.0	19.0	20.0	21.0	22.0	23.0	24.0	25.0	26.0	27.0	28.0	29.0	30.0	31.0	32.0	33.0	34.0	35.0	36.0	37.0	38.0	39.0	40.0
25-055_R2_001_val_2_val_2	2.0	19.0	167.0	1410.0	6549.0	18310.0	30454.0	40203.0	43992.0	47912.0	50196.0	56855.0	62349.0	71345.0	79981.0	94477.0	107266.0	128848.0	154929.0	198608.0	255383.0	361607.0	544290.0	947124.0	1649694.0	3861823.0	17179797.0	5425684.0
	17.0	18.0	19.0	20.0	21.0	22.0	23.0	24.0	25.0	26.0	27.0	28.0	29.0	30.0	31.0	32.0	33.0	34.0	35.0	36.0	37.0	38.0	39.0	40.0
25-056_R1_001_val_1_val_1	33.0	568.0	2515.0	6311.0	10370.0	14828.0	17926.0	22188.0	26396.0	31791.0	37949.0	47740.0	57151.0	72320.0	89659.0	119030.0	157717.0	233327.0	365549.0	658217.0	1184128.0	3011075.0	17725251.0	9526980.0
	13.0	14.0	15.0	16.0	17.0	18.0	19.0	20.0	21.0	22.0	23.0	24.0	25.0	26.0	27.0	28.0	29.0	30.0	31.0	32.0	33.0	34.0	35.0	36.0	37.0	38.0	39.0	40.0
25-056_R2_001_val_2_val_2	4.0	21.0	287.0	4952.0	26720.0	49991.0	51906.0	54467.0	56865.0	61717.0	63943.0	71568.0	72952.0	80173.0	84709.0	96757.0	109604.0	127425.0	151600.0	194074.0	250188.0	354021.0	540339.0	948469.0	1676317.0	4073571.0	18695346.0	5521033.0
	17.0	18.0	19.0	20.0	21.0	22.0	23.0	24.0	25.0	26.0	27.0	28.0	29.0	30.0	31.0	32.0	33.0	34.0	35.0	36.0	37.0	38.0	39.0	40.0
25-058_R1_001_val_1_val_1	48.0	621.0	3041.0	7556.0	12323.0	17912.0	22231.0	28009.0	32468.0	39161.0	46442.0	57484.0	68853.0	86226.0	105469.0	137871.0	182473.0	267646.0	405053.0	709180.0	1260800.0	3146076.0	19143922.0	12000189.0
	13.0	14.0	15.0	16.0	17.0	18.0	19.0	20.0	21.0	22.0	23.0	24.0	25.0	26.0	27.0	28.0	29.0	30.0	31.0	32.0	33.0	34.0	35.0	36.0	37.0	38.0	39.0	40.0
25-058_R2_001_val_2_val_2	2.0	10.0	110.0	1427.0	7755.0	19141.0	29093.0	37868.0	43099.0	47970.0	51319.0	58724.0	63618.0	72428.0	80852.0	94201.0	106975.0	126629.0	151220.0	192428.0	249172.0	351341.0	531711.0	929374.0	1635237.0	3939076.0	20397321.0	8562953.0
	16.0	17.0	18.0	19.0	20.0	21.0	22.0	23.0	24.0	25.0	26.0	27.0	28.0	29.0	30.0	31.0	32.0	33.0	34.0	35.0	36.0	37.0	38.0	39.0	40.0
25-059_R1_001_val_1_val_1	5.0	106.0	1082.0	5038.0	13158.0	22971.0	31547.0	37332.0	43371.0	48900.0	57638.0	67179.0	83641.0	100442.0	126678.0	156999.0	212667.0	294404.0	398284.0	602712.0	1094034.0	1978136.0	5060169.0	31281085.0	19134309.0
	13.0	14.0	15.0	16.0	17.0	18.0	19.0	20.0	21.0	22.0	23.0	24.0	25.0	26.0	27.0	28.0	29.0	30.0	31.0	32.0	33.0	34.0	35.0	36.0	37.0	38.0	39.0	40.0
25-059_R2_001_val_2_val_2	3.0	14.0	212.0	3114.0	17978.0	41835.0	57819.0	73345.0	81304.0	89606.0	94381.0	104989.0	110328.0	122441.0	133199.0	154505.0	172656.0	206125.0	244381.0	316047.0	407230.0	579949.0	888212.0	1555196.0	2735556.0	6680367.0	33354457.0	12626638.0
	16.0	17.0	18.0	19.0	20.0	21.0	22.0	23.0	24.0	25.0	26.0	27.0	28.0	29.0	30.0	31.0	32.0	33.0	34.0	35.0	36.0	37.0	38.0	39.0	40.0
25-060_R1_001_val_1_val_1	2.0	76.0	972.0	4594.0	11397.0	18475.0	26072.0	32783.0	39709.0	45382.0	55121.0	64033.0	79192.0	95793.0	119993.0	148674.0	200006.0	275978.0	369633.0	554002.0	993976.0	1779908.0	4468637.0	26754488.0	16456880.0
	14.0	15.0	16.0	17.0	18.0	19.0	20.0	21.0	22.0	23.0	24.0	25.0	26.0	27.0	28.0	29.0	30.0	31.0	32.0	33.0	34.0	35.0	36.0	37.0	38.0	39.0	40.0
25-060_R2_001_val_2_val_2	16.0	220.0	2513.0	13955.0	32960.0	46819.0	59371.0	67312.0	73833.0	78478.0	89046.0	96198.0	108123.0	119503.0	138561.0	157679.0	185972.0	222075.0	287075.0	370379.0	523479.0	796215.0	1385247.0	2426092.0	5830910.0	28650231.0	10833514.0
	16.0	17.0	18.0	19.0	20.0	21.0	22.0	23.0	24.0	25.0	26.0	27.0	28.0	29.0	30.0	31.0	32.0	33.0	34.0	35.0	36.0	37.0	38.0	39.0	40.0
25-109_R1_001_val_1_val_1	1.0	64.0	753.0	3348.0	8487.0	14548.0	20266.0	25111.0	30992.0	37225.0	44588.0	52621.0	65552.0	79234.0	99331.0	122846.0	162551.0	215784.0	312441.0	478546.0	857398.0	1542670.0	3905821.0	22983752.0	12485337.0
	13.0	14.0	15.0	16.0	17.0	18.0	19.0	20.0	21.0	22.0	23.0	24.0	25.0	26.0	27.0	28.0	29.0	30.0	31.0	32.0	33.0	34.0	35.0	36.0	37.0	38.0	39.0	40.0
25-109_R2_001_val_2_val_2	1.0	12.0	158.0	1667.0	9063.0	22295.0	34360.0	45113.0	51067.0	55956.0	59945.0	68482.0	74230.0	85046.0	94720.0	110738.0	125564.0	150015.0	176765.0	226584.0	290682.0	409922.0	619679.0	1087668.0	1932847.0	4682694.0	23853101.0	9280893.0
	15.0	16.0	17.0	18.0	19.0	20.0	21.0	22.0	23.0	24.0	25.0	26.0	27.0	28.0	29.0	30.0	31.0	32.0	33.0	34.0	35.0	36.0	37.0	38.0	39.0	40.0
25-110_R1_001_val_1_val_1	1.0	2.0	64.0	770.0	3728.0	8903.0	14175.0	18832.0	22020.0	26180.0	29632.0	35543.0	41831.0	52374.0	63033.0	80758.0	99973.0	135021.0	178220.0	263670.0	411341.0	737440.0	1331147.0	3324173.0	18196422.0	8983828.0
	13.0	14.0	15.0	16.0	17.0	18.0	19.0	20.0	21.0	22.0	23.0	24.0	25.0	26.0	27.0	28.0	29.0	30.0	31.0	32.0	33.0	34.0	35.0	36.0	37.0	38.0	39.0	40.0
25-110_R2_001_val_2_val_2	1.0	10.0	157.0	1647.0	9029.0	22750.0	35031.0	45925.0	51138.0	55958.0	58720.0	65212.0	70876.0	80122.0	88279.0	103319.0	117825.0	141273.0	169520.0	218788.0	283188.0	400868.0	609283.0	1066010.0	1868099.0	4399496.0	18758707.0	5337850.0
	16.0	17.0	18.0	19.0	20.0	21.0	22.0	23.0	24.0	25.0	26.0	27.0	28.0	29.0	30.0	31.0	32.0	33.0	34.0	35.0	36.0	37.0	38.0	39.0	40.0
25-112_R1_001_val_1_val_1	3.0	57.0	771.0	3413.0	8947.0	14963.0	21394.0	26191.0	32758.0	38687.0	47249.0	56290.0	70461.0	85485.0	108313.0	133319.0	178635.0	236506.0	345541.0	538248.0	961813.0	1732770.0	4375186.0	24488942.0	12192428.0
	13.0	14.0	15.0	16.0	17.0	18.0	19.0	20.0	21.0	22.0	23.0	24.0	25.0	26.0	27.0	28.0	29.0	30.0	31.0	32.0	33.0	34.0	35.0	36.0	37.0	38.0	39.0	40.0
25-112_R2_001_val_2_val_2	3.0	14.0	151.0	1705.0	9385.0	25983.0	43939.0	59306.0	66035.0	71278.0	75381.0	85195.0	92345.0	105593.0	117631.0	138034.0	157266.0	188275.0	226188.0	290905.0	377396.0	534172.0	807447.0	1399780.0	2429773.0	5684415.0	25076092.0	7634683.0
	17.0	18.0	19.0	20.0	21.0	22.0	23.0	24.0	25.0	26.0	27.0	28.0	29.0	30.0	31.0	32.0	33.0	34.0	35.0	36.0	37.0	38.0	39.0	40.0
25-113_R1_001_val_1_val_1	52.0	637.0	2847.0	6785.0	11057.0	15158.0	18522.0	22879.0	26638.0	32776.0	38555.0	48738.0	58876.0	74744.0	93583.0	125532.0	169535.0	245840.0	377602.0	680968.0	1230402.0	3110499.0	16958640.0	7804465.0
	12.0	13.0	14.0	15.0	16.0	17.0	18.0	19.0	20.0	21.0	22.0	23.0	24.0	25.0	26.0	27.0	28.0	29.0	30.0	31.0	32.0	33.0	34.0	35.0	36.0	37.0	38.0	39.0	40.0
25-113_R2_001_val_2_val_2	1.0	2.0	12.0	121.0	1255.0	6653.0	17746.0	28917.0	38612.0	43897.0	47908.0	50660.0	57250.0	62583.0	71361.0	79780.0	93618.0	106911.0	127068.0	154207.0	197598.0	255154.0	361818.0	552005.0	969249.0	1714609.0	4095633.0	17382025.0	4638677.0
	16.0	17.0	18.0	19.0	20.0	21.0	22.0	23.0	24.0	25.0	26.0	27.0	28.0	29.0	30.0	31.0	32.0	33.0	34.0	35.0	36.0	37.0	38.0	39.0	40.0
25-114_R1_001_val_1_val_1	2.0	97.0	1180.0	5368.0	13839.0	23303.0	32482.0	39600.0	48557.0	56393.0	67557.0	79595.0	99603.0	118286.0	149351.0	185332.0	244181.0	320917.0	467904.0	724974.0	1292785.0	2320922.0	5872958.0	34705530.0	18466797.0
	13.0	14.0	15.0	16.0	17.0	18.0	19.0	20.0	21.0	22.0	23.0	24.0	25.0	26.0	27.0	28.0	29.0	30.0	31.0	32.0	33.0	34.0	35.0	36.0	37.0	38.0	39.0	40.0
25-114_R2_001_val_2_val_2	3.0	12.0	194.0	2114.0	11543.0	30098.0	48805.0	65120.0	74135.0	81684.0	87983.0	100635.0	110722.0	127115.0	142137.0	166819.0	189785.0	226913.0	274722.0	357534.0	465270.0	665905.0	1015364.0	1760589.0	3073712.0	7342940.0	36179107.0	12736553.0
	16.0	17.0	18.0	19.0	20.0	21.0	22.0	23.0	24.0	25.0	26.0	27.0	28.0	29.0	30.0	31.0	32.0	33.0	34.0	35.0	36.0	37.0	38.0	39.0	40.0
25-115_R1_001_val_1_val_1	1.0	56.0	630.0	2828.0	7193.0	11493.0	15770.0	19464.0	24190.0	28463.0	34300.0	40443.0	50465.0	61409.0	76904.0	94363.0	126439.0	166377.0	244160.0	375656.0	671568.0	1213973.0	3091048.0	19683829.0	11942621.0
	14.0	15.0	16.0	17.0	18.0	19.0	20.0	21.0	22.0	23.0	24.0	25.0	26.0	27.0	28.0	29.0	30.0	31.0	32.0	33.0	34.0	35.0	36.0	37.0	38.0	39.0	40.0
25-115_R2_001_val_2_val_2	9.0	105.0	1188.0	6482.0	16548.0	27030.0	36314.0	41090.0	44548.0	47451.0	53646.0	58744.0	67441.0	74831.0	87086.0	98592.0	117980.0	139480.0	179754.0	232556.0	328941.0	505119.0	898466.0	1602537.0	3951031.0	21095483.0	8271191.0
	17.0	18.0	19.0	20.0	21.0	22.0	23.0	24.0	25.0	26.0	27.0	28.0	29.0	30.0	31.0	32.0	33.0	34.0	35.0	36.0	37.0	38.0	39.0	40.0
25-116_R1_001_val_1_val_1	50.0	696.0	3651.0	9672.0	16411.0	22116.0	26349.0	31129.0	36014.0	42580.0	50038.0	61870.0	74242.0	93323.0	115904.0	152923.0	204020.0	299469.0	462920.0	829835.0	1499022.0	3821684.0	23074330.0	12089197.0
	12.0	13.0	14.0	15.0	16.0	17.0	18.0	19.0	20.0	21.0	22.0	23.0	24.0	25.0	26.0	27.0	28.0	29.0	30.0	31.0	32.0	33.0	34.0	35.0	36.0	37.0	38.0	39.0	40.0
25-116_R2_001_val_2_val_2	1.0	1.0	12.0	135.0	1606.0	8718.0	22749.0	36860.0	50760.0	57906.0	63117.0	65951.0	74307.0	81118.0	91712.0	101539.0	118573.0	134318.0	159257.0	188970.0	240782.0	308306.0	435046.0	660589.0	1160816.0	2063053.0	4949148.0	23861288.0	8080807.0
	17.0	18.0	19.0	20.0	21.0	22.0	23.0	24.0	25.0	26.0	27.0	28.0	29.0	30.0	31.0	32.0	33.0	34.0	35.0	36.0	37.0	38.0	39.0	40.0
25-117_R1_001_val_1_val_1	29.0	484.0	2277.0	6045.0	10816.0	15848.0	19730.0	25176.0	29553.0	36032.0	42678.0	53455.0	64199.0	81325.0	101087.0	135493.0	179939.0	265257.0	414194.0	743045.0	1342648.0	3407442.0	19678319.0	11101270.0
	13.0	14.0	15.0	16.0	17.0	18.0	19.0	20.0	21.0	22.0	23.0	24.0	25.0	26.0	27.0	28.0	29.0	30.0	31.0	32.0	33.0	34.0	35.0	36.0	37.0	38.0	39.0	40.0
25-117_R2_001_val_2_val_2	2.0	9.0	149.0	1598.0	8475.0	21926.0	34587.0	45630.0	51896.0	56905.0	59740.0	66834.0	72272.0	82151.0	91100.0	105966.0	120243.0	143491.0	172355.0	219726.0	281437.0	398950.0	605791.0	1058924.0	1858444.0	4418011.0	20237149.0	7542580.0
	16.0	17.0	18.0	19.0	20.0	21.0	22.0	23.0	24.0	25.0	26.0	27.0	28.0	29.0	30.0	31.0	32.0	33.0	34.0	35.0	36.0	37.0	38.0	39.0	40.0
25-119_R1_001_val_1_val_1	1.0	64.0	798.0	3866.0	10397.0	17700.0	25192.0	30536.0	36992.0	42925.0	51861.0	61602.0	77488.0	93128.0	119524.0	149509.0	202926.0	270232.0	399515.0	625460.0	1123891.0	2029846.0	5057950.0	26598826.0	12204692.0
	13.0	14.0	15.0	16.0	17.0	18.0	19.0	20.0	21.0	22.0	23.0	24.0	25.0	26.0	27.0	28.0	29.0	30.0	31.0	32.0	33.0	34.0	35.0	36.0	37.0	38.0	39.0	40.0
25-119_R2_001_val_2_val_2	1.0	22.0	245.0	2885.0	15106.0	36390.0	54966.0	71148.0	81456.0	89873.0	94185.0	104780.0	113956.0	128276.0	142451.0	167160.0	191583.0	230406.0	278859.0	362187.0	467912.0	662892.0	1000068.0	1723460.0	2979307.0	6810016.0	26560266.0	6865065.0
	16.0	17.0	18.0	19.0	20.0	21.0	22.0	23.0	24.0	25.0	26.0	27.0	28.0	29.0	30.0	31.0	32.0	33.0	34.0	35.0	36.0	37.0	38.0	39.0	40.0
25-120_R1_001_val_1_val_1	1.0	59.0	748.0	3539.0	9105.0	15933.0	22979.0	28839.0	36129.0	43484.0	52226.0	62015.0	77012.0	91818.0	115112.0	142083.0	186873.0	245361.0	360217.0	560545.0	994429.0	1788660.0	4524830.0	28048170.0	17062100.0
	13.0	14.0	15.0	16.0	17.0	18.0	19.0	20.0	21.0	22.0	23.0	24.0	25.0	26.0	27.0	28.0	29.0	30.0	31.0	32.0	33.0	34.0	35.0	36.0	37.0	38.0	39.0	40.0
25-120_R2_001_val_2_val_2	1.0	14.0	148.0	1708.0	10077.0	24802.0	37175.0	49575.0	56962.0	63217.0	68114.0	77713.0	85065.0	97778.0	109716.0	128235.0	145835.0	174588.0	209884.0	267351.0	344692.0	487832.0	748809.0	1322916.0	2357315.0	5794023.0	29985937.0	11822785.0
	16.0	17.0	18.0	19.0	20.0	21.0	22.0	23.0	24.0	25.0	26.0	27.0	28.0	29.0	30.0	31.0	32.0	33.0	34.0	35.0	36.0	37.0	38.0	39.0	40.0
25-167_R1_001_val_1_val_1	2.0	42.0	558.0	2714.0	7162.0	11608.0	16214.0	19409.0	24036.0	28161.0	34066.0	40629.0	50830.0	60801.0	77119.0	96186.0	128533.0	171251.0	252953.0	396884.0	716296.0	1291160.0	3283931.0	19260492.0	10130773.0
	13.0	14.0	15.0	16.0	17.0	18.0	19.0	20.0	21.0	22.0	23.0	24.0	25.0	26.0	27.0	28.0	29.0	30.0	31.0	32.0	33.0	34.0	35.0	36.0	37.0	38.0	39.0	40.0
25-167_R2_001_val_2_val_2	2.0	12.0	292.0	5245.0	28564.0	55321.0	55899.0	59523.0	62037.0	66899.0	69989.0	77743.0	79373.0	87974.0	91962.0	105679.0	117679.0	138231.0	163025.0	209396.0	269549.0	382391.0	580660.0	1015334.0	1784628.0	4318700.0	20040862.0	6234841.0
	17.0	18.0	19.0	20.0	21.0	22.0	23.0	24.0	25.0	26.0	27.0	28.0	29.0	30.0	31.0	32.0	33.0	34.0	35.0	36.0	37.0	38.0	39.0	40.0
25-168_R1_001_val_1_val_1	57.0	682.0	3295.0	8700.0	14811.0	21072.0	25337.0	30027.0	34643.0	42352.0	49118.0	61274.0	73513.0	93684.0	115203.0	154984.0	206716.0	305470.0	469847.0	839733.0	1518216.0	3868084.0	22720966.0	11866475.0
	13.0	14.0	15.0	16.0	17.0	18.0	19.0	20.0	21.0	22.0	23.0	24.0	25.0	26.0	27.0	28.0	29.0	30.0	31.0	32.0	33.0	34.0	35.0	36.0	37.0	38.0	39.0	40.0
25-168_R2_001_val_2_val_2	1.0	10.0	134.0	1729.0	9300.0	24703.0	40061.0	54411.0	63001.0	70015.0	73507.0	81603.0	88343.0	99442.0	109768.0	128532.0	143991.0	171369.0	202833.0	260889.0	334147.0	472224.0	713976.0	1241170.0	2174038.0	5145410.0	23375706.0	7443946.0
	16.0	17.0	18.0	19.0	20.0	21.0	22.0	23.0	24.0	25.0	26.0	27.0	28.0	29.0	30.0	31.0	32.0	33.0	34.0	35.0	36.0	37.0	38.0	39.0	40.0
25-169_R1_001_val_1_val_1	3.0	72.0	907.0	3816.0	9495.0	15925.0	23231.0	29109.0	37108.0	43256.0	51630.0	61043.0	76152.0	91727.0	115988.0	143660.0	194088.0	274024.0	385239.0	547693.0	977587.0	1765968.0	4527525.0	27298162.0	16547063.0
	13.0	14.0	15.0	16.0	17.0	18.0	19.0	20.0	21.0	22.0	23.0	24.0	25.0	26.0	27.0	28.0	29.0	30.0	31.0	32.0	33.0	34.0	35.0	36.0	37.0	38.0	39.0	40.0
25-169_R2_001_val_2_val_2	1.0	11.0	176.0	2253.0	12508.0	29920.0	42985.0	54243.0	59968.0	65778.0	69832.0	78860.0	85370.0	96833.0	105065.0	122841.0	138296.0	163306.0	193828.0	247789.0	316317.0	447606.0	679850.0	1199557.0	2145777.0	5332623.0	28350791.0	13178087.0
	16.0	17.0	18.0	19.0	20.0	21.0	22.0	23.0	24.0	25.0	26.0	27.0	28.0	29.0	30.0	31.0	32.0	33.0	34.0	35.0	36.0	37.0	38.0	39.0	40.0
25-170_R1_001_val_1_val_1	2.0	69.0	776.0	3752.0	9355.0	16057.0	22722.0	27803.0	34631.0	40358.0	48893.0	57684.0	72316.0	86452.0	108688.0	134032.0	178400.0	235759.0	343140.0	525134.0	934537.0	1679519.0	4239964.0	25410964.0	14111639.0
	13.0	14.0	15.0	16.0	17.0	18.0	19.0	20.0	21.0	22.0	23.0	24.0	25.0	26.0	27.0	28.0	29.0	30.0	31.0	32.0	33.0	34.0	35.0	36.0	37.0	38.0	39.0	40.0
25-170_R2_001_val_2_val_2	1.0	13.0	140.0	1692.0	9752.0	25147.0	41369.0	56736.0	64294.0	70428.0	75897.0	84710.0	92394.0	104970.0	116682.0	136531.0	154927.0	184280.0	218572.0	279391.0	358798.0	505304.0	765958.0	1340377.0	2364315.0	5682347.0	26858339.0	8729282.0
	16.0	17.0	18.0	19.0	20.0	21.0	22.0	23.0	24.0	25.0	26.0	27.0	28.0	29.0	30.0	31.0	32.0	33.0	34.0	35.0	36.0	37.0	38.0	39.0	40.0
25-171_R1_001_val_1_val_1	1.0	61.0	825.0	3680.0	10242.0	17490.0	24589.0	28993.0	34907.0	40052.0	47894.0	56639.0	71473.0	85299.0	108246.0	134069.0	179469.0	239864.0	350075.0	545985.0	979287.0	1772544.0	4491322.0	24950168.0	11620472.0
	13.0	14.0	15.0	16.0	17.0	18.0	19.0	20.0	21.0	22.0	23.0	24.0	25.0	26.0	27.0	28.0	29.0	30.0	31.0	32.0	33.0	34.0	35.0	36.0	37.0	38.0	39.0	40.0
25-171_R2_001_val_2_val_2	2.0	19.0	188.0	1906.0	9966.0	26849.0	44500.0	59178.0	66954.0	73097.0	76360.0	86194.0	93307.0	106098.0	117811.0	137061.0	156026.0	188071.0	224010.0	289948.0	371601.0	525910.0	796828.0	1391472.0	2439984.0	5687558.0	24934184.0	7888564.0
	17.0	18.0	19.0	20.0	21.0	22.0	23.0	24.0	25.0	26.0	27.0	28.0	29.0	30.0	31.0	32.0	33.0	34.0	35.0	36.0	37.0	38.0	39.0	40.0
25-172_R1_001_val_1_val_1	44.0	581.0	2843.0	7527.0	12529.0	17701.0	21720.0	26330.0	30845.0	37151.0	43793.0	55181.0	66545.0	83400.0	104002.0	139092.0	186258.0	270874.0	416031.0	747342.0	1351993.0	3435847.0	19465424.0	9534908.0
	12.0	13.0	14.0	15.0	16.0	17.0	18.0	19.0	20.0	21.0	22.0	23.0	24.0	25.0	26.0	27.0	28.0	29.0	30.0	31.0	32.0	33.0	34.0	35.0	36.0	37.0	38.0	39.0	40.0
25-172_R2_001_val_2_val_2	1.0	1.0	10.0	138.0	1375.0	7729.0	19832.0	31531.0	42419.0	48409.0	53623.0	56796.0	65269.0	71232.0	82067.0	91293.0	107447.0	121337.0	145572.0	174430.0	223913.0	288338.0	406911.0	614913.0	1069165.0	1887840.0	4544634.0	20096322.0	5805414.0
	17.0	18.0	19.0	20.0	21.0	22.0	23.0	24.0	25.0	26.0	27.0	28.0	29.0	30.0	31.0	32.0	33.0	34.0	35.0	36.0	37.0	38.0	39.0	40.0
25-174_R1_001_val_1_val_1	48.0	801.0	4767.0	15042.0	27886.0	36748.0	38152.0	37939.0	37695.0	40818.0	45430.0	54224.0	64940.0	81561.0	100467.0	133989.0	175449.0	256236.0	397126.0	705786.0	1268505.0	3183175.0	18312294.0	9715575.0
	13.0	14.0	15.0	16.0	17.0	18.0	19.0	20.0	21.0	22.0	23.0	24.0	25.0	26.0	27.0	28.0	29.0	30.0	31.0	32.0	33.0	34.0	35.0	36.0	37.0	38.0	39.0	40.0
25-174_R2_001_val_2_val_2	3.0	11.0	135.0	1680.0	8947.0	21526.0	32278.0	42942.0	49605.0	53923.0	56994.0	63663.0	67758.0	76601.0	84446.0	98203.0	110376.0	132261.0	158732.0	204306.0	263766.0	372651.0	567792.0	994797.0	1752988.0	4229343.0	19361801.0	5927125.0
	16.0	17.0	18.0	19.0	20.0	21.0	22.0	23.0	24.0	25.0	26.0	27.0	28.0	29.0	30.0	31.0	32.0	33.0	34.0	35.0	36.0	37.0	38.0	39.0	40.0
25-175_R1_001_val_1_val_1	2.0	41.0	693.0	3211.0	7822.0	12804.0	18412.0	22715.0	28210.0	32974.0	39993.0	47591.0	59402.0	71376.0	91265.0	114222.0	153504.0	208109.0	305225.0	468270.0	841971.0	1519839.0	3775304.0	19354992.0	8827357.0
	13.0	14.0	15.0	16.0	17.0	18.0	19.0	20.0	21.0	22.0	23.0	24.0	25.0	26.0	27.0	28.0	29.0	30.0	31.0	32.0	33.0	34.0	35.0	36.0	37.0	38.0	39.0	40.0
25-175_R2_001_val_2_val_2	1.0	21.0	190.0	1674.0	9234.0	25272.0	42130.0	54938.0	61671.0	67363.0	70215.0	78627.0	84667.0	95640.0	106370.0	124157.0	141655.0	170622.0	204319.0	265256.0	340196.0	480661.0	723673.0	1249014.0	2153211.0	4887877.0	19224040.0	5342610.0
	17.0	18.0	19.0	20.0	21.0	22.0	23.0	24.0	25.0	26.0	27.0	28.0	29.0	30.0	31.0	32.0	33.0	34.0	35.0	36.0	37.0	38.0	39.0	40.0
25-177_R1_001_val_1_val_1	55.0	663.0	3320.0	8952.0	16099.0	23052.0	27546.0	32159.0	36343.0	42970.0	50312.0	63188.0	75497.0	95721.0	118005.0	157979.0	207972.0	305628.0	475054.0	849133.0	1535708.0	3885254.0	22596742.0	11524472.0
	13.0	14.0	15.0	16.0	17.0	18.0	19.0	20.0	21.0	22.0	23.0	24.0	25.0	26.0	27.0	28.0	29.0	30.0	31.0	32.0	33.0	34.0	35.0	36.0	37.0	38.0	39.0	40.0
25-177_R2_001_val_2_val_2	1.0	19.0	135.0	1516.0	8051.0	21082.0	33999.0	45613.0	52640.0	58828.0	62362.0	71397.0	77674.0	89205.0	99400.0	116397.0	132525.0	159191.0	192794.0	249806.0	323148.0	458741.0	695620.0	1200837.0	2084312.0	4917116.0	23123389.0	7856026.0
	16.0	17.0	18.0	19.0	20.0	21.0	22.0	23.0	24.0	25.0	26.0	27.0	28.0	29.0	30.0	31.0	32.0	33.0	34.0	35.0	36.0	37.0	38.0	39.0	40.0
25-179_R1_001_val_1_val_1	1.0	70.0	660.0	3173.0	7998.0	13495.0	19092.0	23395.0	28353.0	32876.0	39401.0	46345.0	57214.0	69320.0	86717.0	107865.0	145325.0	199487.0	270659.0	407833.0	736398.0	1321375.0	3340007.0	20192490.0	12393201.0
	13.0	14.0	15.0	16.0	17.0	18.0	19.0	20.0	21.0	22.0	23.0	24.0	25.0	26.0	27.0	28.0	29.0	30.0	31.0	32.0	33.0	34.0	35.0	36.0	37.0	38.0	39.0	40.0
25-179_R2_001_val_2_val_2	1.0	11.0	152.0	1926.0	10628.0	25414.0	36431.0	46252.0	51802.0	57130.0	60233.0	67861.0	71929.0	81592.0	88453.0	102732.0	116407.0	137695.0	165001.0	212247.0	273086.0	385628.0	586544.0	1025034.0	1809418.0	4384785.0	21537434.0	8206924.0
	16.0	17.0	18.0	19.0	20.0	21.0	22.0	23.0	24.0	25.0	26.0	27.0	28.0	29.0	30.0	31.0	32.0	33.0	34.0	35.0	36.0	37.0	38.0	39.0	40.0
25-180_R1_001_val_1_val_1	1.0	46.0	689.0	3161.0	8261.0	14995.0	22215.0	28632.0	36848.0	43199.0	51398.0	60324.0	75812.0	90936.0	115359.0	142571.0	194831.0	281753.0	385921.0	521797.0	925382.0	1666854.0	4197480.0	24237497.0	14614416.0
	13.0	14.0	15.0	16.0	17.0	18.0	19.0	20.0	21.0	22.0	23.0	24.0	25.0	26.0	27.0	28.0	29.0	30.0	31.0	32.0	33.0	34.0	35.0	36.0	37.0	38.0	39.0	40.0
25-180_R2_001_val_2_val_2	1.0	19.0	187.0	2492.0	13095.0	29954.0	42826.0	52992.0	58761.0	64762.0	68000.0	77975.0	83849.0	95093.0	104589.0	121814.0	136468.0	161952.0	191981.0	246381.0	318021.0	448830.0	684610.0	1196421.0	2114946.0	5100282.0	25236139.0	11067938.0
	17.0	18.0	19.0	20.0	21.0	22.0	23.0	24.0	25.0	26.0	27.0	28.0	29.0	30.0	31.0	32.0	33.0	34.0	35.0	36.0	37.0	38.0	39.0	40.0
25-185_R1_001_val_1_val_1	33.0	484.0	2180.0	5823.0	9957.0	13690.0	16405.0	19901.0	23230.0	27284.0	32320.0	40518.0	49337.0	61706.0	76964.0	103590.0	138774.0	203482.0	313951.0	567562.0	1031206.0	2625464.0	14273407.0	6364111.0
	14.0	15.0	16.0	17.0	18.0	19.0	20.0	21.0	22.0	23.0	24.0	25.0	26.0	27.0	28.0	29.0	30.0	31.0	32.0	33.0	34.0	35.0	36.0	37.0	38.0	39.0	40.0
25-185_R2_001_val_2_val_2	5.0	97.0	1151.0	6256.0	16861.0	27177.0	35971.0	40764.0	44310.0	46467.0	51604.0	56232.0	63323.0	70632.0	82528.0	92765.0	111331.0	133242.0	170458.0	220488.0	309398.0	471236.0	827360.0	1461414.0	3453648.0	14403624.0	3803037.0
	16.0	17.0	18.0	19.0	20.0	21.0	22.0	23.0	24.0	25.0	26.0	27.0	28.0	29.0	30.0	31.0	32.0	33.0	34.0	35.0	36.0	37.0	38.0	39.0	40.0
25-186_R1_001_val_1_val_1	2.0	32.0	481.0	1995.0	5124.0	8754.0	12506.0	15462.0	18908.0	22272.0	27385.0	32016.0	40256.0	48339.0	60716.0	75324.0	101179.0	135287.0	197188.0	303765.0	544105.0	979840.0	2468050.0	13426476.0	6384026.0
	12.0	13.0	14.0	15.0	16.0	17.0	18.0	19.0	20.0	21.0	22.0	23.0	24.0	25.0	26.0	27.0	28.0	29.0	30.0	31.0	32.0	33.0	34.0	35.0	36.0	37.0	38.0	39.0	40.0
25-186_R2_001_val_2_val_2	1.0	0.0	8.0	104.0	1041.0	5858.0	15604.0	25421.0	34038.0	38479.0	41914.0	44089.0	49748.0	53976.0	61118.0	67924.0	80128.0	90772.0	108689.0	130552.0	167018.0	215851.0	303451.0	459692.0	802580.0	1407779.0	3337694.0	13786442.0	3579517.0
	17.0	18.0	19.0	20.0	21.0	22.0	23.0	24.0	25.0	26.0	27.0	28.0	29.0	30.0	31.0	32.0	33.0	34.0	35.0	36.0	37.0	38.0	39.0	40.0
25-193_R1_001_val_1_val_1	32.0	331.0	1671.0	4431.0	7916.0	11423.0	14498.0	17820.0	20863.0	24940.0	28916.0	35852.0	43297.0	54778.0	68043.0	91388.0	122317.0	182630.0	283778.0	507080.0	911051.0	2292182.0	13492457.0	7911922.0
	12.0	13.0	14.0	15.0	16.0	17.0	18.0	19.0	20.0	21.0	22.0	23.0	24.0	25.0	26.0	27.0	28.0	29.0	30.0	31.0	32.0	33.0	34.0	35.0	36.0	37.0	38.0	39.0	40.0
25-193_R2_001_val_2_val_2	1.0	1.0	13.0	113.0	1242.0	6160.0	15328.0	22620.0	29766.0	33792.0	37802.0	39140.0	43835.0	47101.0	53281.0	59047.0	69502.0	79291.0	96081.0	116262.0	152274.0	198392.0	282054.0	428839.0	739051.0	1277311.0	2963798.0	13874578.0	5462941.0
	16.0	17.0	18.0	19.0	20.0	21.0	22.0	23.0	24.0	25.0	26.0	27.0	28.0	29.0	30.0	31.0	32.0	33.0	34.0	35.0	36.0	37.0	38.0	39.0	40.0
25-194_R1_001_val_1_val_1	2.0	34.0	489.0	2317.0	5868.0	10162.0	13919.0	16728.0	20441.0	23957.0	28826.0	33992.0	42433.0	51047.0	64790.0	80202.0	107679.0	143440.0	211467.0	332890.0	601430.0	1092329.0	2795912.0	16102134.0	7909128.0
	13.0	14.0	15.0	16.0	17.0	18.0	19.0	20.0	21.0	22.0	23.0	24.0	25.0	26.0	27.0	28.0	29.0	30.0	31.0	32.0	33.0	34.0	35.0	36.0	37.0	38.0	39.0	40.0
25-194_R2_001_val_2_val_2	4.0	20.0	244.0	4320.0	23460.0	45566.0	47551.0	50149.0	53213.0	57279.0	59205.0	65014.0	67100.0	72978.0	77918.0	90210.0	99769.0	117934.0	139300.0	177693.0	228672.0	322837.0	492540.0	863895.0	1524656.0	3650928.0	16462272.0	4896889.0
	17.0	18.0	19.0	20.0	21.0	22.0	23.0	24.0	25.0	26.0	27.0	28.0	29.0	30.0	31.0	32.0	33.0	34.0	35.0	36.0	37.0	38.0	39.0	40.0
25-195_R1_001_val_1_val_1	37.0	534.0	2424.0	6246.0	10327.0	15020.0	18455.0	22975.0	27390.0	33231.0	39655.0	49525.0	59600.0	75095.0	92671.0	123662.0	166094.0	240054.0	361301.0	644164.0	1151551.0	2904073.0	16893691.0	9583137.0
	13.0	14.0	15.0	16.0	17.0	18.0	19.0	20.0	21.0	22.0	23.0	24.0	25.0	26.0	27.0	28.0	29.0	30.0	31.0	32.0	33.0	34.0	35.0	36.0	37.0	38.0	39.0	40.0
25-195_R2_001_val_2_val_2	2.0	7.0	94.0	992.0	4759.0	13163.0	22199.0	29661.0	33292.0	36756.0	39903.0	45890.0	51034.0	58936.0	66109.0	78306.0	88978.0	106287.0	126749.0	161261.0	206058.0	292105.0	442064.0	775347.0	1385928.0	3391125.0	17877474.0	7186433.0
	16.0	17.0	18.0	19.0	20.0	21.0	22.0	23.0	24.0	25.0	26.0	27.0	28.0	29.0	30.0	31.0	32.0	33.0	34.0	35.0	36.0	37.0	38.0	39.0	40.0
25-202_R1_001_val_1_val_1	1.0	76.0	931.0	4390.0	10506.0	15615.0	21047.0	25642.0	30967.0	36077.0	42966.0	50488.0	62969.0	75901.0	95942.0	118346.0	157460.0	210861.0	310231.0	477670.0	864521.0	1563201.0	3995176.0	24358564.0	14325117.0
	12.0	13.0	14.0	15.0	16.0	17.0	18.0	19.0	20.0	21.0	22.0	23.0	24.0	25.0	26.0	27.0	28.0	29.0	30.0	31.0	32.0	33.0	34.0	35.0	36.0	37.0	38.0	39.0	40.0
25-202_R2_001_val_2_val_2	1.0	0.0	12.0	154.0	1750.0	9256.0	23234.0	36091.0	47715.0	53504.0	59803.0	62569.0	70568.0	76283.0	87221.0	95901.0	112513.0	126424.0	152149.0	181864.0	233930.0	302730.0	428982.0	653603.0	1155654.0	2059182.0	5017708.0	25550394.0	10255470.0
	17.0	18.0	19.0	20.0	21.0	22.0	23.0	24.0	25.0	26.0	27.0	28.0	29.0	30.0	31.0	32.0	33.0	34.0	35.0	36.0	37.0	38.0	39.0	40.0
25-203_R1_001_val_1_val_1	42.0	518.0	2583.0	6554.0	11231.0	16008.0	19958.0	24464.0	29054.0	35154.0	41432.0	51464.0	61847.0	78415.0	96702.0	128611.0	170841.0	251267.0	392742.0	703378.0	1266342.0	3199417.0	18501586.0	9480304.0
	13.0	14.0	15.0	16.0	17.0	18.0	19.0	20.0	21.0	22.0	23.0	24.0	25.0	26.0	27.0	28.0	29.0	30.0	31.0	32.0	33.0	34.0	35.0	36.0	37.0	38.0	39.0	40.0
25-203_R2_001_val_2_val_2	4.0	19.0	292.0	4936.0	27310.0	52032.0	52657.0	54438.0	57280.0	62234.0	65546.0	73474.0	75571.0	83521.0	88313.0	101562.0	113001.0	132533.0	156915.0	201094.0	258952.0	366199.0	559451.0	978743.0	1725199.0	4176029.0	19279123.0	5823486.0
	16.0	17.0	18.0	19.0	20.0	21.0	22.0	23.0	24.0	25.0	26.0	27.0	28.0	29.0	30.0	31.0	32.0	33.0	34.0	35.0	36.0	37.0	38.0	39.0	40.0
5-002_R1_001_val_1_val_1	2.0	57.0	649.0	3104.0	8036.0	13322.0	19052.0	23069.0	28405.0	33787.0	40624.0	47638.0	60075.0	72364.0	91358.0	112210.0	149669.0	199784.0	294239.0	451504.0	807853.0	1458391.0	3684285.0	22051908.0	11973483.0
	13.0	14.0	15.0	16.0	17.0	18.0	19.0	20.0	21.0	22.0	23.0	24.0	25.0	26.0	27.0	28.0	29.0	30.0	31.0	32.0	33.0	34.0	35.0	36.0	37.0	38.0	39.0	40.0
5-002_R2_001_val_2_val_2	1.0	14.0	128.0	1581.0	8382.0	21641.0	34220.0	46461.0	52833.0	57452.0	60173.0	68729.0	74193.0	85340.0	94092.0	110445.0	126008.0	150983.0	181990.0	233890.0	301693.0	427367.0	651947.0	1138544.0	2006714.0	4792195.0	22987272.0	7910580.0
	16.0	17.0	18.0	19.0	20.0	21.0	22.0	23.0	24.0	25.0	26.0	27.0	28.0	29.0	30.0	31.0	32.0	33.0	34.0	35.0	36.0	37.0	38.0	39.0	40.0
5-003_R1_001_val_1_val_1	5.0	50.0	715.0	3537.0	8783.0	13825.0	18697.0	22532.0	27614.0	32175.0	38879.0	46443.0	57498.0	68818.0	87371.0	108027.0	143110.0	190991.0	280230.0	437278.0	791267.0	1432649.0	3654651.0	23302688.0	14112183.0
	13.0	14.0	15.0	16.0	17.0	18.0	19.0	20.0	21.0	22.0	23.0	24.0	25.0	26.0	27.0	28.0	29.0	30.0	31.0	32.0	33.0	34.0	35.0	36.0	37.0	38.0	39.0	40.0
5-003_R2_001_val_2_val_2	1.0	16.0	122.0	1471.0	7927.0	20429.0	32718.0	43824.0	49174.0	54177.0	56537.0	64193.0	70264.0	80173.0	88063.0	103588.0	117847.0	141569.0	170430.0	220993.0	286040.0	405596.0	624577.0	1100750.0	1956895.0	4740672.0	24678148.0	9763822.0
	16.0	17.0	18.0	19.0	20.0	21.0	22.0	23.0	24.0	25.0	26.0	27.0	28.0	29.0	30.0	31.0	32.0	33.0	34.0	35.0	36.0	37.0	38.0	39.0	40.0
5-004_R1_001_val_1_val_1	4.0	59.0	769.0	3725.0	9315.0	15516.0	21223.0	26216.0	32533.0	38209.0	45911.0	54780.0	68082.0	82361.0	104129.0	128560.0	171483.0	230676.0	338719.0	518159.0	935756.0	1688525.0	4294789.0	26104607.0	15338619.0
	14.0	15.0	16.0	17.0	18.0	19.0	20.0	21.0	22.0	23.0	24.0	25.0	26.0	27.0	28.0	29.0	30.0	31.0	32.0	33.0	34.0	35.0	36.0	37.0	38.0	39.0	40.0
5-004_R2_001_val_2_val_2	12.0	146.0	1778.0	9263.0	23669.0	36806.0	49363.0	56814.0	62714.0	66370.0	74840.0	82058.0	93597.0	103553.0	122399.0	138028.0	164712.0	198362.0	254418.0	328658.0	465592.0	711940.0	1252752.0	2229974.0	5436423.0	27646676.0	10641808.0
	16.0	17.0	18.0	19.0	20.0	21.0	22.0	23.0	24.0	25.0	26.0	27.0	28.0	29.0	30.0	31.0	32.0	33.0	34.0	35.0	36.0	37.0	38.0	39.0	40.0
5-005_R1_001_val_1_val_1	2.0	46.0	652.0	2966.0	8114.0	13517.0	19141.0	23108.0	28083.0	32502.0	38858.0	45278.0	56623.0	68347.0	86535.0	107660.0	144453.0	193486.0	284832.0	442900.0	800371.0	1448805.0	3670014.0	22240488.0	12353504.0
	13.0	14.0	15.0	16.0	17.0	18.0	19.0	20.0	21.0	22.0	23.0	24.0	25.0	26.0	27.0	28.0	29.0	30.0	31.0	32.0	33.0	34.0	35.0	36.0	37.0	38.0	39.0	40.0
5-005_R2_001_val_2_val_2	1.0	11.0	121.0	1577.0	8643.0	21423.0	33307.0	44425.0	51606.0	56996.0	60096.0	67354.0	73207.0	82982.0	91632.0	107706.0	122664.0	147659.0	179079.0	232507.0	304002.0	433173.0	662528.0	1158687.0	2045063.0	4834068.0	23064041.0	8225727.0
	16.0	17.0	18.0	19.0	20.0	21.0	22.0	23.0	24.0	25.0	26.0	27.0	28.0	29.0	30.0	31.0	32.0	33.0	34.0	35.0	36.0	37.0	38.0	39.0	40.0
5-006_R1_001_val_1_val_1	1.0	54.0	643.0	3077.0	7278.0	11546.0	15420.0	18236.0	22187.0	25713.0	31258.0	36642.0	45674.0	54615.0	69396.0	85404.0	114579.0	154481.0	225459.0	347701.0	628795.0	1137524.0	2899725.0	17221429.0	9028148.0
	13.0	14.0	15.0	16.0	17.0	18.0	19.0	20.0	21.0	22.0	23.0	24.0	25.0	26.0	27.0	28.0	29.0	30.0	31.0	32.0	33.0	34.0	35.0	36.0	37.0	38.0	39.0	40.0
5-006_R2_001_val_2_val_2	2.0	16.0	92.0	1252.0	6840.0	17119.0	26344.0	35389.0	40078.0	44081.0	46651.0	52697.0	57637.0	64682.0	71908.0	84381.0	95178.0	114027.0	137679.0	175915.0	228353.0	322831.0	494433.0	872076.0	1563103.0	3818934.0	18054119.0	5759168.0
	16.0	17.0	18.0	19.0	20.0	21.0	22.0	23.0	24.0	25.0	26.0	27.0	28.0	29.0	30.0	31.0	32.0	33.0	34.0	35.0	36.0	37.0	38.0	39.0	40.0
5-007_R1_001_val_1_val_1	1.0	40.0	583.0	2882.0	8073.0	13761.0	18185.0	20207.0	22652.0	24949.0	29218.0	34163.0	42183.0	51368.0	64786.0	80836.0	107603.0	144233.0	213145.0	332321.0	596646.0	1078032.0	2703366.0	15387665.0	7904641.0
	13.0	14.0	15.0	16.0	17.0	18.0	19.0	20.0	21.0	22.0	23.0	24.0	25.0	26.0	27.0	28.0	29.0	30.0	31.0	32.0	33.0	34.0	35.0	36.0	37.0	38.0	39.0	40.0
5-007_R2_001_val_2_val_2	1.0	6.0	105.0	1395.0	7482.0	17859.0	26454.0	34862.0	40113.0	43908.0	45966.0	51705.0	55545.0	61885.0	68317.0	79761.0	90595.0	109411.0	131253.0	170838.0	222374.0	316726.0	486646.0	853453.0	1506226.0	3600474.0	16042232.0	4815947.0
	16.0	17.0	18.0	19.0	20.0	21.0	22.0	23.0	24.0	25.0	26.0	27.0	28.0	29.0	30.0	31.0	32.0	33.0	34.0	35.0	36.0	37.0	38.0	39.0	40.0
5-008_R1_001_val_1_val_1	1.0	54.0	701.0	3669.0	9772.0	16768.0	23608.0	28220.0	33781.0	38571.0	46182.0	53864.0	67363.0	81104.0	102575.0	127451.0	171347.0	228505.0	336601.0	523265.0	945920.0	1718646.0	4388612.0	26179438.0	13862817.0
	12.0	13.0	14.0	15.0	16.0	17.0	18.0	19.0	20.0	21.0	22.0	23.0	24.0	25.0	26.0	27.0	28.0	29.0	30.0	31.0	32.0	33.0	34.0	35.0	36.0	37.0	38.0	39.0	40.0
5-008_R2_001_val_2_val_2	1.0	3.0	17.0	192.0	1945.0	10357.0	26468.0	41532.0	55740.0	64013.0	70437.0	74109.0	83541.0	90757.0	102963.0	114373.0	135519.0	154213.0	185551.0	223843.0	289254.0	376666.0	536073.0	814817.0	1414591.0	2470029.0	5828097.0	26979083.0	8844651.0
	17.0	18.0	19.0	20.0	21.0	22.0	23.0	24.0	25.0	26.0	27.0	28.0	29.0	30.0	31.0	32.0	33.0	34.0	35.0	36.0	37.0	38.0	39.0	40.0
5-009_R1_001_val_1_val_1	32.0	467.0	2326.0	6193.0	10909.0	15385.0	18119.0	22778.0	25908.0	30918.0	36411.0	45129.0	54111.0	69021.0	86024.0	115555.0	155817.0	230611.0	355245.0	646965.0	1173044.0	2979792.0	16776899.0	8559782.0
	13.0	14.0	15.0	16.0	17.0	18.0	19.0	20.0	21.0	22.0	23.0	24.0	25.0	26.0	27.0	28.0	29.0	30.0	31.0	32.0	33.0	34.0	35.0	36.0	37.0	38.0	39.0	40.0
5-009_R2_001_val_2_val_2	3.0	13.0	121.0	1358.0	7122.0	17939.0	28785.0	38314.0	44372.0	49066.0	51112.0	57192.0	61620.0	69802.0	77211.0	90349.0	103403.0	125000.0	149959.0	194623.0	251253.0	356452.0	541310.0	938520.0	1636624.0	3850617.0	17086118.0	5589183.0
	17.0	18.0	19.0	20.0	21.0	22.0	23.0	24.0	25.0	26.0	27.0	28.0	29.0	30.0	31.0	32.0	33.0	34.0	35.0	36.0	37.0	38.0	39.0	40.0
5-010_R1_001_val_1_val_1	24.0	508.0	2333.0	6063.0	10229.0	14708.0	17932.0	22423.0	26680.0	32468.0	38679.0	48423.0	58680.0	74615.0	92390.0	123462.0	165123.0	240174.0	366892.0	659951.0	1187989.0	3019055.0	17528311.0	9240280.0
	13.0	14.0	15.0	16.0	17.0	18.0	19.0	20.0	21.0	22.0	23.0	24.0	25.0	26.0	27.0	28.0	29.0	30.0	31.0	32.0	33.0	34.0	35.0	36.0	37.0	38.0	39.0	40.0
5-010_R2_001_val_2_val_2	3.0	8.0	94.0	987.0	5155.0	13999.0	24326.0	32664.0	36591.0	39856.0	42182.0	48371.0	53296.0	61272.0	68701.0	81513.0	93417.0	111003.0	133093.0	170365.0	219087.0	309748.0	470763.0	834718.0	1499994.0	3659263.0	18335953.0	6630970.0
	16.0	17.0	18.0	19.0	20.0	21.0	22.0	23.0	24.0	25.0	26.0	27.0	28.0	29.0	30.0	31.0	32.0	33.0	34.0	35.0	36.0	37.0	38.0	39.0	40.0
5-012_R1_001_val_1_val_1	1.0	51.0	669.0	3212.0	8399.0	14733.0	21204.0	25403.0	30431.0	35029.0	42581.0	49963.0	62081.0	74792.0	95020.0	118419.0	159114.0	211838.0	312415.0	492289.0	885940.0	1605137.0	4045198.0	22197597.0	10587912.0
	13.0	14.0	15.0	16.0	17.0	18.0	19.0	20.0	21.0	22.0	23.0	24.0	25.0	26.0	27.0	28.0	29.0	30.0	31.0	32.0	33.0	34.0	35.0	36.0	37.0	38.0	39.0	40.0
5-012_R2_001_val_2_val_2	2.0	11.0	164.0	1789.0	9303.0	24903.0	40717.0	53689.0	60104.0	65925.0	68994.0	77678.0	83406.0	96243.0	107181.0	125905.0	143025.0	172984.0	208020.0	270580.0	350144.0	494249.0	750372.0	1300125.0	2257026.0	5204176.0	22144437.0	6968276.0
	16.0	17.0	18.0	19.0	20.0	21.0	22.0	23.0	24.0	25.0	26.0	27.0	28.0	29.0	30.0	31.0	32.0	33.0	34.0	35.0	36.0	37.0	38.0	39.0	40.0
5-014_R1_001_val_1_val_1	2.0	41.0	534.0	2752.0	7456.0	13372.0	18903.0	23677.0	29656.0	35200.0	42233.0	50271.0	62586.0	76233.0	95877.0	118781.0	158038.0	209220.0	308477.0	481148.0	857755.0	1543143.0	3912212.0	24047960.0	14884687.0
	13.0	14.0	15.0	16.0	17.0	18.0	19.0	20.0	21.0	22.0	23.0	24.0	25.0	26.0	27.0	28.0	29.0	30.0	31.0	32.0	33.0	34.0	35.0	36.0	37.0	38.0	39.0	40.0
5-014_R2_001_val_2_val_2	1.0	13.0	147.0	1717.0	9361.0	23442.0	35037.0	46625.0	53150.0	58631.0	62394.0	70434.0	76238.0	86666.0	96017.0	112065.0	127277.0	151910.0	182295.0	233321.0	300341.0	425739.0	649207.0	1146579.0	2030664.0	4918398.0	25485270.0	10597275.0
	17.0	18.0	19.0	20.0	21.0	22.0	23.0	24.0	25.0	26.0	27.0	28.0	29.0	30.0	31.0	32.0	33.0	34.0	35.0	36.0	37.0	38.0	39.0	40.0
5-015_R1_001_val_1_val_1	28.0	422.0	1995.0	5569.0	9760.0	14172.0	17383.0	22024.0	25643.0	30642.0	36609.0	45773.0	55562.0	71174.0	89393.0	121178.0	164279.0	241645.0	374537.0	675652.0	1223533.0	3100157.0	17485367.0	9076099.0
	13.0	14.0	15.0	16.0	17.0	18.0	19.0	20.0	21.0	22.0	23.0	24.0	25.0	26.0	27.0	28.0	29.0	30.0	31.0	32.0	33.0	34.0	35.0	36.0	37.0	38.0	39.0	40.0
5-015_R2_001_val_2_val_2	1.0	12.0	145.0	1240.0	5983.0	16026.0	26547.0	34874.0	38474.0	42215.0	44360.0	50010.0	53974.0	61828.0	69542.0	82227.0	94240.0	113549.0	137941.0	178985.0	233930.0	332833.0	507325.0	888874.0	1566273.0	3716271.0	18042123.0	6548794.0
	16.0	17.0	18.0	19.0	20.0	21.0	22.0	23.0	24.0	25.0	26.0	27.0	28.0	29.0	30.0	31.0	32.0	33.0	34.0	35.0	36.0	37.0	38.0	39.0	40.0
5-061_R1_001_val_1_val_1	3.0	44.0	585.0	2797.0	7273.0	11724.0	16336.0	19379.0	23337.0	26832.0	32155.0	37512.0	47302.0	57238.0	72308.0	90611.0	120801.0	163214.0	241398.0	378814.0	685856.0	1247591.0	3186986.0	19017673.0	10096897.0
	13.0	14.0	15.0	16.0	17.0	18.0	19.0	20.0	21.0	22.0	23.0	24.0	25.0	26.0	27.0	28.0	29.0	30.0	31.0	32.0	33.0	34.0	35.0	36.0	37.0	38.0	39.0	40.0
5-061_R2_001_val_2_val_2	2.0	8.0	135.0	1440.0	7785.0	19580.0	30755.0	40903.0	45632.0	50770.0	53025.0	59525.0	64429.0	71656.0	79848.0	94000.0	107966.0	130751.0	158005.0	207205.0	269577.0	385784.0	590392.0	1031704.0	1810331.0	4261479.0	19542243.0	6469736.0
	15.0	16.0	17.0	18.0	19.0	20.0	21.0	22.0	23.0	24.0	25.0	26.0	27.0	28.0	29.0	30.0	31.0	32.0	33.0	34.0	35.0	36.0	37.0	38.0	39.0	40.0
5-063_R1_001_val_1_val_1	1.0	2.0	56.0	909.0	4895.0	15454.0	28874.0	39354.0	40198.0	39805.0	39840.0	43308.0	48663.0	59073.0	70855.0	90066.0	111602.0	150075.0	200629.0	296506.0	466947.0	844611.0	1531818.0	3899082.0	22237561.0	10838395.0
	14.0	15.0	16.0	17.0	18.0	19.0	20.0	21.0	22.0	23.0	24.0	25.0	26.0	27.0	28.0	29.0	30.0	31.0	32.0	33.0	34.0	35.0	36.0	37.0	38.0	39.0	40.0
5-063_R2_001_val_2_val_2	13.0	168.0	2014.0	10693.0	26694.0	40576.0	54215.0	60515.0	65579.0	68861.0	76725.0	82926.0	93479.0	103614.0	121890.0	137423.0	164932.0	199603.0	256653.0	331485.0	470250.0	715281.0	1250279.0	2206344.0	5257145.0	22831691.0	6469531.0
	16.0	17.0	18.0	19.0	20.0	21.0	22.0	23.0	24.0	25.0	26.0	27.0	28.0	29.0	30.0	31.0	32.0	33.0	34.0	35.0	36.0	37.0	38.0	39.0	40.0
5-066_R1_001_val_1_val_1	2.0	57.0	657.0	2396.0	5510.0	8722.0	13585.0	17815.0	22721.0	25338.0	29518.0	33753.0	42020.0	49794.0	64851.0	82486.0	122210.0	219448.0	269253.0	214318.0	343632.0	613923.0	1558855.0	8840531.0	5883228.0
	12.0	13.0	14.0	15.0	16.0	17.0	18.0	19.0	20.0	21.0	22.0	23.0	24.0	25.0	26.0	27.0	28.0	29.0	30.0	31.0	32.0	33.0	34.0	35.0	36.0	37.0	38.0	39.0	40.0
5-066_R2_001_val_2_val_2	1.0	2.0	14.0	190.0	2271.0	11408.0	26876.0	34143.0	35936.0	34565.0	35727.0	34692.0	35510.0	34729.0	37543.0	39294.0	45261.0	49754.0	60451.0	73097.0	97267.0	125385.0	174089.0	255049.0	436368.0	757919.0	1830681.0	9216650.0	4979751.0
	17.0	18.0	19.0	20.0	21.0	22.0	23.0	24.0	25.0	26.0	27.0	28.0	29.0	30.0	31.0	32.0	33.0	34.0	35.0	36.0	37.0	38.0	39.0	40.0
5-067_R1_001_val_1_val_1	48.0	652.0	3059.0	7924.0	13761.0	19518.0	24273.0	30136.0	35670.0	43376.0	51072.0	64181.0	78000.0	97943.0	121715.0	163621.0	218524.0	318574.0	492754.0	887673.0	1600972.0	4043921.0	23036006.0	11762870.0
	13.0	14.0	15.0	16.0	17.0	18.0	19.0	20.0	21.0	22.0	23.0	24.0	25.0	26.0	27.0	28.0	29.0	30.0	31.0	32.0	33.0	34.0	35.0	36.0	37.0	38.0	39.0	40.0
5-067_R2_001_val_2_val_2	2.0	18.0	124.0	1538.0	8947.0	21976.0	33842.0	45452.0	52398.0	58368.0	61868.0	70299.0	76900.0	88174.0	97716.0	115242.0	131414.0	157853.0	190274.0	245148.0	317416.0	451643.0	688410.0	1215894.0	2173665.0	5259550.0	24051802.0	7500310.0
	17.0	18.0	19.0	20.0	21.0	22.0	23.0	24.0	25.0	26.0	27.0	28.0	29.0	30.0	31.0	32.0	33.0	34.0	35.0	36.0	37.0	38.0	39.0	40.0
5-069_R1_001_val_1_val_1	40.0	509.0	2347.0	6517.0	12012.0	17224.0	21279.0	25961.0	30156.0	36238.0	43375.0	54522.0	65932.0	85031.0	107258.0	144988.0	194989.0	289003.0	456952.0	824554.0	1494638.0	3740783.0	19288294.0	8443162.0
	13.0	14.0	15.0	16.0	17.0	18.0	19.0	20.0	21.0	22.0	23.0	24.0	25.0	26.0	27.0	28.0	29.0	30.0	31.0	32.0	33.0	34.0	35.0	36.0	37.0	38.0	39.0	40.0
5-069_R2_001_val_2_val_2	1.0	14.0	214.0	1929.0	9731.0	26476.0	43235.0	55496.0	61287.0	65925.0	68070.0	75632.0	81768.0	92717.0	102828.0	120008.0	136544.0	164158.0	198231.0	256494.0	330589.0	468387.0	706834.0	1223947.0	2107398.0	4775332.0	18781824.0	5430695.0
	16.0	17.0	18.0	19.0	20.0	21.0	22.0	23.0	24.0	25.0	26.0	27.0	28.0	29.0	30.0	31.0	32.0	33.0	34.0	35.0	36.0	37.0	38.0	39.0	40.0
5-071_R1_001_val_1_val_1	1.0	50.0	839.0	4229.0	11385.0	19471.0	26778.0	30145.0	33558.0	36315.0	42017.0	48994.0	61071.0	73798.0	93307.0	116794.0	156146.0	208497.0	309576.0	485852.0	877572.0	1583789.0	4006071.0	22257762.0	10794064.0
	13.0	14.0	15.0	16.0	17.0	18.0	19.0	20.0	21.0	22.0	23.0	24.0	25.0	26.0	27.0	28.0	29.0	30.0	31.0	32.0	33.0	34.0	35.0	36.0	37.0	38.0	39.0	40.0
5-071_R2_001_val_2_val_2	1.0	7.0	200.0	2305.0	11565.0	27903.0	42372.0	55218.0	62531.0	68259.0	71677.0	80281.0	86017.0	97088.0	107772.0	125962.0	143936.0	173437.0	209695.0	272869.0	352095.0	500109.0	763247.0	1329547.0	2323891.0	5444812.0	22739222.0	6186063.0
	17.0	18.0	19.0	20.0	21.0	22.0	23.0	24.0	25.0	26.0	27.0	28.0	29.0	30.0	31.0	32.0	33.0	34.0	35.0	36.0	37.0	38.0	39.0	40.0
5-073_R1_001_val_1_val_1	54.0	569.0	2428.0	5784.0	9837.0	13494.0	16318.0	19956.0	23090.0	27598.0	32033.0	40569.0	48621.0	61579.0	76837.0	104907.0	143181.0	199189.0	305418.0	552228.0	992664.0	2505780.0	15246567.0	9915261.0
	13.0	14.0	15.0	16.0	17.0	18.0	19.0	20.0	21.0	22.0	23.0	24.0	25.0	26.0	27.0	28.0	29.0	30.0	31.0	32.0	33.0	34.0	35.0	36.0	37.0	38.0	39.0	40.0
5-073_R2_001_val_2_val_2	2.0	7.0	93.0	1473.0	8470.0	20154.0	29200.0	37901.0	42736.0	46567.0	47934.0	53295.0	55134.0	61432.0	66911.0	78102.0	88448.0	105945.0	126463.0	165602.0	213981.0	304563.0	462610.0	809496.0	1406826.0	3352312.0	16412483.0	6345822.0
	16.0	17.0	18.0	19.0	20.0	21.0	22.0	23.0	24.0	25.0	26.0	27.0	28.0	29.0	30.0	31.0	32.0	33.0	34.0	35.0	36.0	37.0	38.0	39.0	40.0
5-074_R1_001_val_1_val_1	2.0	37.0	475.0	2457.0	6465.0	11340.0	16589.0	20663.0	26270.0	30910.0	37572.0	44390.0	55802.0	67321.0	85337.0	106965.0	144909.0	194664.0	284889.0	433159.0	776014.0	1396232.0	3472664.0	18583557.0	9261804.0
	13.0	14.0	15.0	16.0	17.0	18.0	19.0	20.0	21.0	22.0	23.0	24.0	25.0	26.0	27.0	28.0	29.0	30.0	31.0	32.0	33.0	34.0	35.0	36.0	37.0	38.0	39.0	40.0
5-074_R2_001_val_2_val_2	4.0	14.0	188.0	1541.0	7498.0	20141.0	32875.0	42558.0	46174.0	49939.0	52429.0	59319.0	65366.0	73817.0	83252.0	97914.0	111575.0	134296.0	161432.0	207823.0	269452.0	379732.0	575460.0	1003763.0	1757972.0	4112752.0	18937349.0	6775852.0
	16.0	17.0	18.0	19.0	20.0	21.0	22.0	23.0	24.0	25.0	26.0	27.0	28.0	29.0	30.0	31.0	32.0	33.0	34.0	35.0	36.0	37.0	38.0	39.0	40.0
5-075_R1_001_val_1_val_1	1.0	23.0	290.0	1511.0	4188.0	7457.0	10942.0	13640.0	16983.0	19990.0	24371.0	28426.0	35519.0	43399.0	55254.0	69173.0	93320.0	126451.0	186973.0	287607.0	522218.0	950115.0	2431158.0	14079991.0	7432316.0
	13.0	14.0	15.0	16.0	17.0	18.0	19.0	20.0	21.0	22.0	23.0	24.0	25.0	26.0	27.0	28.0	29.0	30.0	31.0	32.0	33.0	34.0	35.0	36.0	37.0	38.0	39.0	40.0
5-075_R2_001_val_2_val_2	2.0	7.0	104.0	869.0	4486.0	11786.0	19476.0	25927.0	29459.0	32686.0	34271.0	38779.0	42341.0	48904.0	54431.0	65237.0	74588.0	89733.0	108976.0	141156.0	182740.0	259403.0	395666.0	687811.0	1210747.0	2896280.0	14514805.0	5470646.0
	16.0	17.0	18.0	19.0	20.0	21.0	22.0	23.0	24.0	25.0	26.0	27.0	28.0	29.0	30.0	31.0	32.0	33.0	34.0	35.0	36.0	37.0	38.0	39.0	40.0
5-121_R1_001_val_1_val_1	2.0	58.0	725.0	3341.0	7879.0	12660.0	18124.0	22089.0	27586.0	32234.0	39100.0	46031.0	57863.0	69161.0	87904.0	108920.0	145978.0	192527.0	284723.0	443842.0	797571.0	1438372.0	3624237.0	20379692.0	10239385.0
	14.0	15.0	16.0	17.0	18.0	19.0	20.0	21.0	22.0	23.0	24.0	25.0	26.0	27.0	28.0	29.0	30.0	31.0	32.0	33.0	34.0	35.0	36.0	37.0	38.0	39.0	40.0
5-121_R2_001_val_2_val_2	10.0	136.0	1439.0	7593.0	20973.0	33945.0	45325.0	50263.0	54588.0	57334.0	64539.0	70960.0	80853.0	89846.0	106108.0	119710.0	144576.0	174334.0	225305.0	291765.0	414625.0	633263.0	1108575.0	1942192.0	4580306.0	20813069.0	6948372.0
	16.0	17.0	18.0	19.0	20.0	21.0	22.0	23.0	24.0	25.0	26.0	27.0	28.0	29.0	30.0	31.0	32.0	33.0	34.0	35.0	36.0	37.0	38.0	39.0	40.0
5-122_R1_001_val_1_val_1	1.0	35.0	430.0	1747.0	4559.0	7819.0	11471.0	13695.0	17250.0	19920.0	23992.0	27964.0	34656.0	41510.0	52945.0	65955.0	88818.0	119749.0	177015.0	272910.0	492975.0	891650.0	2228322.0	12021989.0	5849270.0
	13.0	14.0	15.0	16.0	17.0	18.0	19.0	20.0	21.0	22.0	23.0	24.0	25.0	26.0	27.0	28.0	29.0	30.0	31.0	32.0	33.0	34.0	35.0	36.0	37.0	38.0	39.0	40.0
5-122_R2_001_val_2_val_2	2.0	8.0	92.0	906.0	5041.0	13260.0	20946.0	27452.0	31702.0	35313.0	36735.0	41582.0	45122.0	51007.0	57325.0	66639.0	76758.0	92871.0	112628.0	146742.0	190358.0	269789.0	410762.0	711803.0	1239478.0	2872603.0	12143394.0	3766329.0
	16.0	17.0	18.0	19.0	20.0	21.0	22.0	23.0	24.0	25.0	26.0	27.0	28.0	29.0	30.0	31.0	32.0	33.0	34.0	35.0	36.0	37.0	38.0	39.0	40.0
5-123_R1_001_val_1_val_1	1.0	54.0	756.0	3508.0	8867.0	13973.0	18989.0	23024.0	28233.0	32790.0	40146.0	47584.0	59214.0	70967.0	90566.0	112908.0	151510.0	201242.0	299063.0	465149.0	836641.0	1517481.0	3855554.0	23083023.0	12488963.0
	13.0	14.0	15.0	16.0	17.0	18.0	19.0	20.0	21.0	22.0	23.0	24.0	25.0	26.0	27.0	28.0	29.0	30.0	31.0	32.0	33.0	34.0	35.0	36.0	37.0	38.0	39.0	40.0
5-123_R2_001_val_2_val_2	3.0	12.0	144.0	1611.0	8966.0	23127.0	36729.0	49437.0	55094.0	59805.0	62666.0	70399.0	75551.0	87119.0	95261.0	112330.0	128523.0	154176.0	186609.0	240746.0	313997.0	448867.0	685451.0	1205565.0	2118449.0	5061988.0	24092627.0	8074954.0
	16.0	17.0	18.0	19.0	20.0	21.0	22.0	23.0	24.0	25.0	26.0	27.0	28.0	29.0	30.0	31.0	32.0	33.0	34.0	35.0	36.0	37.0	38.0	39.0	40.0
5-124_R1_001_val_1_val_1	2.0	36.0	561.0	2660.0	7910.0	14212.0	20883.0	25966.0	32278.0	37674.0	46053.0	53670.0	67649.0	81848.0	103832.0	129552.0	174067.0	232460.0	344659.0	541635.0	974822.0	1762170.0	4463436.0	26363082.0	15505195.0
	14.0	15.0	16.0	17.0	18.0	19.0	20.0	21.0	22.0	23.0	24.0	25.0	26.0	27.0	28.0	29.0	30.0	31.0	32.0	33.0	34.0	35.0	36.0	37.0	38.0	39.0	40.0
5-124_R2_001_val_2_val_2	19.0	229.0	2178.0	11620.0	29498.0	45430.0	59580.0	67810.0	74814.0	78153.0	86810.0	93299.0	105295.0	116422.0	136012.0	155829.0	187093.0	226022.0	290783.0	375784.0	532991.0	814395.0	1426504.0	2499778.0	5925670.0	27576481.0	10067813.0
	16.0	17.0	18.0	19.0	20.0	21.0	22.0	23.0	24.0	25.0	26.0	27.0	28.0	29.0	30.0	31.0	32.0	33.0	34.0	35.0	36.0	37.0	38.0	39.0	40.0
5-125_R1_001_val_1_val_1	2.0	32.0	442.0	2448.0	6476.0	11345.0	16385.0	20260.0	24923.0	28650.0	34381.0	39986.0	49611.0	59886.0	76131.0	95157.0	128176.0	173985.0	254178.0	386387.0	698882.0	1264102.0	3203495.0	18917965.0	10736098.0
	13.0	14.0	15.0	16.0	17.0	18.0	19.0	20.0	21.0	22.0	23.0	24.0	25.0	26.0	27.0	28.0	29.0	30.0	31.0	32.0	33.0	34.0	35.0	36.0	37.0	38.0	39.0	40.0
5-125_R2_001_val_2_val_2	2.0	15.0	132.0	1312.0	6218.0	16124.0	25617.0	33380.0	37559.0	41184.0	43194.0	48594.0	52733.0	59917.0	66820.0	78960.0	90875.0	110245.0	132230.0	172297.0	223877.0	318797.0	487221.0	860359.0	1537079.0	3665310.0	19448343.0	8670989.0
	16.0	17.0	18.0	19.0	20.0	21.0	22.0	23.0	24.0	25.0	26.0	27.0	28.0	29.0	30.0	31.0	32.0	33.0	34.0	35.0	36.0	37.0	38.0	39.0	40.0
5-126_R1_001_val_1_val_1	3.0	39.0	646.0	3253.0	9364.0	16833.0	23746.0	26650.0	30485.0	32483.0	37429.0	43556.0	53481.0	64646.0	82519.0	102525.0	140339.0	194995.0	267359.0	410125.0	746599.0	1355251.0	3465046.0	21006016.0	12597658.0
	14.0	15.0	16.0	17.0	18.0	19.0	20.0	21.0	22.0	23.0	24.0	25.0	26.0	27.0	28.0	29.0	30.0	31.0	32.0	33.0	34.0	35.0	36.0	37.0	38.0	39.0	40.0
5-126_R2_001_val_2_val_2	20.0	146.0	1953.0	10658.0	26113.0	37466.0	47756.0	53761.0	58859.0	61184.0	67712.0	72422.0	80219.0	88465.0	102770.0	116232.0	138147.0	166507.0	215051.0	278601.0	394148.0	604240.0	1065313.0	1886838.0	4529432.0	22159528.0	8447505.0
	17.0	18.0	19.0	20.0	21.0	22.0	23.0	24.0	25.0	26.0	27.0	28.0	29.0	30.0	31.0	32.0	33.0	34.0	35.0	36.0	37.0	38.0	39.0	40.0
5-127_R1_001_val_1_val_1	46.0	472.0	2031.0	5013.0	8810.0	13366.0	17212.0	22108.0	25596.0	30181.0	35078.0	44162.0	53825.0	68540.0	86574.0	124903.0	206997.0	262066.0	279891.0	480791.0	864101.0	2191579.0	12750226.0	7584114.0
	14.0	15.0	16.0	17.0	18.0	19.0	20.0	21.0	22.0	23.0	24.0	25.0	26.0	27.0	28.0	29.0	30.0	31.0	32.0	33.0	34.0	35.0	36.0	37.0	38.0	39.0	40.0
5-127_R2_001_val_2_val_2	12.0	129.0	1874.0	9466.0	22518.0	30237.0	35564.0	36711.0	39219.0	39542.0	43282.0	44944.0	50248.0	54051.0	62011.0	69926.0	83575.0	100331.0	130916.0	169879.0	237995.0	357490.0	622801.0	1094889.0	2644563.0	13233184.0	5942325.0
	16.0	17.0	18.0	19.0	20.0	21.0	22.0	23.0	24.0	25.0	26.0	27.0	28.0	29.0	30.0	31.0	32.0	33.0	34.0	35.0	36.0	37.0	38.0	39.0	40.0
5-128_R1_001_val_1_val_1	2.0	41.0	666.0	3293.0	7940.0	13063.0	18100.0	21585.0	26937.0	31135.0	37979.0	45250.0	56287.0	68328.0	86056.0	108149.0	145010.0	192549.0	283051.0	447695.0	805723.0	1451794.0	3677887.0	21146931.0	10941849.0
	12.0	13.0	14.0	15.0	16.0	17.0	18.0	19.0	20.0	21.0	22.0	23.0	24.0	25.0	26.0	27.0	28.0	29.0	30.0	31.0	32.0	33.0	34.0	35.0	36.0	37.0	38.0	39.0	40.0
5-128_R2_001_val_2_val_2	1.0	4.0	33.0	400.0	5969.0	32189.0	61858.0	63315.0	66431.0	69844.0	75811.0	78201.0	86340.0	88840.0	97665.0	102784.0	118362.0	131608.0	156008.0	184382.0	237909.0	306226.0	433930.0	658478.0	1143184.0	2002934.0	4801868.0	21926774.0	6685952.0
	16.0	17.0	18.0	19.0	20.0	21.0	22.0	23.0	24.0	25.0	26.0	27.0	28.0	29.0	30.0	31.0	32.0	33.0	34.0	35.0	36.0	37.0	38.0	39.0	40.0
5-130_R1_001_val_1_val_1	2.0	61.0	718.0	3399.0	8903.0	14494.0	20262.0	24735.0	30179.0	35241.0	42469.0	50458.0	62723.0	75142.0	96497.0	119285.0	160725.0	213705.0	316353.0	497814.0	899570.0	1624594.0	4119279.0	23946239.0	12498815.0
	14.0	15.0	16.0	17.0	18.0	19.0	20.0	21.0	22.0	23.0	24.0	25.0	26.0	27.0	28.0	29.0	30.0	31.0	32.0	33.0	34.0	35.0	36.0	37.0	38.0	39.0	40.0
5-130_R2_001_val_2_val_2	9.0	155.0	1655.0	8833.0	23282.0	37587.0	49747.0	56666.0	62266.0	65669.0	73257.0	80288.0	91768.0	101493.0	119586.0	136890.0	165124.0	199779.0	260265.0	339809.0	483578.0	737864.0	1280433.0	2229664.0	5225239.0	24503076.0	8527680.0
	16.0	17.0	18.0	19.0	20.0	21.0	22.0	23.0	24.0	25.0	26.0	27.0	28.0	29.0	30.0	31.0	32.0	33.0	34.0	35.0	36.0	37.0	38.0	39.0	40.0
5-131_R1_001_val_1_val_1	1.0	55.0	717.0	3578.0	8802.0	14149.0	19206.0	23517.0	29144.0	34079.0	40764.0	48450.0	59724.0	73470.0	92443.0	114258.0	152929.0	202913.0	297277.0	464442.0	840126.0	1528412.0	3907041.0	25505296.0	16733628.0
	14.0	15.0	16.0	17.0	18.0	19.0	20.0	21.0	22.0	23.0	24.0	25.0	26.0	27.0	28.0	29.0	30.0	31.0	32.0	33.0	34.0	35.0	36.0	37.0	38.0	39.0	40.0
5-131_R2_001_val_2_val_2	16.0	142.0	1508.0	8199.0	20178.0	31309.0	42107.0	48152.0	52560.0	55747.0	63674.0	69260.0	79143.0	87505.0	102973.0	118221.0	141752.0	172019.0	222674.0	290915.0	418379.0	644428.0	1144551.0	2039919.0	4989399.0	27347110.0	12002581.0
	16.0	17.0	18.0	19.0	20.0	21.0	22.0	23.0	24.0	25.0	26.0	27.0	28.0	29.0	30.0	31.0	32.0	33.0	34.0	35.0	36.0	37.0	38.0	39.0	40.0
5-133_R1_001_val_1_val_1	1.0	35.0	425.0	1895.0	5123.0	8893.0	12882.0	15996.0	19972.0	23732.0	28809.0	33579.0	42553.0	51592.0	65868.0	82096.0	110329.0	149782.0	218390.0	337447.0	604800.0	1090533.0	2737624.0	15570713.0	8439937.0
	13.0	14.0	15.0	16.0	17.0	18.0	19.0	20.0	21.0	22.0	23.0	24.0	25.0	26.0	27.0	28.0	29.0	30.0	31.0	32.0	33.0	34.0	35.0	36.0	37.0	38.0	39.0	40.0
5-133_R2_001_val_2_val_2	2.0	8.0	113.0	1118.0	5582.0	14978.0	25436.0	33431.0	36366.0	39239.0	40994.0	46517.0	50945.0	57627.0	64896.0	76704.0	86997.0	105027.0	125023.0	161670.0	208042.0	294462.0	449352.0	787268.0	1386539.0	3317125.0	16204278.0	6033267.0
	17.0	18.0	19.0	20.0	21.0	22.0	23.0	24.0	25.0	26.0	27.0	28.0	29.0	30.0	31.0	32.0	33.0	34.0	35.0	36.0	37.0	38.0	39.0	40.0
5-135_R1_001_val_1_val_1	18.0	279.0	1341.0	3475.0	5786.0	8108.0	9669.0	11821.0	13582.0	16499.0	19011.0	23799.0	29079.0	36604.0	45875.0	61201.0	82532.0	120895.0	187271.0	338792.0	610890.0	1552703.0	9125813.0	4965462.0
	14.0	15.0	16.0	17.0	18.0	19.0	20.0	21.0	22.0	23.0	24.0	25.0	26.0	27.0	28.0	29.0	30.0	31.0	32.0	33.0	34.0	35.0	36.0	37.0	38.0	39.0	40.0
5-135_R2_001_val_2_val_2	3.0	59.0	688.0	3813.0	9062.0	13888.0	18380.0	20999.0	23275.0	24407.0	27420.0	29921.0	33550.0	37337.0	43519.0	49545.0	59199.0	71507.0	92813.0	120451.0	170450.0	261005.0	461646.0	825554.0	2010277.0	9623287.0	3238450.0
	17.0	18.0	19.0	20.0	21.0	22.0	23.0	24.0	25.0	26.0	27.0	28.0	29.0	30.0	31.0	32.0	33.0	34.0	35.0	36.0	37.0	38.0	39.0	40.0
5-181_R1_001_val_1_val_1	88.0	958.0	4756.0	11629.0	17847.0	23924.0	28504.0	35448.0	41103.0	49849.0	58849.0	73268.0	88357.0	111954.0	138342.0	185269.0	247140.0	365351.0	568619.0	1032028.0	1874533.0	4758972.0	29867053.0	17670638.0
	13.0	14.0	15.0	16.0	17.0	18.0	19.0	20.0	21.0	22.0	23.0	24.0	25.0	26.0	27.0	28.0	29.0	30.0	31.0	32.0	33.0	34.0	35.0	36.0	37.0	38.0	39.0	40.0
5-181_R2_001_val_2_val_2	1.0	16.0	171.0	1870.0	10530.0	27340.0	44457.0	59161.0	65494.0	72039.0	74580.0	84012.0	90565.0	102746.0	114201.0	133971.0	153035.0	183733.0	220994.0	287508.0	374146.0	532703.0	819587.0	1451106.0	2568830.0	6175902.0	31404253.0	12201528.0
	17.0	18.0	19.0	20.0	21.0	22.0	23.0	24.0	25.0	26.0	27.0	28.0	29.0	30.0	31.0	32.0	33.0	34.0	35.0	36.0	37.0	38.0	39.0	40.0
5-182_R1_001_val_1_val_1	59.0	792.0	5227.0	16701.0	31094.0	40873.0	40413.0	39024.0	37184.0	39830.0	43848.0	53070.0	63394.0	79778.0	98902.0	132400.0	176533.0	257936.0	403662.0	723993.0	1308127.0	3307321.0	18533515.0	8699841.0
	14.0	15.0	16.0	17.0	18.0	19.0	20.0	21.0	22.0	23.0	24.0	25.0	26.0	27.0	28.0	29.0	30.0	31.0	32.0	33.0	34.0	35.0	36.0	37.0	38.0	39.0	40.0
5-182_R2_001_val_2_val_2	6.0	152.0	1686.0	9259.0	22903.0	35630.0	47181.0	53857.0	58103.0	60484.0	67829.0	72514.0	81017.0	89575.0	103597.0	117474.0	140868.0	169200.0	217454.0	280445.0	397541.0	603354.0	1060057.0	1870869.0	4430017.0	18952983.0	5189462.0
	16.0	17.0	18.0	19.0	20.0	21.0	22.0	23.0	24.0	25.0	26.0	27.0	28.0	29.0	30.0	31.0	32.0	33.0	34.0	35.0	36.0	37.0	38.0	39.0	40.0
5-187_R1_001_val_1_val_1	3.0	56.0	859.0	4217.0	11333.0	19738.0	27799.0	35607.0	44088.0	52082.0	63647.0	74731.0	93856.0	113569.0	143898.0	180053.0	240608.0	321466.0	476419.0	750256.0	1354862.0	2457528.0	6248119.0	36589179.0	19827713.0
	13.0	14.0	15.0	16.0	17.0	18.0	19.0	20.0	21.0	22.0	23.0	24.0	25.0	26.0	27.0	28.0	29.0	30.0	31.0	32.0	33.0	34.0	35.0	36.0	37.0	38.0	39.0	40.0
5-187_R2_001_val_2_val_2	2.0	20.0	286.0	2833.0	15306.0	39573.0	62248.0	82779.0	93981.0	102643.0	106388.0	119673.0	128938.0	146336.0	162083.0	189676.0	213351.0	257459.0	306644.0	394840.0	509799.0	719469.0	1097815.0	1935266.0	3415236.0	8088707.0	37374698.0	13565637.0
	17.0	18.0	19.0	20.0	21.0	22.0	23.0	24.0	25.0	26.0	27.0	28.0	29.0	30.0	31.0	32.0	33.0	34.0	35.0	36.0	37.0	38.0	39.0	40.0
5-188_R1_001_val_1_val_1	37.0	778.0	3516.0	8148.0	12490.0	16996.0	20567.0	25543.0	29643.0	36201.0	42755.0	53679.0	64830.0	82166.0	102744.0	138096.0	183251.0	270499.0	423228.0	761509.0	1365927.0	3421931.0	18985851.0	9642011.0
	14.0	15.0	16.0	17.0	18.0	19.0	20.0	21.0	22.0	23.0	24.0	25.0	26.0	27.0	28.0	29.0	30.0	31.0	32.0	33.0	34.0	35.0	36.0	37.0	38.0	39.0	40.0
5-188_R2_001_val_2_val_2	33.0	334.0	5299.0	28542.0	55410.0	59114.0	62681.0	66010.0	70620.0	73587.0	81736.0	84333.0	92511.0	97800.0	112180.0	124526.0	147370.0	174788.0	223667.0	288665.0	408135.0	617195.0	1071240.0	1864906.0	4410104.0	19601891.0	5869719.0
	17.0	18.0	19.0	20.0	21.0	22.0	23.0	24.0	25.0	26.0	27.0	28.0	29.0	30.0	31.0	32.0	33.0	34.0	35.0	36.0	37.0	38.0	39.0	40.0
5-189_R1_001_val_1_val_1	41.0	562.0	2676.0	6921.0	11731.0	15921.0	19064.0	22513.0	26011.0	30918.0	35985.0	46106.0	54871.0	70284.0	88573.0	119269.0	158157.0	234925.0	367524.0	661280.0	1195064.0	3006494.0	16448338.0	7817521.0
	13.0	14.0	15.0	16.0	17.0	18.0	19.0	20.0	21.0	22.0	23.0	24.0	25.0	26.0	27.0	28.0	29.0	30.0	31.0	32.0	33.0	34.0	35.0	36.0	37.0	38.0	39.0	40.0
5-189_R2_001_val_2_val_2	1.0	11.0	124.0	1610.0	8798.0	21482.0	33967.0	45014.0	51573.0	56057.0	57793.0	64182.0	68898.0	76715.0	84378.0	98243.0	111090.0	133892.0	160661.0	207971.0	269274.0	381614.0	580463.0	1014315.0	1779114.0	4163010.0	16748392.0	4222107.0
	16.0	17.0	18.0	19.0	20.0	21.0	22.0	23.0	24.0	25.0	26.0	27.0	28.0	29.0	30.0	31.0	32.0	33.0	34.0	35.0	36.0	37.0	38.0	39.0	40.0
5-197_R1_001_val_1_val_1	2.0	76.0	946.0	4563.0	12244.0	21529.0	29940.0	34389.0	39651.0	43585.0	50851.0	59052.0	73674.0	88018.0	112457.0	138400.0	186926.0	251165.0	357487.0	554953.0	1006647.0	1818401.0	4635536.0	27668369.0	15391496.0
	13.0	14.0	15.0	16.0	17.0	18.0	19.0	20.0	21.0	22.0	23.0	24.0	25.0	26.0	27.0	28.0	29.0	30.0	31.0	32.0	33.0	34.0	35.0	36.0	37.0	38.0	39.0	40.0
5-197_R2_001_val_2_val_2	1.0	16.0	193.0	2341.0	13444.0	33435.0	49637.0	65383.0	73379.0	79745.0	83233.0	93406.0	100649.0	112658.0	125250.0	146132.0	165829.0	197810.0	235137.0	303588.0	390329.0	552487.0	840319.0	1474731.0	2594062.0	6234285.0	28968817.0	9644061.0

