Sample	Cutadapt_mqc-generalstats-cutadapt-percent_trimmed	FastQC_mqc-generalstats-fastqc-percent_duplicates	FastQC_mqc-generalstats-fastqc-percent_gc	FastQC_mqc-generalstats-fastqc-avg_sequence_length	FastQC_mqc-generalstats-fastqc-percent_fails	FastQC_mqc-generalstats-fastqc-total_sequences
15-033_R1_001_val_1	2.5267875193462976					
15-033_R1_001_val_1_val_1		81.08625209659215	43.0	142.19270297152846	27.27272727272727	45732424.0
15-033_R2_001_val_2	2.2353950866948287					
15-033_R2_001_val_2_val_2		80.60229072326803	43.0	141.55462179306306	27.27272727272727	45732424.0
15-091_R1_001_val_1	3.5759976740697477					
15-091_R1_001_val_1_val_1		78.73681111693513	42.0	136.99492074789526	27.27272727272727	42886432.0
15-091_R2_001_val_2	2.4294122243249556					
15-091_R2_001_val_2_val_2		79.25807035752129	42.0	136.1645512501483	27.27272727272727	42886432.0
15-092_R1_001_val_1	2.6803317584416795					
15-092_R1_001_val_1_val_1		78.79910104220434	43.0	132.43422405199672	27.27272727272727	48210434.0
15-092_R2_001_val_2	2.4154660602718905					
15-092_R2_001_val_2_val_2		79.44794371242511	43.0	131.8494711539	27.27272727272727	48210434.0
15-152_R1_001_val_1	2.9897293903431836					
15-152_R1_001_val_1_val_1		78.19819564525896	43.0	139.77195266210666	27.27272727272727	31739055.0
15-152_R2_001_val_2	2.340523879837849					
15-152_R2_001_val_2_val_2		77.12599462128725	43.0	138.5924832670664	27.27272727272727	31739055.0
15-154_R1_001_val_1	3.6708421193493233					
15-154_R1_001_val_1_val_1		79.89893040601864	42.0	139.5310187846835	27.27272727272727	48838406.0
15-154_R2_001_val_2	2.464209843861263					
15-154_R2_001_val_2_val_2		80.8001062283223	42.0	138.78453729632372	27.27272727272727	48838406.0
15-161_R1_001_val_1	3.4261669415327893					
15-161_R1_001_val_1_val_1		78.75082891493636	42.0	136.48380230590416	27.27272727272727	51022849.0
15-161_R2_001_val_2	2.350472977971305					
15-161_R2_001_val_2_val_2		79.55833002740194	42.0	135.7568590691594	27.27272727272727	51022849.0
25-046_R1_001_val_1	2.6878407567861125					
25-046_R1_001_val_1_val_1		79.33603778654577	43.0	141.56246477447127	27.27272727272727	43173589.0
25-046_R2_001_val_2	2.279203138808863					
25-046_R2_001_val_2_val_2		80.28164348457163	43.0	140.87094705052203	27.27272727272727	43173589.0
25-047_R1_001_val_1	2.839656357113899					
25-047_R1_001_val_1_val_1		72.23975488651593	44.0	123.69479998979169	27.27272727272727	25508623.0
25-047_R2_001_val_2	2.0630311450139818					
25-047_R2_001_val_2_val_2		73.27427841006099	44.0	123.05421053108198	36.36363636363637	25508623.0
25-048_R1_001_val_1	2.4984402036634603					
25-048_R1_001_val_1_val_1		73.69642522610349	44.0	142.68052471556263	27.27272727272727	26957691.0
25-048_R2_001_val_2	2.2047859071428833					
25-048_R2_001_val_2_val_2		74.31858878556626	44.0	141.98144863371274	27.27272727272727	26957691.0
25-049_R1_001_val_1	3.542880505503233					
25-049_R1_001_val_1_val_1		80.65185841000914	41.0	141.37155354683253	27.27272727272727	37123419.0
25-049_R2_001_val_2	2.640270038888683					
25-049_R2_001_val_2_val_2		79.33147665004985	41.0	140.01508099240536	27.27272727272727	37123419.0
25-050_R1_001_val_1	3.1250956875882085					
25-050_R1_001_val_1_val_1		78.78397905535158	43.0	141.4592231289835	27.27272727272727	51448798.0
25-050_R2_001_val_2	2.2695506239528562					
25-050_R2_001_val_2_val_2		79.81612560564562	43.0	140.68906632182154	27.27272727272727	51448798.0
25-051_R1_001_val_1	2.0743716898158193					
25-051_R1_001_val_1_val_1		73.61425832132045	45.0	135.57780309536406	18.181818181818183	51589085.0
25-051_R2_001_val_2	1.7057612829499043					
25-051_R2_001_val_2_val_2		74.76208705137594	46.0	134.88920030273846	27.27272727272727	51589085.0
25-052_R1_001_val_1	3.2582211189355457					
25-052_R1_001_val_1_val_1		76.19902567513338	43.0	141.99704774904578	27.27272727272727	29349131.0
25-052_R2_001_val_2	2.563761330818223					
25-052_R2_001_val_2_val_2		76.02632136684014	43.0	141.1754710897573	27.27272727272727	29349131.0
25-053_R1_001_val_1	2.6580665613095578					
25-053_R1_001_val_1_val_1		80.2964062470287	44.0	138.71442373273035	27.27272727272727	49850480.0
25-053_R2_001_val_2	2.2111783008965538					
25-053_R2_001_val_2_val_2		81.14738522124115	44.0	138.14246817683602	27.27272727272727	49850480.0
25-054_R1_001_val_1	2.511291548805359					
25-054_R1_001_val_1_val_1		77.64964734170584	45.0	140.78557715389576	27.27272727272727	49364390.0
25-054_R2_001_val_2	2.0139210162296153					
25-054_R2_001_val_2_val_2		78.58397993222674	45.0	140.1242243649724	27.27272727272727	49364390.0
25-055_R1_001_val_1	2.9839597520505032					
25-055_R1_001_val_1_val_1		75.93512005367029	44.0	143.77735166636887	27.27272727272727	31419274.0
25-055_R2_001_val_2	2.251181260444979					
25-055_R2_001_val_2_val_2		77.37403921889567	44.0	143.07218308099672	27.27272727272727	31419274.0
25-056_R1_001_val_1	2.630734158309892					
25-056_R1_001_val_1_val_1		77.64649560994557	43.0	140.6047064696902	27.27272727272727	33419019.0
25-056_R2_001_val_2	2.3609169546758255					
25-056_R2_001_val_2_val_2		76.7288383505769	43.0	139.5866087212195	27.27272727272727	33419019.0
25-058_R1_001_val_1	3.696845874387692					
25-058_R1_001_val_1_val_1		78.7544157026346	41.0	136.84932281137526	27.27272727272727	37781054.0
25-058_R2_001_val_2	2.5703147455974844					
25-058_R2_001_val_2_val_2		79.46305091711105	41.0	136.036419047494	27.27272727272727	37781054.0
25-059_R1_001_val_1	2.6703430975059117					
25-059_R1_001_val_1_val_1		82.06380687388915	45.0	136.56982993805929	27.27272727272727	60851887.0
25-059_R2_001_val_2	2.0243985338060004					
25-059_R2_001_val_2_val_2		82.51558751391556	45.0	135.9104618234764	27.27272727272727	60851887.0
25-060_R1_001_val_1	3.0930962714330037					
25-060_R1_001_val_1_val_1		81.96240223824438	42.0	137.1415244638657	27.27272727272727	52595776.0
25-060_R2_001_val_2	2.564145285595814					
25-060_R2_001_val_2_val_2		82.59213008467356	42.0	136.6378576865184	27.27272727272727	52595776.0
25-109_R1_001_val_1	2.9270388708271686					
25-109_R1_001_val_1_val_1		78.21893238585628	43.0	138.00999272846545	27.27272727272727	43549267.0
25-109_R2_001_val_2	2.2299558973809788					
25-109_R2_001_val_2_val_2		79.3220890981687	43.0	137.25670847686138	27.27272727272727	43549267.0
25-110_R1_001_val_1	4.139676274604992					
25-110_R1_001_val_1_val_1		81.32363112464391	41.0	142.77661379060697	27.27272727272727	34059081.0
25-110_R2_001_val_2	2.6079219121201476					
25-110_R2_001_val_2_val_2		82.05420634482434	41.0	141.81314478215074	27.27272727272727	34059081.0
25-112_R1_001_val_1	2.909931954610329					
25-112_R1_001_val_1_val_1		79.6815444208689	43.0	144.4224839091635	27.27272727272727	45698370.0
25-112_R2_001_val_2	2.2717232740790334					
25-112_R2_001_val_2_val_2		80.08829837169498	43.0	143.57832841740307	27.27272727272727	45698370.0
25-113_R1_001_val_1	2.8380849476864123					
25-113_R1_001_val_1_val_1		76.7369437196046	44.0	142.93738256022326	27.27272727272727	31155330.0
25-113_R2_001_val_2	2.1183630915566343					
25-113_R2_001_val_2_val_2		77.30139764104126	44.0	142.03270535089823	27.27272727272727	31155330.0
25-114_R1_001_val_1	3.084723543839272					
25-114_R1_001_val_1_val_1		83.32932932058132	42.0	143.13630315252433	27.27272727272727	65337513.0
25-114_R2_001_val_2	2.430001533768043					
25-114_R2_001_val_2_val_2		83.30490811318262	42.0	142.32577609741588	27.27272727272727	65337513.0
25-115_R1_001_val_1	2.4147103888933845					
25-115_R1_001_val_1_val_1		76.92777638951233	44.0	140.800943869444	27.27272727272727	37983643.0
25-115_R2_001_val_2	2.093400106591475					
25-115_R2_001_val_2_val_2		78.06171587044554	44.0	140.14088082599133	27.27272727272727	37983643.0
25-116_R1_001_val_1	2.590065276196213					
25-116_R1_001_val_1_val_1		76.86460359535293	43.0	142.7392072681211	27.27272727272727	43017445.0
25-116_R2_001_val_2	2.2406379281614557					
25-116_R2_001_val_2_val_2		77.81520726272083	43.0	141.85100779462843	27.27272727272727	43017445.0
25-117_R1_001_val_1	2.4485801088821817					
25-117_R1_001_val_1_val_1		74.560854686394	44.0	136.96031403043003	27.27272727272727	37756341.0
25-117_R2_001_val_2	2.165837940088468					
25-117_R2_001_val_2_val_2		74.57636154890399	44.0	136.31997131289813	27.27272727272727	37756341.0
25-119_R1_001_val_1	3.943228684049359					
25-119_R1_001_val_1_val_1		84.89912556959263	39.0	143.86074749668026	36.36363636363637	49234921.0
25-119_R2_001_val_2	3.0141395906044974					
25-119_R2_001_val_2_val_2		84.95875205992556	39.0	142.92749132267318	27.27272727272727	49234921.0
25-120_R1_001_val_1	2.3489168512214533					
25-120_R1_001_val_1_val_1		78.55542609118692	44.0	138.01865525442514	27.27272727272727	54472267.0
25-120_R2_001_val_2	2.1168267323452077					
25-120_R2_001_val_2_val_2		78.48299695166263	44.0	137.50877348284402	27.27272727272727	54472267.0
25-167_R1_001_val_1	3.0777117696330074					
25-167_R1_001_val_1_val_1		79.21150455971286	43.0	139.70896043716368	36.36363636363637	36101810.0
25-167_R2_001_val_2	2.2819244639248564					
25-167_R2_001_val_2_val_2		78.01499584467862	43.0	138.53555184629246	27.27272727272727	36101810.0
25-168_R1_001_val_1	2.8525314271585924					
25-168_R1_001_val_1_val_1		80.03569775437657	43.0	142.86326376668904	27.27272727272727	42524259.0
25-168_R2_001_val_2	2.317759962498226					
25-168_R2_001_val_2_val_2		80.1633436398854	44.0	142.16237924333967	27.27272727272727	42524259.0
25-169_R1_001_val_1	2.3946209325159824					
25-169_R1_001_val_1_val_1		79.18722555824725	45.0	130.18083844090745	27.27272727272727	53220471.0
25-169_R2_001_val_2	1.828570986125343					
25-169_R2_001_val_2_val_2		80.15389099790966	45.0	129.59348636730405	27.27272727272727	53220471.0
25-170_R1_001_val_1	2.5501755507812813					
25-170_R1_001_val_1_val_1		78.20728135498796	44.0	143.06566279503818	27.27272727272727	48322646.0
25-170_R2_001_val_2	2.2726145085364164					
25-170_R2_001_val_2_val_2		78.93254140215501	44.0	142.23195025371749	27.27272727272727	48322646.0
25-171_R1_001_val_1	3.705144635240126					
25-171_R1_001_val_1_val_1		82.1557064313769	41.0	144.53751675505376	27.27272727272727	45793646.0
25-171_R2_001_val_2	2.596233841443611					
25-171_R2_001_val_2_val_2		82.32789503994415	41.0	143.44408073556755	27.27272727272727	45793646.0
25-172_R1_001_val_1	2.5603904276632514					
25-172_R1_001_val_1_val_1		74.9115317474311	44.0	140.28113342293537	27.27272727272727	36057961.0
25-172_R2_001_val_2	2.1462802301328514					
25-172_R2_001_val_2_val_2		75.784638706843	44.0	139.53528209762055	27.27272727272727	36057961.0
25-174_R1_001_val_1	3.143636146880171					
25-174_R1_001_val_1_val_1		77.40279326225588	42.0	140.78439891136958	27.27272727272727	34734653.0
25-174_R2_001_val_2	2.3553320095387873					
25-174_R2_001_val_2_val_2		78.33651406395548	42.0	139.99734392049345	27.27272727272727	34734653.0
25-175_R1_001_val_1	3.90748034468949					
25-175_R1_001_val_1_val_1		78.27677561419168	42.0	143.42379342221358	27.27272727272727	36005304.0
25-175_R2_001_val_2	2.7479965116189597					
25-175_R2_001_val_2_val_2		78.6578075235997	42.0	142.5185126058094	27.27272727272727	36005304.0
25-177_R1_001_val_1	3.6364138445209804					
25-177_R1_001_val_1_val_1		80.30169257604952	41.0	143.63598927024853	27.27272727272727	42131824.0
25-177_R2_001_val_2	2.630888723687133					
25-177_R2_001_val_2_val_2		80.36555389444261	41.0	142.59283564366925	27.27272727272727	42131824.0
25-179_R1_001_val_1	2.929043660275937					
25-179_R1_001_val_1_val_1		76.58709742422434	44.0	136.50575582123145	27.27272727272727	39542750.0
25-179_R2_001_val_2	2.1988469435445985					
25-179_R2_001_val_2_val_2		77.82895076431322	44.0	135.8605969488718	27.27272727272727	39542750.0
25-180_R1_001_val_1	3.816257988276938					
25-180_R1_001_val_1_val_1		78.84221587216756	41.0	133.3096112943615	27.27272727272727	47720378.0
25-180_R2_001_val_2	2.483471188131721					
25-180_R2_001_val_2_val_2		79.7568487037017	41.0	132.39594797425954	27.27272727272727	47720378.0
25-185_R1_001_val_1	2.9277470979392635					
25-185_R1_001_val_1_val_1		73.03625236576352	44.0	142.68551848730792	27.27272727272727	26001379.0
25-185_R2_001_val_2	2.222160600102049					
25-185_R2_001_val_2_val_2		73.8706531644919	44.0	141.8375707303832	27.27272727272727	26001379.0
25-186_R1_001_val_1	2.8229536127909687					
25-186_R1_001_val_1_val_1		72.83302535504963	44.0	142.43110697417788	27.27272727272727	24909488.0
25-186_R2_001_val_2	2.2052189086807674					
25-186_R2_001_val_2_val_2		73.60483711137793	44.0	141.59005207172464	27.27272727272727	24909488.0
25-193_R1_001_val_1	3.353451199498466					
25-193_R1_001_val_1_val_1		84.45154016432556	38.0	138.13207687399617	36.36363636363637	26129616.0
25-193_R2_001_val_2	2.79959389436839					
25-193_R2_001_val_2_val_2		84.13921222745846	38.0	137.29812638654926	18.181818181818183	26129616.0
25-194_R1_001_val_1	3.135189287318279					
25-194_R1_001_val_1_val_1		79.62380055387506	42.0	141.12561246245406	27.27272727272727	29691616.0
25-194_R2_001_val_2	2.400979244812664					
25-194_R2_001_val_2_val_2		78.36234725894064	42.0	139.84204200943458	27.27272727272727	29691616.0
25-195_R1_001_val_1	3.048953302109895					
25-195_R1_001_val_1_val_1		75.25122155450141	44.0	139.59811093243633	27.27272727272727	32520912.0
25-195_R2_001_val_2	2.2535727188557333					
25-195_R2_001_val_2_val_2		77.14683979721514	44.0	138.93797683164604	27.27272727272727	32520912.0
25-202_R1_001_val_1	4.376275871258415					
25-202_R1_001_val_1_val_1		81.98549355365357	40.0	136.19781693028858	36.36363636363637	46854665.0
25-202_R2_001_val_2	2.7131242586236186					
25-202_R2_001_val_2_val_2		82.64139336424421	39.0	135.31749933544504	18.181818181818183	46854665.0
25-203_R1_001_val_1	3.263311034516948					
25-203_R1_001_val_1_val_1		78.34908057957058	42.0	141.49084267319844	27.27272727272727	34569914.0
25-203_R2_001_val_2	2.5302176971820725					
25-203_R2_001_val_2_val_2		77.18034902864314	42.0	140.18830801835375	27.27272727272727	34569914.0
5-002_R1_001_val_1	3.9505858400281944					
5-002_R1_001_val_1_val_1		77.30288634711103	42.0	142.58190731079316	27.27272727272727	41624868.0
5-002_R2_001_val_2	2.590138973014887					
5-002_R2_001_val_2_val_2		78.31805279308682	42.0	141.75824247658875	27.27272727272727	41624868.0
5-003_R1_001_val_1	3.864865315315433					
5-003_R1_001_val_1_val_1		81.79321543826451	40.0	140.2182816735181	27.27272727272727	44880016.0
5-003_R2_001_val_2	2.4559296249402123					
5-003_R2_001_val_2_val_2		82.32133613861365	40.0	139.35213302954259	27.27272727272727	44880016.0
5-004_R1_001_val_1	3.0559043443961023					
5-004_R1_001_val_1_val_1		80.32924744859655	41.0	137.28398042096225	27.27272727272727	50252725.0
5-004_R2_001_val_2	2.4915894904226232					
5-004_R2_001_val_2_val_2		81.33110740432028	41.0	136.62530762262145	27.27272727272727	50252725.0
5-005_R1_001_val_1	5.162848004062618					
5-005_R1_001_val_1_val_1		84.12130319442139	37.0	143.6452932341826	36.36363636363637	42110285.0
5-005_R2_001_val_2	3.0117178526602295					
5-005_R2_001_val_2_val_2		84.36889859932114	37.0	142.4030214946301	18.181818181818183	42110285.0
5-006_R1_001_val_1	3.5474137723502044					
5-006_R1_001_val_1_val_1		77.70513121783767	41.0	139.03426050998627	27.27272727272727	32184985.0
5-006_R2_001_val_2	2.4817064070456762					
5-006_R2_001_val_2_val_2		77.67534054769992	41.0	138.09347246860608	27.27272727272727	32184985.0
5-007_R1_001_val_1	4.048580705213704					
5-007_R1_001_val_1_val_1		79.32833639044233	41.0	142.39966384755328	27.27272727272727	28881539.0
5-007_R2_001_val_2	2.6311465254215705					
5-007_R2_001_val_2_val_2		80.01795564975228	40.0	141.42835788633008	27.27272727272727	28881539.0
5-008_R1_001_val_1	3.2989416429896834					
5-008_R1_001_val_1_val_1		81.03603659760381	40.0	143.36561875782513	27.27272727272727	48988835.0
5-008_R2_001_val_2	2.674194046483642					
5-008_R2_001_val_2_val_2		81.37855648312936	40.0	142.43776766685716	18.181818181818183	48988835.0
5-009_R1_001_val_1	4.068532475525667					
5-009_R1_001_val_1_val_1		78.88319152636372	41.0	140.77545720544202	27.27272727272727	31417441.0
5-009_R2_001_val_2	2.8415549031484937					
5-009_R2_001_val_2_val_2		79.14159556612842	41.0	139.7992809471656	27.27272727272727	31417441.0
5-010_R1_001_val_1	3.145695330533978					
5-010_R1_001_val_1_val_1		69.20182394100266	44.0	141.68358574262027	27.27272727272727	32977392.0
5-010_R2_001_val_2	2.25824754892072					
5-010_R2_001_val_2_val_2		71.40642099518577	44.0	141.0261892147202	27.27272727272727	32977392.0
5-012_R1_001_val_1	4.662376710344527					
5-012_R1_001_val_1_val_1		81.77679597813147	39.0	144.20493785843368	36.36363636363637	41079428.0
5-012_R2_001_val_2	3.000533329175364					
5-012_R2_001_val_2_val_2		81.83216618929217	39.0	142.81377279644693	18.181818181818183	41079428.0
5-014_R1_001_val_1	3.700258931890757					
5-014_R1_001_val_1_val_1		79.59714724814478	41.0	136.65240962929627	27.27272727272727	46980214.0
5-014_R2_001_val_2	2.518027089936064					
5-014_R2_001_val_2_val_2		80.38818895541814	41.0	135.96594462085676	27.27272727272727	46980214.0
5-015_R1_001_val_1	3.0442820029120155					
5-015_R1_001_val_1_val_1		79.42930088291543	41.0	142.5122166662268	27.27272727272727	32888596.0
5-015_R2_001_val_2	2.4677859781411926					
5-015_R2_001_val_2_val_2		80.60176938781385	41.0	141.9015639950091	27.27272727272727	32888596.0
5-061_R1_001_val_1	3.711600326978003					
5-061_R1_001_val_1_val_1		84.81473511137492	38.0	142.9126033668547	36.36363636363637	35584666.0
5-061_R2_001_val_2	2.8450905751107087					
5-061_R2_001_val_2_val_2		84.88843902457543	38.0	142.0988796129209	18.181818181818183	35584666.0
5-063_R1_001_val_1	3.583591741415674					
5-063_R1_001_val_1_val_1		80.60877806400315	43.0	142.4794600806028	27.27272727272727	41098579.0
5-063_R2_001_val_2	2.336791763036581					
5-063_R2_001_val_2_val_2		81.11282517096222	43.0	141.5117714167198	27.27272727272727	41098579.0
5-066_R1_001_val_1	3.2493016633217366					
5-066_R1_001_val_1_val_1		69.74930531168795	44.0	123.91125488995903	27.27272727272727	18464623.0
5-066_R2_001_val_2	2.291449728591048					
5-066_R2_001_val_2_val_2		70.4253967271709	44.0	123.29643356379385	36.36363636363637	18464623.0
5-067_R1_001_val_1	3.8668108759982105					
5-067_R1_001_val_1_val_1		79.80524242625238	41.0	140.4673735139678	27.27272727272727	43116243.0
5-067_R2_001_val_2	2.586093356799061					
5-067_R2_001_val_2_val_2		80.18397467331673	41.0	139.52593316166252	27.27272727272727	43116243.0
5-069_R1_001_val_1	4.861219593956605					
5-069_R1_001_val_1_val_1		82.36512675310163	40.0	145.0928478469477	27.27272727272727	35385764.0
5-069_R2_001_val_2	3.0357331651309885					
5-069_R2_001_val_2_val_2		82.24140707029633	40.0	143.74035001759464	18.181818181818183	35385764.0
5-071_R1_001_val_1	3.540157010694726					
5-071_R1_001_val_1_val_1		82.55523991066701	40.0	142.72680101092877	36.36363636363637	41278081.0
5-071_R2_001_val_2	2.7868954892555258					
5-071_R2_001_val_2_val_2		82.85766362584651	39.0	141.94716791703567	18.181818181818183	41278081.0
5-073_R1_001_val_1	3.897223618989481					
5-073_R1_001_val_1_val_1		79.68115582973088	40.0	136.85027067328915	36.36363636363637	30343962.0
5-073_R2_001_val_2	2.42722469500069					
5-073_R2_001_val_2_val_2		80.24480476167295	40.0	136.03376566316555	27.27272727272727	30343962.0
5-074_R1_001_val_1	3.4057881685974256					
5-074_R1_001_val_1_val_1		79.87882862234109	40.0	142.81342184436855	27.27272727272727	35060487.0
5-074_R2_001_val_2	2.736232528226861					
5-074_R2_001_val_2_val_2		80.66949651273208	40.0	141.8746787230879	18.181818181818183	35060487.0
5-075_R1_001_val_1	4.259056072930693					
5-075_R1_001_val_1_val_1		78.52424537678785	41.0	141.5973852057893	27.27272727272727	26441316.0
5-075_R2_001_val_2	2.4882948601652517					
5-075_R2_001_val_2_val_2		80.00727587763399	41.0	140.96780122441712	27.27272727272727	26441316.0
5-121_R1_001_val_1	3.9378445314918054					
5-121_R1_001_val_1_val_1		79.0740955907535	41.0	143.77467667808017	27.27272727272727	38080004.0
5-121_R2_001_val_2	2.629934751362372					
5-121_R2_001_val_2_val_2		79.79793295552147	41.0	142.7679571934919	27.27272727272727	38080004.0
5-122_R1_001_val_1	4.2732710443725885					
5-122_R1_001_val_1_val_1		80.44668129139866	40.0	142.79353300917577	27.27272727272727	22466647.0
5-122_R2_001_val_2	2.9967706755234422					
5-122_R2_001_val_2_val_2		80.41535574543745	40.0	141.64456164731658	18.181818181818183	22466647.0
5-123_R1_001_val_1	2.9858125436369556					
5-123_R1_001_val_1_val_1		80.4114008428829	42.0	143.4851973083856	27.27272727272727	43450206.0
5-123_R2_001_val_2	2.388102358016005					
5-123_R2_001_val_2_val_2		81.09949076770414	42.0	142.7241018834295	27.27272727272727	43450206.0
5-124_R1_001_val_1	3.2476145344808733					
5-124_R1_001_val_1_val_1		82.73966657855678	41.0	139.11933732331926	27.27272727272727	50986312.0
5-124_R2_001_val_2	2.670376013458032					
5-124_R2_001_val_2_val_2		82.68567071444089	41.0	138.3755243171932	27.27272727272727	50986312.0
5-125_R1_001_val_1	4.754951650280451					
5-125_R1_001_val_1_val_1		83.84658333293564	37.0	138.7869478483804	36.36363636363637	36229383.0
5-125_R2_001_val_2	2.7647957859724195					
5-125_R2_001_val_2_val_2		84.46135659888002	37.0	137.84164820030196	27.27272727272727	36229383.0
5-126_R1_001_val_1	3.747615349496803					
5-126_R1_001_val_1_val_1		80.26584313072864	42.0	137.05849007171173	27.27272727272727	40711046.0
5-126_R2_001_val_2	2.3731840716259325					
5-126_R2_001_val_2_val_2		81.18308634921476	42.0	136.39109385693504	27.27272727272727	40711046.0
5-127_R1_001_val_1	3.3384187448453337					
5-127_R1_001_val_1_val_1		74.08560213810304	43.0	132.8582440941896	27.27272727272727	25157682.0
5-127_R2_001_val_2	2.2200298397534657					
5-127_R2_001_val_2_val_2		75.24085503511269	43.0	132.0318113171158	36.36363636363637	25157682.0
5-128_R1_001_val_1	2.8315136923260718					
5-128_R1_001_val_1_val_1		78.28358151617644	42.0	140.207004515704	27.27272727272727	39617300.0
5-128_R2_001_val_2	2.4198227103603482					
5-128_R2_001_val_2_val_2		78.32319002632002	42.0	139.13481516913066	27.27272727272727	39617300.0
5-130_R1_001_val_1	4.847179710911005					
5-130_R1_001_val_1_val_1		82.38544189024677	39.0	143.4940689223685	36.36363636363637	44861662.0
5-130_R2_001_val_2	2.6907171718600775					
5-130_R2_001_val_2_val_2		83.01516408782895	39.0	142.6481407443175	18.181818181818183	44861662.0
5-131_R1_001_val_1	2.940142026939018					
5-131_R1_001_val_1_val_1		84.62922880130314	40.0	138.32846608590225	27.27272727272727	50194421.0
5-131_R2_001_val_2	2.5058197806249294					
5-131_R2_001_val_2_val_2		83.92059700174514	40.0	137.5246186423786	18.181818181818183	50194421.0
5-133_R1_001_val_1	3.763075546391401					
5-133_R1_001_val_1_val_1		77.45508763496218	42.0	141.67261848596397	27.27272727272727	29653006.0
5-133_R2_001_val_2	2.4658552876285347					
5-133_R2_001_val_2_val_2		78.62454824846074	42.0	140.7406316917752	27.27272727272727	29653006.0
5-135_R1_001_val_1	3.6136387780911967					
5-135_R1_001_val_1_val_1		76.25372450457141	40.0	138.3183904581829	27.27272727272727	17270505.0
5-135_R2_001_val_2	2.5335639380862234					
5-135_R2_001_val_2_val_2		76.51195310527108	40.0	137.40738484485544	18.181818181818183	17270505.0
5-181_R1_001_val_1	4.529370257996308					
5-181_R1_001_val_1_val_1		85.24738414387116	39.0	142.261623776194	36.36363636363637	57254479.0
5-181_R2_001_val_2	2.636701669480513					
5-181_R2_001_val_2_val_2		85.361004381147	39.0	141.32524014409424	18.181818181818183	57254479.0
5-182_R1_001_val_1	3.04499978771597					
5-182_R1_001_val_1_val_1		77.55737414597928	42.0	143.33285916596287	27.27272727272727	34133517.0
5-182_R2_001_val_2	2.4216077459666967					
5-182_R2_001_val_2_val_2		78.5653777137532	42.0	142.5438708528043	27.27272727272727	34133517.0
5-187_R1_001_val_1	4.002846271056658					
5-187_R1_001_val_1_val_1		81.02902056283571	41.0	139.94273978794615	36.36363636363637	69131686.0
5-187_R2_001_val_2	2.5359194069339237					
5-187_R2_001_val_2_val_2		81.3827299858775	41.0	138.935421045568	27.27272727272727	69131686.0
5-188_R1_001_val_1	3.7108678666469976					
5-188_R1_001_val_1_val_1		77.61130421615253	41.0	141.42943185994014	27.27272727272727	35692396.0
5-188_R2_001_val_2	2.3718094457346273					
5-188_R2_001_val_2_val_2		77.67072316778504	42.0	140.03671384235454	27.27272727272727	35692396.0
5-189_R1_001_val_1	3.9963210916648535					
5-189_R1_001_val_1_val_1		78.33498869260134	41.0	144.45143061361597	27.27272727272727	30440749.0
5-189_R2_001_val_2	2.5265831985498663					
5-189_R2_001_val_2_val_2		78.90788812808505	41.0	143.4910527661458	27.27272727272727	30440749.0
5-197_R1_001_val_1	3.1076800041635524					
5-197_R1_001_val_1_val_1		78.74494200272689	45.0	139.77100024254304	27.27272727272727	52580357.0
5-197_R2_001_val_2	2.1909920107811702					
5-197_R2_001_val_2_val_2		79.57441321034442	45.0	138.98270078310804	27.27272727272727	52580357.0
