Sample	cutadapt_version	r_processed	r_with_adapters	r_written	bp_processed	quality_trimmed	bp_written	percent_trimmed
15-033_R1_001_val_1	3.5	46374479	6605005	46374479	6721554175	1397655	6551714783	2.5267875193462976
15-033_R2_001_val_2	3.5	46374479	15147529	46374479	6714104182	2810926	6564017427	2.2353950866948287
15-091_R1_001_val_1	3.5	44028566	7066458	44028566	6144610736	1550889	5924879599	3.5759976740697477
15-091_R2_001_val_2	3.5	44028566	14064506	44028566	6137077006	3107648	5987982107	2.4294122243249556
15-092_R1_001_val_1	3.5	49068698	7071417	49068698	6615678169	1981543	6438356046	2.6803317584416795
15-092_R2_001_val_2	3.5	49068698	14720016	49068698	6607973369	3864788	6448360015	2.4154660602718905
15-152_R1_001_val_1	3.5	32395456	4750977	32395456	4608456419	1068195	4470676043	2.9897293903431836
15-152_R2_001_val_2	3.5	32395456	10116628	32395456	4594416059	4066559	4486882654	2.340523879837849
15-154_R1_001_val_1	3.5	50128301	8011960	50128301	7134577557	1750522	6872678479	3.6708421193493233
15-154_R2_001_val_2	3.5	50128301	16626107	50128301	7125828161	3427930	6950232802	2.464209843861263
15-161_R1_001_val_1	3.5	52307981	8225962	52307981	7270669855	1868594	7021564568	3.4261669415327893
15-161_R2_001_val_2	3.5	52307981	16459473	52307981	7262341818	3795565	7091642436	2.350472977971305
25-046_R1_001_val_1	3.5	43865460	6428165	43865460	6328990978	1380773	6158877779	2.6878407567861125
25-046_R2_001_val_2	3.5	43865460	14354289	43865460	6321052369	2993790	6176982745	2.279203138808863
25-047_R1_001_val_1	3.5	26042719	3687938	26042719	3270161221	879213	3177299880	2.839656357113899
25-047_R2_001_val_2	3.5	26042719	6967128	26042719	3266960325	1932067	3199561916	2.0630311450139818
25-048_R1_001_val_1	3.5	27342459	3893458	27342459	3975249752	1092292	3875930514	2.4984402036634603
25-048_R2_001_val_2	3.5	27342459	9068435	27342459	3968767975	2263810	3881265138	2.2047859071428833
25-049_R1_001_val_1	3.5	38084023	6078156	38084023	5489065118	1241717	5294594100	3.542880505503233
25-049_R2_001_val_2	3.5	38084023	13151294	38084023	5472659761	4496089	5328166765	2.640270038888683
25-050_R1_001_val_1	3.5	52562330	7930130	52562330	7573637695	1597609	7336954270	3.1250956875882085
25-050_R2_001_val_2	3.5	52562330	17326570	52562330	7564096310	3448643	7392425315	2.2695506239528562
25-051_R1_001_val_1	3.5	52285803	6808564	52285803	7186482670	1754274	7037408308	2.0743716898158193
25-051_R2_001_val_2	3.5	52285803	14821182	52285803	7176605204	3862570	7054189451	1.7057612829499043
25-052_R1_001_val_1	3.5	30059929	4620326	30059929	4351214814	1152099	4209442614	3.2582211189355457
25-052_R2_001_val_2	3.5	30059929	10365972	30059929	4345031094	2216296	4233634867	2.563761330818223
25-053_R1_001_val_1	3.5	50603388	7452100	50603388	7155011570	1440824	6964826600	2.6580665613095578
25-053_R2_001_val_2	3.5	50603388	16190653	50603388	7147196675	3300377	6989159413	2.2111783008965538
25-054_R1_001_val_1	3.5	50161131	6957973	50161131	7180969493	1649763	7000634413	2.511291548805359
25-054_R2_001_val_2	3.5	50161131	15293692	50161131	7170854509	3439155	7026439163	2.0139210162296153
25-055_R1_001_val_1	3.5	32069631	4680824	32069631	4696302653	1233007	4556166872	2.9839597520505032
25-055_R2_001_val_2	3.5	32069631	10984828	32069631	4690296728	2151903	4584709647	2.251181260444979
25-056_R1_001_val_1	3.5	33939555	4928411	33939555	4863350468	1065671	4735408646	2.630734158309892
25-056_R2_001_val_2	3.5	33939555	10821987	33939555	4848791982	4228238	4734316030	2.3609169546758255
25-058_R1_001_val_1	3.5	38831671	6309173	38831671	5416959722	1605010	5216703070	3.696845874387692
25-058_R2_001_val_2	3.5	38831671	12774350	38831671	5410503256	3065072	5271436293	2.5703147455974844
25-059_R1_001_val_1	3.5	61961030	8729493	61961030	8599305880	1834767	8369674909	2.6703430975059117
25-059_R2_001_val_2	3.5	61961030	18566374	61961030	8590240859	4483484	8416340149	2.0243985338060004
25-060_R1_001_val_1	3.5	53610688	8453411	53610688	7507110889	2007434	7274908722	3.0930962714330037
25-060_R2_001_val_2	3.5	53610688	17933064	53610688	7498657509	4121320	7306381036	2.564145285595814
25-109_R1_001_val_1	3.5	44428553	6578692	44428553	6238681311	1688337	6056072684	2.9270388708271686
25-109_R2_001_val_2	3.5	44428553	13669049	44428553	6230615689	3299378	6091675707	2.2299558973809788
25-110_R1_001_val_1	3.5	35122072	5727942	35122072	5120402803	1063656	4908434703	4.139676274604992
25-110_R2_001_val_2	3.5	35122072	12715633	35122072	5113264296	2367177	4979914356	2.6079219121201476
25-112_R1_001_val_1	3.5	46584169	6877417	46584169	6855235487	1521228	6655752799	2.909931954610329
25-112_R2_001_val_2	3.5	46584169	16435483	46584169	6844954435	3263373	6689456012	2.2717232740790334
25-113_R1_001_val_1	3.5	31779287	4432487	31779287	4618693817	1052361	4487611363	2.8380849476864123
25-113_R2_001_val_2	3.5	31779287	10295864	31779287	4611717528	2343343	4514024606	2.1183630915566343
25-114_R1_001_val_1	3.5	66650980	10487011	66650980	9731241738	2234205	9431059833	3.084723543839272
25-114_R2_001_val_2	3.5	66650980	23711979	66650980	9720179050	4332838	9483978550	2.430001533768043
25-115_R1_001_val_1	3.5	38536519	5375523	38536519	5520680642	1175082	5387372193	2.4147103888933845
25-115_R2_001_val_2	3.5	38536519	11992878	38536519	5514075099	2480272	5398643445	2.093400106591475
25-116_R1_001_val_1	3.5	43712866	6150028	43712866	6352042920	1404440	6187520862	2.590065276196213
25-116_R2_001_val_2	3.5	43712866	14580194	43712866	6343057047	2933499	6200932105	2.2406379281614557
25-117_R1_001_val_1	3.5	38313594	5385852	38313594	5342263646	1306119	5211454041	2.4485801088821817
25-117_R2_001_val_2	3.5	38313594	12146430	38313594	5334840565	2627895	5219296564	2.165837940088468
25-119_R1_001_val_1	3.5	50501575	8679230	50501575	7448386653	1481804	7154679734	3.943228684049359
25-119_R2_001_val_2	3.5	50501575	20188486	50501575	7437543062	3335386	7213365132	3.0141395906044974
25-120_R1_001_val_1	3.5	55180119	7774171	55180119	7753573393	2037949	7571448401	2.3489168512214533
25-120_R2_001_val_2	3.5	55180119	16525884	55180119	7745757104	3828986	7581792847	2.1168267323452077
25-167_R1_001_val_1	3.5	36902705	5449189	36902705	5244555991	1137686	5083143674	3.0777117696330074
25-167_R2_001_val_2	3.5	36902705	11633738	36902705	5229196053	4486215	5109869749	2.2819244639248564
25-168_R1_001_val_1	3.5	43252629	6413480	43252629	6303519754	1334852	6123709872	2.8525314271585924
25-168_R2_001_val_2	3.5	43252629	14900168	43252629	6295126215	2854032	6149220300	2.317759962498226
25-169_R1_001_val_1	3.5	54117969	7419245	54117969	7143443527	1884742	6972385133	2.3946209325159824
25-169_R2_001_val_2	3.5	54117969	14271622	54117969	7135913836	3623355	7005428586	1.828570986125343
25-170_R1_001_val_1	3.5	49087925	6905178	49087925	7151596483	1715586	6969218218	2.5501755507812813
25-170_R2_001_val_2	3.5	49087925	16353313	49087925	7140967788	3594327	6978681118	2.2726145085364164
25-171_R1_001_val_1	3.5	47048483	7429590	47048483	6938962829	1555895	6681864220	3.705144635240126
25-171_R2_001_val_2	3.5	47048483	17549906	47048483	6928085796	3229008	6748216488	2.596233841443611
25-172_R1_001_val_1	3.5	36651873	5276093	36651873	5230045799	1409732	5096136207	2.5603904276632514
25-172_R2_001_val_2	3.5	36651873	11510134	36651873	5222473162	2873325	5110384253	2.1462802301328514
25-174_R1_001_val_1	3.5	35477422	5446967	35477422	5089648023	1284186	4929648008	3.143636146880171
25-174_R2_001_val_2	3.5	35477422	11916150	35477422	5082843120	2630144	4963125289	2.3553320095387873
25-175_R1_001_val_1	3.5	37185063	5910926	37185063	5438589609	1411559	5226077789	3.90748034468949
25-175_R2_001_val_2	3.5	37185063	13445958	37185063	5430410205	2707746	5281182722	2.7479965116189597
25-177_R1_001_val_1	3.5	43246727	6952341	43246727	6338629536	1492816	6108130734	3.6364138445209804
25-177_R2_001_val_2	3.5	43246727	15981187	43246727	6330411602	2830276	6163865517	2.630888723687133
25-179_R1_001_val_1	3.5	40358113	5923987	40358113	5604447630	1410290	5440290912	2.929043660275937
25-179_R2_001_val_2	3.5	40358113	12489429	40358113	5597557318	3000737	5474475600	2.1988469435445985
25-180_R1_001_val_1	3.5	49142899	7773502	49142899	6671255161	1644733	6416662853	3.816257988276938
25-180_R2_001_val_2	3.5	49142899	15702765	49142899	6663318173	3559988	6497836586	2.483471188131721
25-185_R1_001_val_1	3.5	26515365	3881981	26515365	3852303161	953154	3739517467	2.9277470979392635
25-185_R2_001_val_2	3.5	26515365	8910962	26515365	3846346074	2064940	3760874087	2.222160600102049
25-186_R1_001_val_1	3.5	25383543	3665309	25383543	3680011054	978819	3576126049	2.8229536127909687
25-186_R2_001_val_2	3.5	25383543	8440031	25383543	3674484183	2076842	3593453763	2.2052189086807674
25-193_R1_001_val_1	3.5	26704889	4505632	26704889	3769358177	911820	3642954590	3.353451199498466
25-193_R2_001_val_2	3.5	26704889	9824507	26704889	3765892125	1616254	3660462439	2.79959389436839
25-194_R1_001_val_1	3.5	30361356	4571795	30361356	4361366427	927183	4224629334	3.135189287318279
25-194_R2_001_val_2	3.5	30361356	10030810	30361356	4348336131	3664230	4243933483	2.400979244812664
25-195_R1_001_val_1	3.5	33205632	4930120	33205632	4720074194	1285609	4576161336	3.048953302109895
25-195_R2_001_val_2	3.5	33205632	10502439	33205632	4715112546	2262708	4608854056	2.2535727188557333
25-202_R1_001_val_1	3.5	48430876	8361544	48430876	6733599153	1628732	6438918278	4.376275871258415
25-202_R2_001_val_2	3.5	48430876	16118964	48430876	6726271398	3124237	6543779297	2.7131242586236186
25-203_R1_001_val_1	3.5	35371877	5360447	35371877	5099328205	1168734	4932921265	3.263311034516948
25-203_R2_001_val_2	3.5	35371877	11828821	35371877	5083877887	4342138	4955244709	2.5302176971820725
5-002_R1_001_val_1	3.5	42800093	6990447	42800093	6234677513	1345607	5988371226	3.9505858400281944
5-002_R2_001_val_2	3.5	42800093	15434619	42800093	6226987381	2644644	6065699754	2.590138973014887
5-003_R1_001_val_1	3.5	46172757	7677541	46172757	6601018281	1331244	6345897815	3.864865315315433
5-003_R2_001_val_2	3.5	46172757	15994902	46172757	6594430490	2664727	6432475918	2.4559296249402123
5-004_R1_001_val_1	3.5	51199931	8050220	51199931	7172387984	1697503	6953206668	3.0559043443961023
5-004_R2_001_val_2	3.5	51199931	16430740	51199931	7164515651	3411737	6986005332	2.4915894904226232
5-005_R1_001_val_1	3.5	43882525	8085220	43882525	6447987656	1217521	6115087854	5.162848004062618
5-005_R2_001_val_2	3.5	43882525	17989623	43882525	6441400672	2412855	6247403858	3.0117178526602295
5-006_R1_001_val_1	3.5	33002575	5367867	33002575	4675837431	1136492	4509966130	3.5474137723502044
5-006_R2_001_val_2	3.5	33002575	11003751	33002575	4670309174	2367801	4554405812	2.4817064070456762
5-007_R1_001_val_1	3.5	29758547	4927944	29758547	4326170299	905945	4151021803	4.048580705213704
5-007_R2_001_val_2	3.5	29758547	10853476	29758547	4320889312	1950665	4207200383	2.6311465254215705
5-008_R1_001_val_1	3.5	50042288	8209802	50042288	7328918337	1607045	7087141598	3.2989416429896834
5-008_R2_001_val_2	3.5	50042288	18973300	50042288	7320222265	3043456	7124465317	2.674194046483642
5-009_R1_001_val_1	3.5	32440532	5340190	32440532	4659616708	1234282	4470038689	4.068532475525667
5-009_R2_001_val_2	3.5	32440532	11586849	32440532	4654298351	2123158	4522043908	2.8415549031484937
5-010_R1_001_val_1	3.5	33673102	4907029	33673102	4863077982	1160131	4710100365	3.145695330533978
5-010_R2_001_val_2	3.5	33673102	11185361	33673102	4857308715	2048374	4747618660	2.25824754892072
5-012_R1_001_val_1	3.5	42628644	7438905	42628644	6281411117	1349763	5988548068	4.662376710344527
5-012_R2_001_val_2	3.5	42628644	17068545	42628644	6273062031	2716632	6084836714	3.000533329175364
5-014_R1_001_val_1	3.5	48224712	8016784	48224712	6723598607	1621389	6474808049	3.700258931890757
5-014_R2_001_val_2	3.5	48224712	15764882	48224712	6716363286	3239683	6547243439	2.518027089936064
5-015_R1_001_val_1	3.5	33482118	5364521	33482118	4874592855	978886	4726196502	3.0442820029120155
5-015_R2_001_val_2	3.5	33482118	12358005	33482118	4870503928	1718165	4750310315	2.4677859781411926
5-061_R1_001_val_1	3.5	36415008	6250903	36415008	5330827098	985574	5132968102	3.711600326978003
5-061_R2_001_val_2	3.5	36415008	14401956	36415008	5325467573	1965400	5173953197	2.8450905751107087
5-063_R1_001_val_1	3.5	42206464	6484253	42206464	6124598164	1355527	5905117570	3.583591741415674
5-063_R2_001_val_2	3.5	42206464	14724526	42206464	6115913333	2752446	5972997174	2.336791763036581
5-066_R1_001_val_1	3.5	18905359	2865054	18905359	2383289181	645772	2305848926	3.2493016633217366
5-066_R2_001_val_2	3.5	18905359	5248381	18905359	2381050054	1338328	2326489489	2.291449728591048
5-067_R1_001_val_1	3.5	44328424	7222577	44328424	6353381737	1562497	6107708481	3.8668108759982105
5-067_R2_001_val_2	3.5	44328424	15337168	44328424	6345620415	3223583	6181516747	2.586093356799061
5-069_R1_001_val_1	3.5	36821765	6365075	36821765	5461513780	1007556	5196017602	4.861219593956605
5-069_R2_001_val_2	3.5	36821765	14669251	36821765	5453520484	2257902	5287966154	3.0357331651309885
5-071_R1_001_val_1	3.5	42180987	7079110	42180987	6163452252	1332576	5945256365	3.540157010694726
5-071_R2_001_val_2	3.5	42180987	16126832	42180987	6155866722	2759120	5984309150	2.7868954892555258
5-073_R1_001_val_1	3.5	31256890	5133162	31256890	4358403279	854502	4188546557	3.897223618989481
5-073_R2_001_val_2	3.5	31256890	10742012	31256890	4355805345	2135491	4250080162	2.42722469500069
5-074_R1_001_val_1	3.5	35843055	5645544	35843055	5230465231	1232907	5052326665	3.4057881685974256
5-074_R2_001_val_2	3.5	35843055	13260584	35843055	5224878753	2145001	5081913921	2.736232528226861
5-075_R1_001_val_1	3.5	27283340	4631411	27283340	3945664089	848617	3777616043	4.259056072930693
5-075_R2_001_val_2	3.5	27283340	9953157	27283340	3943000951	1373900	3844887461	2.4882948601652517
5-121_R1_001_val_1	3.5	39210287	6335162	39210287	5754655553	1225760	5528046164	3.9378445314918054
5-121_R2_001_val_2	3.5	39210287	14554322	39210287	5747400308	2428743	5596247430	2.629934751362372
5-122_R1_001_val_1	3.5	23245236	3903576	23245236	3389594306	854100	3244747754	4.2732710443725885
5-122_R2_001_val_2	3.5	23245236	8760711	23245236	3385587320	1531991	3284129032	2.9967706755234422
5-123_R1_001_val_1	3.5	44229957	6794992	44229957	6477325156	1218235	6283924369	2.9858125436369556
5-123_R2_001_val_2	3.5	44229957	16056202	44229957	6470239204	2475093	6315723269	2.388102358016005
5-124_R1_001_val_1	3.5	52039602	8376207	52039602	7397772933	1654505	7157521784	3.2476145344808733
5-124_R2_001_val_2	3.5	52039602	18525823	52039602	7389920708	3262100	7192582038	2.670376013458032
5-125_R1_001_val_1	3.5	37618423	6772590	37618423	5330130917	1230399	5076685769	4.754951650280451
5-125_R2_001_val_2	3.5	37618423	13735162	37618423	5326958206	1924114	5179678690	2.7647957859724195
5-126_R1_001_val_1	3.5	41812921	6854808	41812921	5844804084	1152726	5625763309	3.747615349496803
5-126_R2_001_val_2	3.5	41812921	14030403	41812921	5838649545	2672513	5700087644	2.3731840716259325
5-127_R1_001_val_1	3.5	25792233	3920798	25792233	3484549210	806389	3368220366	3.3384187448453337
5-127_R2_001_val_2	3.5	25792233	7929193	25792233	3480355832	1751979	3403090894	2.2200298397534657
5-128_R1_001_val_1	3.5	40305779	6184706	40305779	5761323685	1248090	5598191016	2.8315136923260718
5-128_R2_001_val_2	3.5	40305779	13407794	40305779	5743605447	4815881	5604620378	2.4198227103603482
5-130_R1_001_val_1	3.5	46544878	8325210	46544878	6832786708	1316227	6501589257	4.847179710911005
5-130_R2_001_val_2	3.5	46544878	18254404	46544878	6825630093	2598010	6641971692	2.6907171718600775
5-131_R1_001_val_1	3.5	51132061	8306120	51132061	7211634406	1330111	6999602112	2.940142026939018
5-131_R2_001_val_2	3.5	51132061	16885445	51132061	7205701160	2754864	7025139275	2.5058197806249294
5-133_R1_001_val_1	3.5	30499769	4827246	30499769	4404145305	913170	4238413990	3.763075546391401
5-133_R2_001_val_2	3.5	30499769	10627031	30499769	4399474679	1783350	4290990000	2.4658552876285347
5-135_R1_001_val_1	3.5	17718300	2929700	17718300	2498531274	584231	2408243379	3.6136387780911967
5-135_R2_001_val_2	3.5	17718300	5997494	17718300	2495793023	1226959	2432560511	2.5335639380862234
5-181_R1_001_val_1	3.5	59296280	10247393	59296280	8613637852	1572556	8223494301	4.529370257996308
5-181_R2_001_val_2	3.5	59296280	22042364	59296280	8604923440	3159739	8378037280	2.636701669480513
5-182_R1_001_val_1	3.5	34757346	5232682	34757346	5086228105	1211497	4931352470	3.04499978771597
5-182_R2_001_val_2	3.5	34757346	12354375	34757346	5078672184	2430989	4955686665	2.4216077459666967
5-187_R1_001_val_1	3.5	71242717	11451317	71242717	10168584588	2123427	9761551779	4.002846271056658
5-187_R2_001_val_2	3.5	71242717	25281876	71242717	10155378767	4541702	9897846546	2.5359194069339237
5-188_R1_001_val_1	3.5	36739707	5774026	36739707	5286818045	1133473	5090631213	3.7108678666469976
5-188_R2_001_val_2	3.5	36739707	12568178	36739707	5270172704	4457593	5145174250	2.3718094457346273
5-189_R1_001_val_1	3.5	31342733	5042218	31342733	4622747416	875894	4438007586	3.9963210916648535
5-189_R2_001_val_2	3.5	31342733	11756452	31342733	4616335851	2070406	4499700285	2.5265831985498663
5-197_R1_001_val_1	3.5	53741682	7822878	53741682	7644203447	1629290	7406646065	3.1076800041635524
5-197_R2_001_val_2	3.5	53741682	17156170	53741682	7633790775	3815867	7466535029	2.1909920107811702
