Sample	22	27	32	37	42	47	52	57	62	67	72	77	82	87	92	97	102	107	112	117	122	127	132	137	142	147	150
15-033_R1_001	1369.0	4633.0	2769.0	2668.0	3101.0	3410.0	3349.0	3427.0	3612.0	4067.0	4282.0	4445.0	4882.0	4977.0	5204.0	5697.0	6027.0	6401.0	7039.0	8024.0	11138.0	20772.0	35565.0	882302.0	1222042.0	15913166.0	28804391.0
15-033_R2_001	14539.0	18537.0	8412.0	6990.0	6908.0	7492.0	9184.0	12003.0	16145.0	21785.0	33668.0	50487.0	84579.0	131299.0	189098.0	255262.0	357048.0	448182.0	571012.0	656987.0	761903.0	876213.0	993777.0	1062615.0	1156609.0	15062754.0	24062410.0
15-091_R1_001	1418.0	4506.0	2840.0	3350.0	2704.0	3600.0	3303.0	3491.0	3658.0	4151.0	4372.0	4852.0	5086.0	5506.0	5842.0	6627.0	7054.0	7360.0	8589.0	11229.0	18144.0	41144.0	68879.0	1107152.0	1486196.0	16129772.0	25893940.0
15-091_R2_001	17352.0	21786.0	11244.0	11207.0	14257.0	17155.0	25652.0	36263.0	53157.0	75991.0	119356.0	177842.0	290317.0	415078.0	557421.0	692132.0	886299.0	1002439.0	1152378.0	1175879.0	1239354.0	1290596.0	1306647.0	1285465.0	1274918.0	12473627.0	19177329.0
15-092_R1_001	2030.0	6173.0	3757.0	3853.0	4056.0	4554.0	4409.0	4717.0	4852.0	5084.0	5506.0	5839.0	6389.0	6714.0	7430.0	8126.0	8611.0	9126.0	10740.0	13719.0	38268.0	163409.0	260024.0	1685286.0	2223777.0	17589074.0	27388021.0
15-092_R2_001	19141.0	24765.0	14302.0	15544.0	22748.0	28915.0	46477.0	66605.0	105143.0	150318.0	244436.0	359437.0	571773.0	791743.0	1041539.0	1266712.0	1516475.0	1622912.0	1753885.0	1762772.0	1770212.0	1809599.0	1743479.0	1653350.0	1602733.0	11841537.0	17584450.0
15-152_R1_001	1272.0	3970.0	2028.0	2022.0	2429.0	2354.0	2302.0	2388.0	2487.0	2649.0	2935.0	3078.0	3257.0	3369.0	3689.0	3931.0	4231.0	4355.0	4767.0	5374.0	6593.0	8870.0	13230.0	817315.0	1053085.0	10826195.0	20113919.0
15-152_R2_001	38016.0	41747.0	14211.0	10002.0	8959.0	8751.0	10296.0	12509.0	17672.0	24246.0	38519.0	59392.0	101216.0	163152.0	230323.0	306075.0	423156.0	523097.0	659575.0	736445.0	824414.0	902120.0	989387.0	1028448.0	1044019.0	9706316.0	14914285.0
15-154_R1_001	1865.0	5772.0	3370.0	3471.0	3853.0	4359.0	3756.0	3837.0	4064.0	4417.0	4751.0	5049.0	5376.0	5689.0	6261.0	6686.0	7039.0	7638.0	8348.0	10172.0	22356.0	60844.0	109832.0	1277065.0	1735049.0	17723397.0	29847145.0
15-154_R2_001	18643.0	22467.0	10273.0	9193.0	10266.0	11937.0	15942.0	21379.0	31391.0	43202.0	69238.0	104289.0	176937.0	266173.0	381989.0	486655.0	666717.0	804123.0	984775.0	1086286.0	1223295.0	1319249.0	1422433.0	1426941.0	1488543.0	15382838.0	23352525.0
15-161_R1_001	1752.0	5545.0	3346.0	3240.0	3922.0	4436.0	3955.0	4207.0	4413.0	4653.0	5093.0	5539.0	5755.0	6222.0	6826.0	7558.0	8086.0	8444.0	9720.0	11857.0	26916.0	105234.0	170205.0	1511231.0	1985747.0	18779955.0	30511723.0
15-161_R2_001	19662.0	24043.0	11786.0	10913.0	13777.0	17269.0	25743.0	37511.0	59497.0	86640.0	141793.0	218645.0	356938.0	523875.0	712835.0	889328.0	1132497.0	1284382.0	1463536.0	1504561.0	1566068.0	1619726.0	1633774.0	1602875.0	1564922.0	14404725.0	22192476.0
25-046_R1_001	1429.0	4557.0	2714.0	2648.0	3122.0	3299.0	3286.0	3579.0	3852.0	4118.0	4254.0	4606.0	4813.0	5060.0	5345.0	5722.0	6288.0	6451.0	7407.0	8298.0	11435.0	22847.0	38631.0	893958.0	1229242.0	15026070.0	27143274.0
25-046_R2_001	15660.0	20280.0	9937.0	8057.0	8467.0	8856.0	10458.0	13472.0	18211.0	24869.0	37534.0	56617.0	94603.0	144185.0	212522.0	286853.0	401451.0	495476.0	623729.0	703302.0	810153.0	924855.0	1014140.0	1069870.0	1152475.0	14082156.0	22071943.0
25-047_R1_001	1086.0	4515.0	2698.0	6896.0	13928.0	19768.0	5711.0	2793.0	2627.0	2747.0	3000.0	3261.0	3638.0	4107.0	4910.0	5742.0	6678.0	8007.0	10513.0	16943.0	89615.0	247119.0	337945.0	888789.0	1110209.0	8164851.0	27587194.0
25-047_R2_001	39754.0	48342.0	40549.0	60118.0	107309.0	165928.0	271336.0	353696.0	460401.0	489970.0	571092.0	599427.0	696042.0	730316.0	748912.0	721346.0	756105.0	735579.0	738536.0	709941.0	690635.0	691039.0	684142.0	663032.0	644161.0	5608128.0	20112678.0
25-048_R1_001	1070.0	3357.0	2165.0	2165.0	2636.0	2979.0	2653.0	2864.0	3266.0	3446.0	3295.0	3686.0	3981.0	4113.0	4282.0	4571.0	4936.0	5093.0	5536.0	6326.0	9009.0	16925.0	26391.0	500137.0	693990.0	9479878.0	17274757.0
25-048_R2_001	14116.0	18759.0	9698.0	7003.0	6847.0	6669.0	7435.0	8862.0	11065.0	14030.0	19327.0	26514.0	40716.0	60513.0	88593.0	123852.0	176162.0	228844.0	295795.0	352261.0	414080.0	481573.0	542826.0	595355.0	652539.0	8932529.0	14677197.0
25-049_R1_001	1333.0	4205.0	2442.0	2381.0	2647.0	2828.0	2818.0	2952.0	3012.0	3214.0	3347.0	3534.0	3811.0	3919.0	4206.0	4554.0	4860.0	5030.0	5487.0	6323.0	7561.0	9417.0	13475.0	762533.0	1026563.0	13192804.0	23536165.0
25-049_R2_001	42933.0	47177.0	16110.0	11231.0	9687.0	9251.0	10634.0	13131.0	16953.0	22478.0	34828.0	51407.0	88448.0	140066.0	194615.0	254913.0	354831.0	436665.0	557668.0	626722.0	718956.0	809977.0	917703.0	965771.0	1025565.0	12318194.0	18859594.0
25-050_R1_001	1689.0	5304.0	3184.0	2969.0	3545.0	3781.0	3680.0	4060.0	4255.0	4469.0	4831.0	5217.0	5364.0	5663.0	6101.0	6451.0	6811.0	7315.0	7889.0	9006.0	13539.0	29199.0	50715.0	1044336.0	1429871.0	18163956.0	32263267.0
25-050_R2_001	17164.0	21940.0	10263.0	8540.0	9160.0	10097.0	12769.0	16619.0	23779.0	33655.0	54134.0	81304.0	136048.0	203587.0	292765.0	384896.0	523797.0	626594.0	767993.0	849166.0	960745.0	1075943.0	1178815.0	1236958.0	1321667.0	16708399.0	26468587.0
25-051_R1_001	1784.0	5572.0	3253.0	3354.0	4811.0	5237.0	4015.0	4187.0	4851.0	5308.0	5649.0	6260.0	6485.0	7259.0	8094.0	8830.0	9480.0	10703.0	12770.0	17127.0	54196.0	285205.0	330776.0	1631385.0	2126156.0	16745018.0	32717892.0
25-051_R2_001	26962.0	34168.0	18106.0	19645.0	29531.0	47606.0	83583.0	130934.0	208032.0	275590.0	378670.0	468881.0	585986.0	699972.0	813861.0	922202.0	1030267.0	1150974.0	1226169.0	1309499.0	1369097.0	1451242.0	1494084.0	1531862.0	1516296.0	13935500.0	22991821.0
25-052_R1_001	1307.0	3732.0	2270.0	2249.0	2552.0	2856.0	2640.0	2844.0	3091.0	3180.0	3362.0	3451.0	3504.0	3707.0	3847.0	4097.0	4426.0	4673.0	5166.0	5931.0	8915.0	22908.0	36710.0	531068.0	720812.0	10761280.0	18276735.0
25-052_R2_001	10497.0	13836.0	6165.0	5363.0	5723.0	6346.0	7523.0	10021.0	13904.0	18427.0	28099.0	41392.0	66622.0	101143.0	143749.0	192027.0	257123.0	317431.0	386293.0	435202.0	481886.0	542591.0	590257.0	613145.0	649019.0	9860048.0	15601546.0
25-053_R1_001	1617.0	5093.0	2706.0	2715.0	3312.0	3640.0	3070.0	3192.0	3736.0	3946.0	4106.0	4386.0	4563.0	4853.0	5417.0	5783.0	6468.0	7136.0	8384.0	10787.0	29284.0	150721.0	190508.0	1274168.0	1712606.0	17113873.0	31179616.0
25-053_R2_001	23925.0	28586.0	15147.0	13970.0	18631.0	23786.0	37584.0	57030.0	90718.0	123322.0	177219.0	233475.0	322826.0	411961.0	509059.0	575713.0	698840.0	783224.0	900423.0	978633.0	1061408.0	1167370.0	1240074.0	1296084.0	1330946.0	15022781.0	24285245.0
25-054_R1_001	1528.0	4851.0	3089.0	3117.0	3635.0	3781.0	3747.0	4123.0	4414.0	4916.0	5379.0	5848.0	6286.0	6459.0	7119.0	7731.0	8346.0	8735.0	9783.0	11203.0	16886.0	35172.0	59289.0	1146936.0	1536174.0	16872440.0	30920042.0
25-054_R2_001	16016.0	20468.0	9623.0	8730.0	9660.0	11154.0	14907.0	20135.0	29439.0	41884.0	66471.0	99757.0	160961.0	236877.0	337162.0	441873.0	586951.0	705592.0	846579.0	946649.0	1061717.0	1175414.0	1276746.0	1342615.0	1411068.0	15329532.0	24445462.0
25-055_R1_001	1142.0	3689.0	2623.0	2278.0	3218.0	3596.0	3154.0	3238.0	3421.0	3668.0	3756.0	4040.0	4222.0	4436.0	4778.0	4989.0	5383.0	5732.0	6081.0	6694.0	9346.0	15237.0	24449.0	420063.0	588878.0	11295176.0	20499809.0
25-055_R2_001	9429.0	12138.0	5878.0	5344.0	5516.0	6245.0	7515.0	9440.0	11987.0	14988.0	20499.0	28706.0	42015.0	61504.0	85855.0	116186.0	159085.0	200943.0	253663.0	297965.0	346471.0	401954.0	456702.0	500788.0	561162.0	10929131.0	18345623.0
25-056_R1_001	1153.0	3503.0	1896.0	1945.0	2173.0	2236.0	2263.0	2334.0	2630.0	2717.0	2852.0	3119.0	3444.0	3530.0	3876.0	4061.0	4240.0	4479.0	4724.0	5613.0	6847.0	8929.0	12761.0	745061.0	991731.0	11456271.0	21154118.0
25-056_R2_001	39325.0	43964.0	15830.0	10824.0	10043.0	9389.0	10615.0	13283.0	18104.0	24208.0	37117.0	56052.0	93881.0	145686.0	205786.0	273209.0	374025.0	458884.0	571000.0	642888.0	727367.0	813448.0	885203.0	936519.0	985374.0	10464615.0	16467110.0
25-058_R1_001	1404.0	4671.0	3143.0	4217.0	3145.0	4450.0	3879.0	4037.0	4165.0	4479.0	4829.0	5265.0	5398.0	5709.0	6163.0	6907.0	7397.0	7662.0	8578.0	11236.0	16783.0	37343.0	61511.0	1050373.0	1420930.0	14263037.0	23326302.0
25-058_R2_001	17379.0	20808.0	10628.0	10077.0	12495.0	15248.0	21181.0	29053.0	44040.0	59819.0	95780.0	139680.0	234785.0	341599.0	472603.0	591306.0	775726.0	886777.0	1041068.0	1084574.0	1156611.0	1216438.0	1260499.0	1230001.0	1229710.0	11027156.0	17128812.0
25-059_R1_001	2381.0	7107.0	3921.0	3965.0	6433.0	6946.0	4416.0	4354.0	5743.0	5926.0	5262.0	5551.0	5910.0	6457.0	6866.0	7852.0	8338.0	9642.0	11775.0	16153.0	48909.0	260719.0	326250.0	1811465.0	2416532.0	20334989.0	40580808.0
25-059_R2_001	44881.0	59724.0	40670.0	33583.0	50169.0	57688.0	78102.0	115135.0	176399.0	236361.0	316401.0	406425.0	552596.0	698145.0	851472.0	921480.0	1091882.0	1208147.0	1375965.0	1461780.0	1546136.0	1649462.0	1737644.0	1751466.0	1777700.0	17254320.0	29340369.0
25-060_R1_001	2424.0	7819.0	4535.0	4439.0	6858.0	7351.0	5286.0	5304.0	5646.0	6017.0	6475.0	6577.0	6824.0	7460.0	7987.0	8619.0	9402.0	10282.0	12011.0	15516.0	43319.0	219711.0	272793.0	1406002.0	1898116.0	18265629.0	34097399.0
25-060_R2_001	28008.0	33168.0	16026.0	16563.0	22933.0	35144.0	59081.0	95545.0	150638.0	195932.0	270782.0	341034.0	460388.0	559117.0	646867.0	712038.0	841036.0	921619.0	1038441.0	1092261.0	1170885.0	1267138.0	1339996.0	1354247.0	1414877.0	15520217.0	26604933.0
25-109_R1_001	1687.0	5215.0	3166.0	3350.0	3713.0	4290.0	3679.0	3837.0	4132.0	4320.0	4728.0	5066.0	5447.0	5765.0	6280.0	6964.0	7416.0	8201.0	8977.0	10893.0	26981.0	74171.0	133954.0	1308014.0	1746850.0	15320355.0	26420804.0
25-109_R2_001	17162.0	20943.0	10059.0	9280.0	10794.0	12889.0	18182.0	25030.0	38641.0	54234.0	87530.0	132625.0	218731.0	327894.0	461320.0	597514.0	790862.0	933265.0	1100539.0	1185435.0	1282094.0	1369224.0	1428221.0	1427338.0	1436072.0	12606794.0	19491488.0
25-110_R1_001	1517.0	4538.0	2210.0	1927.0	2304.0	2305.0	2184.0	2361.0	2507.0	2575.0	2683.0	2937.0	3001.0	3096.0	3381.0	3661.0	3951.0	3964.0	4522.0	5233.0	6456.0	9028.0	13363.0	550737.0	762976.0	12454101.0	21651035.0
25-110_R2_001	14213.0	17418.0	6983.0	5495.0	5057.0	5535.0	6354.0	7958.0	10124.0	13440.0	19892.0	29735.0	47981.0	74746.0	112132.0	149967.0	218005.0	271645.0	350178.0	404869.0	478723.0	559799.0	644292.0	690521.0	755635.0	11933093.0	18640661.0
25-112_R1_001	1614.0	4905.0	2883.0	2783.0	3188.0	3474.0	3528.0	3753.0	3967.0	4402.0	4771.0	5231.0	5443.0	5692.0	5922.0	6376.0	6951.0	7404.0	8029.0	8865.0	10425.0	13203.0	18058.0	492340.0	709829.0	16319202.0	29302626.0
25-112_R2_001	16006.0	21483.0	10330.0	8387.0	9192.0	8912.0	9520.0	10903.0	13325.0	16540.0	21757.0	29293.0	43760.0	62381.0	87800.0	119240.0	166463.0	213355.0	274058.0	324774.0	393225.0	468470.0	546993.0	612141.0	713973.0	16307419.0	26428098.0
25-113_R1_001	1164.0	3663.0	1904.0	1919.0	2385.0	2601.0	2391.0	2376.0	2647.0	2804.0	3074.0	3138.0	3349.0	3609.0	3775.0	4083.0	4480.0	4684.0	5188.0	5918.0	8528.0	16259.0	26607.0	645069.0	888861.0	10826917.0	19933300.0
25-113_R2_001	12693.0	15932.0	7290.0	5792.0	5492.0	5854.0	6689.0	7924.0	10243.0	12710.0	17818.0	25349.0	40573.0	62216.0	92655.0	133084.0	198149.0	266451.0	359601.0	432607.0	528326.0	620045.0	711736.0	776813.0	846872.0	10459985.0	16637539.0
25-114_R1_001	2297.0	7347.0	4293.0	4233.0	4980.0	5353.0	5238.0	5700.0	6015.0	6623.0	7034.0	7426.0	7663.0	8025.0	8424.0	9230.0	9785.0	10336.0	11108.0	12411.0	14837.0	20794.0	30313.0	996654.0	1394431.0	23718542.0	41547240.0
25-114_R2_001	23781.0	28538.0	14356.0	11934.0	14073.0	12475.0	15250.0	18447.0	23651.0	33545.0	42800.0	59722.0	92759.0	137667.0	193171.0	260140.0	365909.0	462542.0	599866.0	706403.0	834510.0	970675.0	1134173.0	1231834.0	1372906.0	22499721.0	36529717.0
25-115_R1_001	1299.0	3952.0	2387.0	2227.0	2584.0	2723.0	2783.0	3080.0	3493.0	3489.0	3659.0	3999.0	4271.0	4425.0	4599.0	5009.0	5434.0	5575.0	6265.0	7171.0	10774.0	23471.0	40966.0	877950.0	1183861.0	13030561.0	23976825.0
25-115_R2_001	14655.0	19124.0	9775.0	7415.0	7389.0	8103.0	10118.0	12911.0	18920.0	26342.0	41393.0	64292.0	106140.0	162851.0	239262.0	322513.0	440510.0	537931.0	657833.0	737026.0	828640.0	918470.0	994263.0	1035735.0	1090516.0	11857045.0	18733358.0
25-116_R1_001	1478.0	4597.0	2577.0	2623.0	3059.0	3133.0	2871.0	3254.0	3517.0	3778.0	4189.0	4426.0	4531.0	4825.0	5227.0	5703.0	5988.0	6336.0	6820.0	7704.0	10029.0	17458.0	26985.0	801343.0	1114815.0	15065833.0	27153757.0
25-116_R2_001	15938.0	19460.0	8643.0	7590.0	8081.0	8428.0	10227.0	12591.0	16333.0	21540.0	30103.0	42885.0	68071.0	102274.0	148398.0	205143.0	293886.0	376614.0	488717.0	577681.0	687413.0	797937.0	900015.0	979372.0	1075956.0	14386618.0	22955064.0
25-117_R1_001	1204.0	3602.0	2389.0	2936.0	2515.0	3118.0	2990.0	3235.0	3510.0	3765.0	4106.0	4355.0	4775.0	4937.0	5393.0	6022.0	6664.0	7334.0	9015.0	13115.0	23698.0	57844.0	83068.0	735890.0	997654.0	13617144.0	23299329.0
25-117_R2_001	15596.0	21000.0	14248.0	17982.0	30438.0	45032.0	82019.0	115873.0	181174.0	210030.0	284326.0	316463.0	407388.0	440831.0	503698.0	522542.0	587598.0	609817.0	657553.0	682399.0	699348.0	748899.0	762639.0	792261.0	798713.0	11089050.0	18238180.0
25-119_R1_001	1831.0	5426.0	3141.0	2962.0	3305.0	3381.0	3354.0	3574.0	3641.0	3754.0	4024.0	4269.0	4346.0	4525.0	4827.0	5202.0	5502.0	5693.0	6226.0	7160.0	8362.0	11325.0	15648.0	432436.0	633814.0	18380260.0	31431409.0
25-119_R2_001	19885.0	25017.0	10145.0	7992.0	7360.0	7478.0	8137.0	9661.0	11508.0	14648.0	19345.0	27375.0	43232.0	65673.0	91490.0	117496.0	167837.0	202797.0	258040.0	292867.0	348493.0	422553.0	495814.0	549291.0	642930.0	18424252.0	28657950.0
25-120_R1_001	1642.0	5390.0	3674.0	4169.0	3817.0	4615.0	4454.0	4911.0	5095.0	5637.0	6199.0	6590.0	7237.0	7684.0	8111.0	9148.0	9455.0	9914.0	11153.0	13926.0	21114.0	45505.0	72472.0	1463780.0	1943204.0	19880610.0	32663828.0
25-120_R2_001	19724.0	24111.0	12045.0	11888.0	14901.0	17753.0	25924.0	35331.0	52845.0	74585.0	118289.0	174245.0	280679.0	418097.0	568121.0	728999.0	948461.0	1132245.0	1337856.0	1447168.0	1532193.0	1623362.0	1698078.0	1727297.0	1716572.0	15593881.0	24821234.0
25-167_R1_001	1327.0	4041.0	2276.0	2115.0	2490.0	2520.0	2422.0	2518.0	2613.0	2798.0	2913.0	3144.0	3255.0	3554.0	3743.0	4106.0	4267.0	4553.0	4952.0	5789.0	7409.0	10097.0	15648.0	895936.0	1153043.0	12445543.0	22838475.0
25-167_R2_001	42668.0	46805.0	16515.0	11218.0	10197.0	10170.0	11937.0	15745.0	22024.0	31226.0	49860.0	76848.0	132020.0	212905.0	291315.0	375508.0	502342.0	609009.0	748632.0	817940.0	893487.0	978215.0	1079637.0	1130289.0	1138486.0	11074189.0	17038960.0
25-168_R1_001	1364.0	4483.0	2511.0	2538.0	3160.0	3376.0	3175.0	3232.0	3594.0	3885.0	4135.0	4337.0	4537.0	4756.0	5068.0	5511.0	5966.0	6270.0	6889.0	7830.0	10800.0	19948.0	30816.0	584263.0	811267.0	15178760.0	27381574.0
25-168_R2_001	17536.0	21795.0	11381.0	10767.0	12324.0	12451.0	15564.0	18693.0	23954.0	30261.0	41246.0	56744.0	84839.0	120206.0	163880.0	209663.0	277570.0	334407.0	403462.0	451226.0	514567.0	582640.0	645934.0	698286.0	768332.0	14413775.0	24106836.0
25-169_R1_001	1964.0	6430.0	3942.0	5222.0	7232.0	9053.0	5138.0	4529.0	4612.0	4961.0	5567.0	6197.0	6616.0	7227.0	8329.0	9284.0	10008.0	10952.0	13786.0	20559.0	101324.0	317973.0	508945.0	1974780.0	2547836.0	18198358.0	33926478.0
25-169_R2_001	29391.0	37356.0	25124.0	32007.0	47881.0	66297.0	104924.0	155808.0	241940.0	333936.0	502480.0	688952.0	972955.0	1253951.0	1480382.0	1586182.0	1778295.0	1833523.0	1903335.0	1853608.0	1853790.0	1790146.0	1785177.0	1670674.0	1625952.0	12395950.0	21522527.0
25-170_R1_001	1646.0	5309.0	3190.0	3202.0	3878.0	4075.0	4069.0	4253.0	4645.0	5219.0	5421.0	5872.0	6026.0	6353.0	6886.0	7439.0	7756.0	8307.0	8990.0	10099.0	12654.0	20666.0	30612.0	814250.0	1139454.0	16903720.0	30699825.0
25-170_R2_001	18246.0	22998.0	11007.0	9474.0	9879.0	10345.0	12075.0	14548.0	18762.0	23951.0	32769.0	46779.0	70651.0	106043.0	152469.0	211526.0	296139.0	384087.0	493796.0	581608.0	689250.0	805568.0	912358.0	991741.0	1103800.0	16350039.0	26311708.0
25-171_R1_001	1614.0	4952.0	3003.0	2984.0	3295.0	3414.0	3515.0	3753.0	4138.0	4361.0	4911.0	5113.0	5249.0	5464.0	5807.0	6332.0	6882.0	7182.0	7630.0	8427.0	9790.0	12448.0	16996.0	425528.0	636130.0	16788812.0	29565158.0
25-171_R2_001	16905.0	20865.0	9676.0	8425.0	8578.0	8430.0	9486.0	10886.0	12997.0	16745.0	20625.0	27064.0	40370.0	57283.0	78904.0	99315.0	139550.0	179029.0	233378.0	274598.0	340753.0	404817.0	482388.0	529835.0	643627.0	17288988.0	26540999.0
25-172_R1_001	1230.0	3841.0	2521.0	2593.0	3063.0	3288.0	3171.0	3322.0	3643.0	3891.0	4118.0	4499.0	4849.0	5072.0	5484.0	5972.0	6493.0	6855.0	7496.0	8598.0	14900.0	36293.0	60297.0	961869.0	1279201.0	12565358.0	22259649.0
25-172_R2_001	15110.0	19055.0	9423.0	8096.0	8249.0	9201.0	11487.0	14395.0	20640.0	28534.0	43298.0	64491.0	105683.0	159766.0	232738.0	320386.0	445207.0	559196.0	694006.0	786448.0	882069.0	984507.0	1062661.0	1116426.0	1153676.0	11019866.0	17388146.0
25-174_R1_001	1418.0	4794.0	2454.0	2505.0	2810.0	2903.0	2717.0	2735.0	3144.0	3406.0	3366.0	3478.0	3673.0	3872.0	4090.0	4554.0	4751.0	5162.0	5493.0	6461.0	8651.0	13040.0	20506.0	787482.0	1067048.0	12360940.0	21908493.0
25-174_R2_001	18587.0	22107.0	10860.0	8700.0	9491.0	8587.0	9906.0	12730.0	17662.0	26929.0	36287.0	55000.0	89973.0	137470.0	199574.0	266703.0	372739.0	462355.0	574116.0	650777.0	744617.0	843091.0	934024.0	974221.0	1035363.0	11070480.0	17395002.0
25-175_R1_001	1829.0	5381.0	3076.0	2866.0	3186.0	3619.0	3479.0	3599.0	3710.0	4092.0	4239.0	4212.0	4292.0	4508.0	4668.0	4811.0	5277.0	5656.0	6088.0	6775.0	9567.0	21488.0	32937.0	466276.0	647645.0	13317920.0	23132781.0
25-175_R2_001	13282.0	17722.0	7695.0	6603.0	6951.0	7643.0	9071.0	10605.0	13684.0	18069.0	26015.0	37081.0	58002.0	86128.0	119893.0	157764.0	211466.0	258248.0	315387.0	356738.0	402390.0	460468.0	508475.0	544211.0	598693.0	12905607.0	20524289.0
25-177_R1_001	1356.0	4461.0	2771.0	2861.0	3083.0	3434.0	3468.0	3792.0	4136.0	4457.0	4714.0	5131.0	5031.0	5361.0	5554.0	6210.0	6513.0	6872.0	7508.0	8459.0	9892.0	13066.0	18149.0	556197.0	796460.0	15408816.0	26895300.0
25-177_R2_001	16641.0	18497.0	9214.0	7931.0	8882.0	8963.0	12091.0	11978.0	14747.0	20329.0	25454.0	34338.0	52520.0	75822.0	104345.0	137549.0	192657.0	242928.0	316903.0	368151.0	444755.0	531774.0	628538.0	692138.0	792272.0	15184356.0	23783050.0
25-179_R1_001	1601.0	5206.0	3065.0	3196.0	4726.0	5324.0	3652.0	3574.0	4079.0	4335.0	4290.0	4538.0	4790.0	4990.0	5510.0	6029.0	6419.0	7502.0	8650.0	11520.0	35332.0	186550.0	225527.0	1153295.0	1546916.0	13323516.0	25739129.0
25-179_R2_001	22441.0	27719.0	15351.0	16062.0	23082.0	34951.0	59413.0	92064.0	140858.0	179511.0	238234.0	294981.0	388196.0	468275.0	541562.0	589221.0	691714.0	762386.0	857928.0	902244.0	969660.0	1028975.0	1096389.0	1103868.0	1139830.0	11437594.0	18935724.0
25-180_R1_001	1742.0	6005.0	3488.0	5160.0	8051.0	10570.0	5089.0	4165.0	4464.0	4638.0	5205.0	5439.0	5696.0	6397.0	7182.0	8310.0	9285.0	10630.0	13252.0	19296.0	87569.0	251053.0	363995.0	1340356.0	1732815.0	16605444.0	33987027.0
25-180_R2_001	30822.0	34828.0	21305.0	30566.0	57540.0	97542.0	170812.0	252522.0	348643.0	404251.0	502549.0	569935.0	720494.0	811543.0	892823.0	900177.0	1017551.0	1025484.0	1091858.0	1079634.0	1110027.0	1156767.0	1190729.0	1175032.0	1176913.0	13526348.0	24838954.0
25-185_R1_001	948.0	2901.0	1957.0	1946.0	2354.0	2464.0	2312.0	2343.0	2471.0	2677.0	2816.0	2921.0	3073.0	3194.0	3361.0	3772.0	3910.0	4170.0	4262.0	5011.0	7662.0	16182.0	25904.0	488768.0	675312.0	9201460.0	16527193.0
25-185_R2_001	11865.0	14744.0	7098.0	5700.0	5778.0	6205.0	7387.0	8843.0	11149.0	13828.0	19683.0	27383.0	41943.0	62538.0	91010.0	125200.0	179871.0	231424.0	297520.0	351609.0	410299.0	475125.0	534303.0	580454.0	632741.0	8709814.0	14078781.0
25-186_R1_001	948.0	2826.0	2016.0	2042.0	2406.0	2552.0	2452.0	2617.0	2859.0	3064.0	3043.0	3209.0	3430.0	3637.0	3751.0	3981.0	4245.0	4545.0	4820.0	5492.0	8602.0	18518.0	29100.0	467425.0	641855.0	8785833.0	15976940.0
25-186_R2_001	12859.0	17566.0	9058.0	6794.0	6947.0	6755.0	7466.0	9200.0	11843.0	15442.0	21867.0	30586.0	47927.0	70037.0	100766.0	136912.0	190097.0	239393.0	298789.0	349665.0	400349.0	457790.0	507533.0	548565.0	592299.0	8249676.0	13381622.0
25-193_R1_001	869.0	2680.0	1978.0	2489.0	1981.0	2707.0	2260.0	2382.0	2464.0	2499.0	2635.0	2596.0	2636.0	2780.0	2945.0	3243.0	3416.0	3765.0	4315.0	5851.0	10785.0	26516.0	44506.0	481039.0	659370.0	10064229.0	16120812.0
25-193_R2_001	11061.0	13708.0	8272.0	8909.0	12340.0	14679.0	21181.0	27755.0	42273.0	52576.0	84995.0	115027.0	196559.0	255747.0	334965.0	357952.0	443491.0	446198.0	503879.0	499316.0	510267.0	551223.0	556239.0	547410.0	535628.0	8180127.0	13092293.0
25-194_R1_001	985.0	3132.0	1890.0	1766.0	2050.0	2097.0	2063.0	2061.0	2307.0	2287.0	2402.0	2523.0	2727.0	2856.0	3145.0	3285.0	3534.0	3742.0	3852.0	4529.0	5840.0	7616.0	11090.0	611498.0	819657.0	10358780.0	18900055.0
25-194_R2_001	34360.0	37424.0	12968.0	8831.0	7933.0	7781.0	9464.0	11396.0	15766.0	21386.0	33640.0	50794.0	86549.0	134067.0	184905.0	237002.0	320727.0	386553.0	478414.0	528080.0	595005.0	657302.0	736397.0	772717.0	816118.0	9615743.0	14920099.0
25-195_R1_001	1120.0	3531.0	2287.0	2060.0	3092.0	3147.0	2708.0	2915.0	3245.0	3487.0	4052.0	4396.0	4862.0	5103.0	5568.0	6372.0	6695.0	7366.0	8277.0	9195.0	16652.0	35967.0	63410.0	848846.0	1130368.0	11842507.0	20056063.0
25-195_R2_001	9444.0	11663.0	6214.0	6295.0	7374.0	9016.0	12349.0	16788.0	24392.0	34740.0	54789.0	82903.0	132087.0	196111.0	268410.0	348455.0	455229.0	542732.0	644088.0	708350.0	779189.0	851994.0	920725.0	963546.0	995305.0	9857960.0	16105089.0
25-202_R1_001	1935.0	5988.0	3167.0	2942.0	3481.0	3771.0	3191.0	3350.0	3463.0	3592.0	3979.0	4254.0	4352.0	4609.0	5104.0	5622.0	5688.0	6286.0	6994.0	8695.0	21274.0	92052.0	157039.0	1428932.0	1928107.0	17722353.0	27807614.0
25-202_R2_001	17969.0	22402.0	11099.0	10183.0	12562.0	15225.0	22128.0	32652.0	50198.0	72875.0	120733.0	189344.0	331947.0	493255.0	680161.0	781140.0	1033195.0	1148073.0	1347777.0	1368768.0	1490162.0	1522072.0	1596028.0	1522852.0	1545912.0	13911541.0	19850794.0
25-203_R1_001	1230.0	3645.0	2177.0	2289.0	2580.0	2742.0	2719.0	2881.0	3058.0	3259.0	3336.0	3605.0	3808.0	4130.0	4284.0	4552.0	4950.0	5160.0	5424.0	6285.0	7204.0	9369.0	13236.0	722284.0	965125.0	12109009.0	21995402.0
25-203_R2_001	40274.0	44002.0	15470.0	10682.0	9330.0	8883.0	10240.0	12341.0	15926.0	21012.0	32032.0	47908.0	80666.0	127248.0	177997.0	233435.0	323399.0	400679.0	509509.0	579932.0	661363.0	749885.0	854268.0	910868.0	963182.0	11368795.0	17573430.0
5-002_R1_001	1344.0	4257.0	2482.0	2490.0	3155.0	3372.0	2987.0	3212.0	3327.0	3464.0	3971.0	4080.0	4322.0	4623.0	4919.0	5299.0	5483.0	5684.0	6456.0	7180.0	9518.0	17121.0	26876.0	710899.0	987695.0	15269633.0	26534961.0
5-002_R2_001	14573.0	17938.0	8148.0	7138.0	7597.0	8135.0	10034.0	12478.0	16202.0	20647.0	29796.0	41889.0	65528.0	97272.0	138099.0	186267.0	261911.0	333694.0	431065.0	501686.0	594989.0	695480.0	795338.0	867719.0	950078.0	14419509.0	23077176.0
5-003_R1_001	1638.0	4925.0	2803.0	2697.0	2970.0	3112.0	3027.0	3027.0	3166.0	3463.0	3699.0	3908.0	3963.0	4340.0	4510.0	4691.0	5111.0	5445.0	5936.0	7079.0	12451.0	30555.0	56119.0	1040072.0	1422145.0	16279586.0	27791972.0
5-003_R2_001	14796.0	18385.0	8407.0	7104.0	7806.0	8992.0	11777.0	16559.0	24532.0	36041.0	58155.0	91017.0	156369.0	234962.0	332115.0	422210.0	571509.0	666874.0	809911.0	872933.0	982889.0	1094664.0	1191634.0	1225256.0	1290691.0	14492634.0	22011444.0
5-004_R1_001	1718.0	5442.0	2966.0	3064.0	3565.0	3982.0	3555.0	3649.0	3813.0	4237.0	4554.0	4797.0	5214.0	5512.0	5946.0	6493.0	6931.0	7244.0	8149.0	9785.0	21084.0	79139.0	129707.0	1500211.0	2000004.0	18378858.0	29836100.0
5-004_R2_001	18404.0	23301.0	11740.0	11236.0	13800.0	16662.0	23454.0	32187.0	48131.0	66766.0	104902.0	159655.0	266272.0	397523.0	553990.0	711304.0	949341.0	1105188.0	1316028.0	1391521.0	1507194.0	1610373.0	1669960.0	1669145.0	1672419.0	14517182.0	22117203.0
5-005_R1_001	1412.0	4308.0	2484.0	2309.0	2757.0	2917.0	2785.0	3024.0	2996.0	3246.0	3478.0	3602.0	3612.0	3815.0	3816.0	4033.0	4428.0	4561.0	4836.0	5623.0	7389.0	12920.0	20369.0	454479.0	663321.0	16174331.0	26959772.0
5-005_R2_001	14148.0	17554.0	8037.0	6794.0	7222.0	7185.0	8187.0	10548.0	12818.0	16115.0	22417.0	30928.0	50093.0	73156.0	101147.0	130666.0	184765.0	225831.0	288866.0	320915.0	381690.0	448923.0	518114.0	560199.0	639228.0	15879702.0	24362592.0
5-006_R1_001	1266.0	3890.0	2159.0	2162.0	2684.0	2528.0	2332.0	2409.0	2691.0	2767.0	2890.0	3076.0	3331.0	3471.0	3603.0	3917.0	4316.0	4423.0	4688.0	5842.0	11463.0	32319.0	57254.0	974036.0	1306582.0	11539748.0	19653604.0
5-006_R2_001	14532.0	17852.0	8458.0	7071.0	7357.0	8088.0	10019.0	13277.0	17823.0	24635.0	38490.0	58333.0	104299.0	161410.0	239577.0	328767.0	475756.0	579938.0	730130.0	811547.0	924523.0	1025283.0	1110419.0	1141543.0	1168745.0	9781418.0	14707925.0
5-007_R1_001	1087.0	3411.0	1739.0	1778.0	1972.0	2128.0	2047.0	2092.0	2414.0	2534.0	2443.0	2477.0	2502.0	2822.0	2783.0	3124.0	3369.0	3448.0	3809.0	4283.0	5662.0	8141.0	12168.0	482961.0	672784.0	10667930.0	18460143.0
5-007_R2_001	14727.0	18823.0	9961.0	7583.0	6936.0	5800.0	6618.0	8036.0	10409.0	15078.0	19650.0	28581.0	47528.0	73021.0	106328.0	138901.0	200126.0	251374.0	321830.0	367723.0	436985.0	501152.0	571781.0	601814.0	661964.0	10156700.0	15501764.0
5-008_R1_001	1585.0	4853.0	2974.0	3044.0	3441.0	3692.0	3619.0	3980.0	4147.0	4413.0	4707.0	5006.0	5266.0	5409.0	5698.0	6244.0	6844.0	6926.0	7521.0	8539.0	10962.0	18191.0	27608.0	630645.0	910675.0	18094288.0	30839923.0
5-008_R2_001	17501.0	21120.0	10005.0	8778.0	9154.0	9674.0	11428.0	14100.0	17679.0	22253.0	31011.0	43573.0	67975.0	99096.0	136490.0	179959.0	248376.0	308183.0	389519.0	442917.0	522389.0	615773.0	701249.0	769502.0	879589.0	17256879.0	27757717.0
5-009_R1_001	1321.0	4199.0	2439.0	2452.0	2693.0	3049.0	2839.0	3074.0	3202.0	3432.0	3495.0	3635.0	3571.0	3706.0	3816.0	4241.0	4408.0	4720.0	5123.0	5848.0	10394.0	32026.0	51528.0	645354.0	865928.0	11734013.0	19400565.0
5-009_R2_001	14321.0	15348.0	8026.0	6623.0	6911.0	8070.0	12413.0	13609.0	19050.0	27768.0	42170.0	63063.0	104093.0	153100.0	209893.0	268355.0	353043.0	416616.0	495852.0	542856.0	596674.0	663312.0	714230.0	731662.0	757441.0	10486519.0	16034063.0
5-010_R1_001	1017.0	3410.0	2138.0	1970.0	2822.0	2959.0	2461.0	2660.0	2813.0	3135.0	3467.0	3825.0	3994.0	4339.0	4547.0	4960.0	5159.0	5412.0	6022.0	6734.0	11171.0	22506.0	39272.0	700246.0	962308.0	11933251.0	20752599.0
5-010_R2_001	9427.0	11741.0	5646.0	5307.0	5673.0	6594.0	8319.0	10852.0	15432.0	21423.0	32753.0	48884.0	78616.0	117190.0	165853.0	223266.0	296876.0	365211.0	444612.0	514802.0	591063.0	674943.0	750852.0	820814.0	889153.0	10825363.0	17523141.0
5-012_R1_001	1375.0	4400.0	2643.0	2602.0	2808.0	3180.0	3151.0	3357.0	3468.0	3613.0	3940.0	4118.0	4246.0	4529.0	4667.0	5006.0	5367.0	5510.0	5969.0	6630.0	8066.0	11143.0	15802.0	338494.0	496418.0	15589962.0	26592060.0
5-012_R2_001	14759.0	18791.0	8768.0	7133.0	7709.0	7432.0	8718.0	10155.0	12437.0	16194.0	21855.0	30426.0	46893.0	66512.0	91778.0	116026.0	154478.0	184334.0	228063.0	252136.0	295483.0	349101.0	393632.0	425734.0	494874.0	15584002.0	24252609.0
5-014_R1_001	1400.0	4344.0	2844.0	3571.0	2958.0	3745.0	3415.0	3472.0	3636.0	4057.0	4406.0	4841.0	4887.0	5493.0	6098.0	6607.0	6928.0	7123.0	8269.0	11547.0	18889.0	44496.0	74076.0	1313194.0	1754600.0	17892830.0	27967518.0
5-014_R2_001	18215.0	22240.0	11040.0	10771.0	13797.0	17047.0	24930.0	34280.0	53291.0	74587.0	119971.0	179794.0	294869.0	428825.0	592799.0	745481.0	976310.0	1120287.0	1298082.0	1359899.0	1443618.0	1512713.0	1556298.0	1534826.0	1513616.0	13406307.0	20754469.0
5-015_R1_001	1024.0	3061.0	2122.0	1901.0	2522.0	2706.0	2317.0	2297.0	2440.0	2443.0	2614.0	2729.0	2798.0	2942.0	3206.0	3420.0	3799.0	3835.0	4218.0	5069.0	8380.0	17269.0	30764.0	522044.0	726761.0	12287726.0	20455294.0
5-015_R2_001	8758.0	11303.0	5209.0	4864.0	5259.0	5774.0	7113.0	9256.0	12622.0	17024.0	25236.0	36753.0	60668.0	90509.0	126575.0	165015.0	225576.0	276530.0	340838.0	384337.0	438444.0	514304.0	573524.0	618088.0	670610.0	11260190.0	18166611.0
5-061_R1_001	1233.0	3782.0	2142.0	1930.0	2374.0	2412.0	2151.0	2264.0	2225.0	2436.0	2527.0	2743.0	2730.0	2814.0	2870.0	3035.0	3280.0	3300.0	3706.0	4299.0	6256.0	12686.0	21073.0	405816.0	584624.0	13377645.0	22474932.0
5-061_R2_001	12744.0	15647.0	7449.0	6453.0	7109.0	7308.0	8825.0	11246.0	14119.0	17793.0	24934.0	35479.0	58362.0	83153.0	115389.0	145364.0	198181.0	233051.0	286647.0	311818.0	359367.0	416950.0	463998.0	494421.0	554114.0	12823692.0	20194578.0
5-063_R1_001	1585.0	5003.0	2527.0	2728.0	2665.0	2924.0	2679.0	2829.0	3062.0	3180.0	3605.0	3566.0	3907.0	4090.0	4383.0	4631.0	4881.0	5093.0	5861.0	6502.0	8368.0	12198.0	18118.0	720713.0	984298.0	14737400.0	26120694.0
5-063_R2_001	17792.0	21592.0	9047.0	7632.0	7671.0	7839.0	9649.0	11241.0	15285.0	21023.0	30642.0	45919.0	74947.0	114642.0	167783.0	228043.0	320704.0	400863.0	507360.0	575152.0	673246.0	758179.0	843769.0	898654.0	965104.0	13654492.0	22210588.0
5-066_R1_001	1038.0	4407.0	2700.0	7696.0	15574.0	21319.0	5471.0	2266.0	2024.0	1958.0	2045.0	2261.0	2393.0	2735.0	3128.0	3847.0	4699.0	5601.0	7504.0	12162.0	60775.0	174211.0	233711.0	612071.0	754837.0	6005099.0	24177106.0
5-066_R2_001	37362.0	42249.0	31536.0	46280.0	85496.0	131833.0	216683.0	274630.0	348255.0	364127.0	416050.0	430062.0	484647.0	504217.0	506304.0	486585.0	503859.0	493739.0	498664.0	480456.0	466741.0	467876.0	465787.0	457179.0	449391.0	4175184.0	18829920.0
5-067_R1_001	1420.0	4428.0	2677.0	2751.0	3097.0	3524.0	3183.0	3541.0	3884.0	4221.0	4550.0	4646.0	4968.0	5257.0	5599.0	6104.0	6477.0	7081.0	7603.0	8761.0	15366.0	37473.0	64910.0	1060595.0	1430122.0	15564479.0	26792843.0
5-067_R2_001	17604.0	22441.0	11070.0	8920.0	9007.0	9604.0	11702.0	15222.0	20427.0	27764.0	42541.0	64703.0	109909.0	169272.0	250227.0	343458.0	489564.0	610192.0	767972.0	858748.0	979456.0	1099403.0	1192986.0	1246312.0	1286277.0	13899618.0	21280684.0
5-069_R1_001	1052.0	3299.0	1894.0	1888.0	2376.0	2708.0	2479.0	2472.0	2591.0	2850.0	2900.0	3002.0	3129.0	3404.0	3766.0	3868.0	4154.0	4253.0	4725.0	5022.0	6079.0	7520.0	10264.0	199898.0	303368.0	13330166.0	23735311.0
5-069_R2_001	13236.0	16740.0	7058.0	5625.0	5484.0	5432.0	5677.0	6380.0	7414.0	8804.0	11190.0	13972.0	19147.0	26428.0	34825.0	45465.0	63519.0	79664.0	105051.0	122709.0	153975.0	191795.0	224658.0	255766.0	318394.0	13771088.0	22110399.0
5-071_R1_001	1677.0	5195.0	2956.0	2795.0	3153.0	3230.0	3043.0	3213.0	3264.0	3282.0	3494.0	3621.0	3519.0	3749.0	4026.0	4150.0	4458.0	4582.0	5109.0	5822.0	7059.0	10138.0	15178.0	577963.0	811363.0	15349112.0	25843927.0
5-071_R2_001	17724.0	21582.0	9153.0	7222.0	7258.0	7081.0	8073.0	9838.0	12653.0	16565.0	23119.0	34068.0	56323.0	87077.0	125226.0	166285.0	236621.0	296292.0	375806.0	429435.0	501915.0	597927.0	678286.0	726898.0	803100.0	14566162.0	22798727.0
5-073_R1_001	1135.0	3471.0	1873.0	1864.0	2707.0	3052.0	2430.0	2651.0	5634.0	5557.0	2875.0	2601.0	2732.0	3044.0	2939.0	3198.0	3648.0	4061.0	5049.0	7234.0	23362.0	126998.0	161019.0	810954.0	1090701.0	10646719.0	22101801.0
5-073_R2_001	34897.0	53599.0	33191.0	19867.0	24864.0	26972.0	38276.0	61107.0	91631.0	118107.0	159310.0	197666.0	275342.0	329578.0	385291.0	419126.0	498906.0	541835.0	613396.0	628813.0	670867.0	724885.0	769457.0	785634.0	803136.0	9269835.0	14826135.0
5-074_R1_001	1262.0	4101.0	2702.0	2308.0	3332.0	3398.0	3042.0	3145.0	3311.0	3641.0	3911.0	3947.0	3975.0	4202.0	4362.0	4517.0	4821.0	5072.0	5561.0	6265.0	9866.0	19030.0	32923.0	499561.0	696057.0	12858267.0	22571437.0
5-074_R2_001	10273.0	12929.0	5664.0	5043.0	5470.0	6106.0	7500.0	9920.0	12889.0	17504.0	25813.0	37684.0	62420.0	93746.0	130006.0	167010.0	224861.0	268834.0	333862.0	373097.0	427286.0	489132.0	543904.0	589821.0	643263.0	12536255.0	19672137.0
5-075_R1_001	865.0	2650.0	1743.0	1542.0	2275.0	2313.0	2028.0	1995.0	2192.0	2280.0	2380.0	2379.0	2591.0	2626.0	2823.0	3051.0	3191.0	3454.0	3932.0	4369.0	8001.0	16223.0	29417.0	534937.0	718139.0	10080925.0	16468605.0
5-075_R2_001	7811.0	8677.0	4188.0	3798.0	4121.0	4785.0	6227.0	8524.0	11822.0	16511.0	24797.0	37353.0	61855.0	95158.0	131142.0	169542.0	230285.0	279490.0	349073.0	394407.0	444001.0	510319.0	579101.0	634544.0	660414.0	8976504.0	14222328.0
5-121_R1_001	1397.0	4264.0	2599.0	2393.0	2749.0	2937.0	2839.0	3043.0	3243.0	3338.0	3591.0	3784.0	3864.0	4055.0	4486.0	4566.0	4908.0	5100.0	5596.0	6054.0	7471.0	9999.0	14545.0	466782.0	660578.0	13949533.0	24456725.0
5-121_R2_001	12655.0	16252.0	7159.0	5972.0	5875.0	6189.0	7082.0	8371.0	10133.0	12874.0	17952.0	25443.0	40750.0	60007.0	86849.0	120573.0	172109.0	219941.0	284775.0	328663.0	396009.0	465129.0	529944.0	584076.0	656251.0	13768571.0	21769637.0
5-122_R1_001	978.0	2925.0	1700.0	1676.0	1841.0	2124.0	2056.0	2195.0	2111.0	2382.0	2417.0	2638.0	2569.0	2717.0	2839.0	3139.0	3126.0	3222.0	3596.0	3986.0	5567.0	13111.0	20668.0	338241.0	464614.0	8433812.0	14162337.0
5-122_R2_001	7622.0	9715.0	4437.0	3790.0	3946.0	4259.0	5196.0	6520.0	8103.0	10817.0	15695.0	22807.0	36304.0	55103.0	78051.0	103357.0	144914.0	180671.0	230243.0	262451.0	302274.0	349257.0	387402.0	399770.0	427879.0	8059975.0	12350684.0
5-123_R1_001	1634.0	4840.0	2567.0	2214.0	2660.0	2887.0	2626.0	2809.0	3001.0	3096.0	3302.0	3502.0	3546.0	4008.0	3989.0	4266.0	4526.0	4765.0	5026.0	5885.0	7689.0	14049.0	21943.0	596878.0	844374.0	15737630.0	27548514.0
5-123_R2_001	14354.0	18020.0	7714.0	6345.0	6709.0	6975.0	8189.0	10226.0	12951.0	16443.0	23942.0	33767.0	54359.0	81089.0	115425.0	153519.0	216603.0	272305.0	351218.0	407560.0	479917.0	571113.0	655427.0	730438.0	817383.0	15195134.0	24542893.0
5-124_R1_001	1429.0	4531.0	3407.0	3910.0	3429.0	3874.0	4030.0	4259.0	4143.0	4463.0	4759.0	4848.0	4901.0	5207.0	5567.0	6199.0	6705.0	7216.0	8362.0	12211.0	21402.0	52642.0	81119.0	916530.0	1265191.0	19162470.0	31123541.0
5-124_R2_001	19134.0	24280.0	12726.0	12755.0	17954.0	23239.0	38527.0	58391.0	97448.0	128264.0	196798.0	249594.0	364292.0	432266.0	522092.0	556746.0	667165.0	696833.0	786727.0	821347.0	867379.0	964459.0	1005860.0	1039982.0	1063017.0	16180924.0	25836405.0
5-125_R1_001	1314.0	4160.0	2921.0	2566.0	3699.0	3708.0	3081.0	3127.0	3097.0	3053.0	2977.0	3068.0	2985.0	3239.0	3476.0	3760.0	3992.0	4180.0	5023.0	5990.0	14604.0	40209.0	77516.0	914663.0	1233764.0	14083947.0	22182083.0
5-125_R2_001	10185.0	12581.0	5971.0	5561.0	6381.0	7933.0	11413.0	17758.0	25363.0	36747.0	61393.0	97243.0	174965.0	261229.0	355402.0	435265.0	578539.0	660615.0	789815.0	817104.0	886831.0	967294.0	1042322.0	1042716.0	1056931.0	11772598.0	17427324.0
5-126_R1_001	1352.0	4374.0	2527.0	2464.0	3660.0	4305.0	2596.0	2557.0	2900.0	3073.0	2942.0	3106.0	3204.0	3435.0	3615.0	4089.0	4459.0	5106.0	6170.0	8764.0	31198.0	169492.0	206633.0	1120797.0	1501738.0	14204579.0	26410286.0
5-126_R2_001	22789.0	26725.0	14714.0	14378.0	21754.0	31035.0	52593.0	82402.0	123748.0	158544.0	213403.0	265751.0	362269.0	432987.0	505604.0	557909.0	670376.0	735061.0	835628.0	871245.0	936361.0	1011269.0	1073038.0	1099957.0	1121431.0	12180290.0	19988487.0
5-127_R1_001	888.0	3418.0	2147.0	4758.0	9093.0	12213.0	3859.0	2186.0	2170.0	2179.0	2426.0	2614.0	2690.0	3093.0	3615.0	3903.0	4249.0	5077.0	6387.0	9834.0	47535.0	140233.0	205449.0	746933.0	959900.0	8732635.0	22729275.0
5-127_R2_001	31127.0	37256.0	27659.0	30682.0	42239.0	53812.0	78847.0	110784.0	155663.0	194961.0	257430.0	313024.0	396504.0	458660.0	497728.0	513202.0	568036.0	573454.0	612010.0	606277.0	615379.0	637756.0	654679.0	650883.0	649564.0	6817885.0	17697892.0
5-128_R1_001	1430.0	4308.0	2402.0	2217.0	2635.0	2652.0	2558.0	2700.0	2886.0	3011.0	3232.0	3439.0	3565.0	3869.0	4164.0	4408.0	4619.0	5001.0	5412.0	6191.0	7834.0	10526.0	15644.0	891671.0	1195011.0	13779836.0	24878388.0
5-128_R2_001	47017.0	51441.0	17899.0	12672.0	11543.0	11246.0	13291.0	16740.0	22788.0	30591.0	47675.0	72984.0	123205.0	188574.0	269826.0	356434.0	488415.0	585524.0	721136.0	794572.0	900131.0	1003245.0	1081059.0	1123317.0	1183631.0	12354581.0	19224685.0
5-130_R1_001	1619.0	4745.0	2564.0	2390.0	2873.0	2988.0	2879.0	3130.0	3177.0	3514.0	3738.0	3834.0	4037.0	4175.0	4414.0	4617.0	4913.0	5257.0	5679.0	6417.0	8248.0	12177.0	17955.0	503607.0	723285.0	17135920.0	28761875.0
5-130_R2_001	16165.0	19218.0	9163.0	7313.0	10057.0	7494.0	9094.0	11448.0	14797.0	21949.0	27013.0	38783.0	60964.0	87965.0	118999.0	150340.0	204273.0	245663.0	307735.0	347066.0	405208.0	483557.0	563902.0	629982.0	711945.0	16579494.0	26028084.0
5-131_R1_001	1613.0	4936.0	2808.0	2571.0	2964.0	3169.0	3060.0	3015.0	3314.0	3465.0	3666.0	3730.0	3819.0	4238.0	4386.0	4778.0	5463.0	5446.0	6277.0	7799.0	15921.0	47017.0	88205.0	1330779.0	1811516.0	17870014.0	30561680.0
5-131_R2_001	15457.0	19460.0	8721.0	7621.0	8912.0	10994.0	15601.0	24174.0	37128.0	55740.0	95809.0	150162.0	261382.0	374665.0	521487.0	633883.0	846057.0	956599.0	1149615.0	1212517.0	1348421.0	1441459.0	1531319.0	1530136.0	1590269.0	15153800.0	22739263.0
5-133_R1_001	896.0	2885.0	1814.0	1602.0	2111.0	2311.0	1984.0	2046.0	2190.0	2469.0	2503.0	2716.0	2885.0	3083.0	3263.0	3608.0	3935.0	4277.0	4640.0	5547.0	9525.0	20146.0	36283.0	589170.0	806949.0	10992910.0	18546662.0
5-133_R2_001	8525.0	10801.0	5024.0	4495.0	4885.0	5494.0	7092.0	9702.0	13252.0	18586.0	28524.0	43696.0	73789.0	111271.0	157951.0	207643.0	283340.0	340357.0	418621.0	463916.0	527458.0	594782.0	653690.0	690634.0	733222.0	9927571.0	15683165.0
5-135_R1_001	588.0	1847.0	1082.0	1176.0	1381.0	1431.0	1262.0	1319.0	1352.0	1517.0	1570.0	1573.0	1670.0	1693.0	1814.0	1931.0	2017.0	2151.0	2259.0	2961.0	7227.0	22997.0	40632.0	516685.0	693440.0	6251697.0	10515561.0
5-135_R2_001	7697.0	9833.0	5000.0	4124.0	4561.0	4887.0	6114.0	8707.0	12319.0	17612.0	28108.0	42598.0	74401.0	110700.0	159212.0	207666.0	289127.0	337370.0	410183.0	447649.0	494235.0	542276.0	585211.0	588047.0	599125.0	5184141.0	7810542.0
5-181_R1_001	1978.0	6230.0	3541.0	3091.0	3621.0	3666.0	3540.0	3693.0	3783.0	4046.0	4269.0	4537.0	4497.0	4767.0	4887.0	5223.0	5470.0	5851.0	6259.0	7156.0	11114.0	24068.0	43186.0	965419.0	1365481.0	21176590.0	36290784.0
5-181_R2_001	18627.0	23590.0	10484.0	8436.0	8545.0	8807.0	10900.0	14016.0	18939.0	25766.0	40279.0	61858.0	108744.0	165781.0	240756.0	317616.0	448093.0	537856.0	681218.0	753851.0	879379.0	1009978.0	1117392.0	1162791.0	1278283.0	20221736.0	30705480.0
5-182_R1_001	1441.0	4614.0	2446.0	2472.0	2462.0	2689.0	2383.0	2502.0	2750.0	2889.0	3128.0	3250.0	3352.0	3687.0	3771.0	4136.0	4297.0	4501.0	4962.0	5477.0	6633.0	8828.0	12798.0	490653.0	695360.0	12179119.0	21824003.0
5-182_R2_001	16249.0	19533.0	9215.0	7226.0	6949.0	6532.0	7246.0	8589.0	10734.0	15280.0	18351.0	25931.0	40392.0	60368.0	87320.0	118357.0	169708.0	217746.0	282740.0	333890.0	401498.0	477121.0	553896.0	613609.0	692254.0	11880250.0	19072495.0
5-187_R1_001	2056.0	6393.0	4001.0	4408.0	3917.0	4702.0	4624.0	4968.0	5251.0	5660.0	6042.0	6548.0	6785.0	7084.0	7859.0	8401.0	9028.0	9774.0	11367.0	15716.0	27527.0	66043.0	99785.0	1170376.0	1607743.0	25926505.0	42991377.0
5-187_R2_001	26540.0	33999.0	19262.0	20098.0	28772.0	35730.0	58364.0	83424.0	132127.0	169873.0	255692.0	319941.0	463121.0	543137.0	652775.0	691360.0	824644.0	862672.0	972612.0	1009009.0	1075931.0	1202826.0	1268134.0	1335173.0	1369592.0	22752410.0	35767491.0
5-188_R1_001	1553.0	4597.0	2348.0	2115.0	2482.0	2460.0	2445.0	2447.0	2684.0	2722.0	2905.0	3079.0	3192.0	3374.0	3622.0	3871.0	4140.0	4298.0	4639.0	5346.0	6613.0	8820.0	12939.0	748615.0	1000804.0	12615089.0	22805539.0
5-188_R2_001	42341.0	46174.0	16050.0	10849.0	9606.0	9299.0	10774.0	13283.0	17377.0	23510.0	35646.0	53604.0	89577.0	137791.0	196899.0	261652.0	363520.0	445426.0	564463.0	630387.0	725822.0	816223.0	898570.0	946096.0	997272.0	11841059.0	17988120.0
5-189_R1_001	1097.0	3442.0	1870.0	1754.0	2072.0	2172.0	1990.0	2205.0	2486.0	2639.0	2428.0	2731.0	2948.0	3418.0	3008.0	3450.0	3371.0	3437.0	3666.0	4177.0	5117.0	6931.0	9502.0	279217.0	406288.0	11162223.0	20059245.0
5-189_R2_001	15252.0	19166.0	9085.0	6783.0	6378.0	5587.0	5816.0	6875.0	7920.0	10474.0	12653.0	16961.0	25354.0	35982.0	50080.0	65990.0	92501.0	116437.0	150671.0	176388.0	214731.0	261814.0	309149.0	351201.0	411843.0	11249623.0	18112110.0
5-197_R1_001	1889.0	5946.0	3262.0	3136.0	3974.0	4367.0	3546.0	3789.0	4373.0	4599.0	4701.0	4879.0	5216.0	5539.0	6057.0	6677.0	7228.0	7762.0	8754.0	11126.0	26803.0	132095.0	170841.0	1285628.0	1723954.0	18063658.0	33634989.0
5-197_R2_001	27464.0	32952.0	17074.0	14390.0	18368.0	23568.0	34784.0	52039.0	79972.0	108325.0	155376.0	204132.0	287483.0	374104.0	465879.0	539981.0	657551.0	754373.0	878670.0	967342.0	1061470.0	1169653.0	1265859.0	1340088.0	1384132.0	16320011.0	26476497.0
