	16.0	17.0	18.0	19.0	20.0	21.0	22.0	23.0	24.0	25.0	26.0	27.0	28.0	29.0	30.0	31.0	32.0	33.0	34.0	35.0	36.0	37.0	38.0	39.0	40.0
15-033_R1_001	2.0	83.0	977.0	4529.0	11647.0	18994.0	25730.0	30776.0	37169.0	42169.0	50610.0	58873.0	72951.0	87377.0	111939.0	141802.0	201003.0	301666.0	495806.0	688564.0	988726.0	1638994.0	4120476.0	24913756.0	12934140.0
	14.0	15.0	16.0	17.0	18.0	19.0	20.0	21.0	22.0	23.0	24.0	25.0	26.0	27.0	28.0	29.0	30.0	31.0	32.0	33.0	34.0	35.0	36.0	37.0	38.0	39.0	40.0
15-033_R2_001	2.0	107.0	1908.0	11023.0	30270.0	50418.0	73465.0	85709.0	88934.0	84303.0	86506.0	87616.0	96576.0	105028.0	122641.0	139627.0	169247.0	209714.0	280974.0	362244.0	500816.0	732078.0	1247977.0	2161917.0	5200072.0	25946279.0	9000447.0
	17.0	18.0	19.0	20.0	21.0	22.0	23.0	24.0	25.0	26.0	27.0	28.0	29.0	30.0	31.0	32.0	33.0	34.0	35.0	36.0	37.0	38.0	39.0	40.0
15-091_R1_001	64.0	838.0	4243.0	10494.0	16433.0	22820.0	28024.0	34749.0	40697.0	48416.0	57532.0	72557.0	87455.0	112441.0	142223.0	200006.0	295191.0	520009.0	856849.0	1261267.0	1887130.0	4435952.0	23119908.0	11589467.0
	14.0	15.0	16.0	17.0	18.0	19.0	20.0	21.0	22.0	23.0	24.0	25.0	26.0	27.0	28.0	29.0	30.0	31.0	32.0	33.0	34.0	35.0	36.0	37.0	38.0	39.0	40.0
15-091_R2_001	5.0	133.0	2239.0	13921.0	36695.0	60284.0	83784.0	93194.0	97902.0	92897.0	92237.0	90135.0	97993.0	106188.0	123393.0	138667.0	168591.0	209155.0	284360.0	371506.0	514767.0	736722.0	1228347.0	2101379.0	4966598.0	24034327.0	9055722.0
	17.0	18.0	19.0	20.0	21.0	22.0	23.0	24.0	25.0	26.0	27.0	28.0	29.0	30.0	31.0	32.0	33.0	34.0	35.0	36.0	37.0	38.0	39.0	40.0
15-092_R1_001	85.0	1139.0	5321.0	13252.0	20492.0	27349.0	32683.0	40043.0	46241.0	55310.0	64319.0	79844.0	97679.0	123322.0	158948.0	232780.0	397942.0	754809.0	955579.0	1280386.0	2130650.0	4849568.0	26013891.0	12091912.0
	14.0	15.0	16.0	17.0	18.0	19.0	20.0	21.0	22.0	23.0	24.0	25.0	26.0	27.0	28.0	29.0	30.0	31.0	32.0	33.0	34.0	35.0	36.0	37.0	38.0	39.0	40.0
15-092_R2_001	4.0	128.0	2047.0	11881.0	30901.0	48828.0	66265.0	74082.0	81154.0	82447.0	87772.0	90297.0	99520.0	107651.0	125182.0	140275.0	167514.0	202452.0	265207.0	340879.0	474842.0	697885.0	1201314.0	2114245.0	5167851.0	26811083.0	10939296.0
	16.0	17.0	18.0	19.0	20.0	21.0	22.0	23.0	24.0	25.0	26.0	27.0	28.0	29.0	30.0	31.0	32.0	33.0	34.0	35.0	36.0	37.0	38.0	39.0	40.0
15-152_R1_001	1.0	53.0	884.0	3877.0	9167.0	13726.0	17925.0	21361.0	26468.0	30225.0	36537.0	42504.0	52370.0	62523.0	79540.0	99117.0	132849.0	178994.0	270659.0	430463.0	765808.0	1368298.0	3358650.0	17834949.0	8065146.0
	14.0	15.0	16.0	17.0	18.0	19.0	20.0	21.0	22.0	23.0	24.0	25.0	26.0	27.0	28.0	29.0	30.0	31.0	32.0	33.0	34.0	35.0	36.0	37.0	38.0	39.0	40.0
15-152_R2_001	1.0	253.0	6090.0	34019.0	66927.0	70200.0	74407.0	75592.0	78764.0	77434.0	81247.0	79191.0	85085.0	89013.0	101859.0	111962.0	133820.0	161661.0	215443.0	279689.0	391805.0	573236.0	966667.0	1665401.0	4002210.0	18194269.0	5220103.0
	16.0	17.0	18.0	19.0	20.0	21.0	22.0	23.0	24.0	25.0	26.0	27.0	28.0	29.0	30.0	31.0	32.0	33.0	34.0	35.0	36.0	37.0	38.0	39.0	40.0
15-154_R1_001	4.0	114.0	1311.0	5512.0	12885.0	20299.0	27040.0	32791.0	41252.0	48116.0	57609.0	68267.0	86018.0	103779.0	134568.0	172930.0	252156.0	416154.0	709154.0	802812.0	1124447.0	1933343.0	4715740.0	27158536.0	12956624.0
	14.0	15.0	16.0	17.0	18.0	19.0	20.0	21.0	22.0	23.0	24.0	25.0	26.0	27.0	28.0	29.0	30.0	31.0	32.0	33.0	34.0	35.0	36.0	37.0	38.0	39.0	40.0
15-154_R2_001	4.0	161.0	2498.0	14473.0	37963.0	58451.0	76814.0	84125.0	91404.0	92444.0	96451.0	96221.0	105764.0	114654.0	132462.0	147979.0	177440.0	217700.0	294153.0	388989.0	548005.0	798514.0	1341322.0	2311842.0	5547297.0	27874917.0	10185652.0
	16.0	17.0	18.0	19.0	20.0	21.0	22.0	23.0	24.0	25.0	26.0	27.0	28.0	29.0	30.0	31.0	32.0	33.0	34.0	35.0	36.0	37.0	38.0	39.0	40.0
15-161_R1_001	4.0	79.0	1124.0	5152.0	12553.0	20022.0	27435.0	33922.0	42108.0	49024.0	59433.0	69916.0	88147.0	107373.0	138197.0	178571.0	263104.0	447313.0	830391.0	997424.0	1261089.0	2120637.0	4993630.0	27730075.0	13728857.0
	14.0	15.0	16.0	17.0	18.0	19.0	20.0	21.0	22.0	23.0	24.0	25.0	26.0	27.0	28.0	29.0	30.0	31.0	32.0	33.0	34.0	35.0	36.0	37.0	38.0	39.0	40.0
15-161_R2_001	10.0	152.0	2565.0	14867.0	38233.0	59246.0	77271.0	86221.0	92328.0	93746.0	101490.0	105948.0	118024.0	127661.0	147642.0	164389.0	195167.0	233053.0	307434.0	405656.0	577316.0	856260.0	1457942.0	2507631.0	6008810.0	28972028.0	10368707.0
	16.0	17.0	18.0	19.0	20.0	21.0	22.0	23.0	24.0	25.0	26.0	27.0	28.0	29.0	30.0	31.0	32.0	33.0	34.0	35.0	36.0	37.0	38.0	39.0	40.0
25-046_R1_001	4.0	82.0	934.0	4269.0	10403.0	16409.0	22502.0	27793.0	34209.0	39719.0	48527.0	56906.0	71413.0	85879.0	109671.0	140110.0	198454.0	300761.0	490221.0	655059.0	932721.0	1546461.0	3855714.0	23208389.0	12599695.0
	14.0	15.0	16.0	17.0	18.0	19.0	20.0	21.0	22.0	23.0	24.0	25.0	26.0	27.0	28.0	29.0	30.0	31.0	32.0	33.0	34.0	35.0	36.0	37.0	38.0	39.0	40.0
25-046_R2_001	4.0	123.0	1926.0	11037.0	29456.0	46790.0	62193.0	68677.0	73103.0	74382.0	80780.0	85661.0	95088.0	102932.0	118270.0	132497.0	157006.0	187155.0	244651.0	319004.0	454748.0	681826.0	1180920.0	2050500.0	4929126.0	24560598.0	8571678.0
	16.0	17.0	18.0	19.0	20.0	21.0	22.0	23.0	24.0	25.0	26.0	27.0	28.0	29.0	30.0	31.0	32.0	33.0	34.0	35.0	36.0	37.0	38.0	39.0	40.0
25-047_R1_001	6.0	104.0	1169.0	4613.0	12571.0	23672.0	40670.0	63920.0	93921.0	113911.0	136027.0	162013.0	213686.0	283015.0	415734.0	634215.0	1255528.0	3124709.0	6010393.0	3819579.0	1274879.0	1219380.0	2432978.0	12132829.0	5085768.0
	14.0	15.0	16.0	17.0	18.0	19.0	20.0	21.0	22.0	23.0	24.0	25.0	26.0	27.0	28.0	29.0	30.0	31.0	32.0	33.0	34.0	35.0	36.0	37.0	38.0	39.0	40.0
25-047_R2_001	6.0	435.0	9133.0	55087.0	163440.0	313714.0	485804.0	529168.0	560494.0	501901.0	389351.0	259476.0	196337.0	155598.0	151998.0	157499.0	215744.0	396565.0	778687.0	1148741.0	1494719.0	1606284.0	1745562.0	2012740.0	3569356.0	14115241.0	7125434.0
	16.0	17.0	18.0	19.0	20.0	21.0	22.0	23.0	24.0	25.0	26.0	27.0	28.0	29.0	30.0	31.0	32.0	33.0	34.0	35.0	36.0	37.0	38.0	39.0	40.0
25-048_R1_001	2.0	75.0	751.0	3452.0	8124.0	13138.0	17746.0	21861.0	27052.0	32318.0	38588.0	45572.0	57697.0	70471.0	91318.0	119772.0	183076.0	333692.0	499978.0	495714.0	660170.0	1143056.0	2835869.0	15110319.0	6263696.0
	14.0	15.0	16.0	17.0	18.0	19.0	20.0	21.0	22.0	23.0	24.0	25.0	26.0	27.0	28.0	29.0	30.0	31.0	32.0	33.0	34.0	35.0	36.0	37.0	38.0	39.0	40.0
25-048_R2_001	3.0	115.0	1607.0	9393.0	25740.0	41537.0	58472.0	67619.0	70227.0	66492.0	68945.0	69226.0	76617.0	83055.0	96093.0	108299.0	131552.0	163012.0	219917.0	282898.0	391637.0	561809.0	933319.0	1594086.0	3721921.0	15228349.0	3741220.0
	16.0	17.0	18.0	19.0	20.0	21.0	22.0	23.0	24.0	25.0	26.0	27.0	28.0	29.0	30.0	31.0	32.0	33.0	34.0	35.0	36.0	37.0	38.0	39.0	40.0
25-049_R1_001	2.0	71.0	912.0	4349.0	10065.0	15424.0	20460.0	24580.0	30346.0	34649.0	41162.0	48502.0	59836.0	71948.0	91560.0	114005.0	152886.0	205888.0	311888.0	496343.0	887621.0	1586521.0	3897208.0	20962915.0	9552280.0
	14.0	15.0	16.0	17.0	18.0	19.0	20.0	21.0	22.0	23.0	24.0	25.0	26.0	27.0	28.0	29.0	30.0	31.0	32.0	33.0	34.0	35.0	36.0	37.0	38.0	39.0	40.0
25-049_R2_001	7.0	341.0	7090.0	40278.0	78138.0	80988.0	89500.0	97095.0	97758.0	94224.0	96732.0	92942.0	100102.0	105358.0	121356.0	135951.0	166210.0	203663.0	270177.0	344721.0	472348.0	685167.0	1155204.0	1983673.0	4741489.0	21312539.0	5982457.0
	16.0	17.0	18.0	19.0	20.0	21.0	22.0	23.0	24.0	25.0	26.0	27.0	28.0	29.0	30.0	31.0	32.0	33.0	34.0	35.0	36.0	37.0	38.0	39.0	40.0
25-050_R1_001	4.0	79.0	1116.0	5176.0	12568.0	19921.0	26978.0	32356.0	39357.0	45830.0	55001.0	65090.0	81302.0	97020.0	122633.0	156226.0	218481.0	318836.0	523643.0	769212.0	1144811.0	1912288.0	4800271.0	28436459.0	14211809.0
	14.0	15.0	16.0	17.0	18.0	19.0	20.0	21.0	22.0	23.0	24.0	25.0	26.0	27.0	28.0	29.0	30.0	31.0	32.0	33.0	34.0	35.0	36.0	37.0	38.0	39.0	40.0
25-050_R2_001	5.0	132.0	2219.0	12634.0	34829.0	58533.0	79689.0	87814.0	94665.0	95058.0	99471.0	102144.0	113180.0	122186.0	142714.0	160620.0	192582.0	233216.0	308251.0	399145.0	558194.0	826636.0	1419994.0	2478726.0	5944296.0	29300924.0	10167527.0
	16.0	17.0	18.0	19.0	20.0	21.0	22.0	23.0	24.0	25.0	26.0	27.0	28.0	29.0	30.0	31.0	32.0	33.0	34.0	35.0	36.0	37.0	38.0	39.0	40.0
25-051_R1_001	4.0	88.0	1252.0	6001.0	15624.0	26836.0	37285.0	44484.0	53646.0	60421.0	71225.0	84452.0	107255.0	133912.0	181892.0	258095.0	479108.0	1105605.0	1469961.0	996795.0	1227937.0	2059654.0	4526245.0	27380648.0	13697232.0
	14.0	15.0	16.0	17.0	18.0	19.0	20.0	21.0	22.0	23.0	24.0	25.0	26.0	27.0	28.0	29.0	30.0	31.0	32.0	33.0	34.0	35.0	36.0	37.0	38.0	39.0	40.0
25-051_R2_001	6.0	178.0	3212.0	20190.0	54490.0	87646.0	129971.0	160256.0	159957.0	145679.0	136046.0	119602.0	124118.0	130916.0	150650.0	171349.0	217139.0	283345.0	384793.0	476226.0	618338.0	843025.0	1391311.0	2400434.0	5814456.0	28730053.0	10997154.0
	17.0	18.0	19.0	20.0	21.0	22.0	23.0	24.0	25.0	26.0	27.0	28.0	29.0	30.0	31.0	32.0	33.0	34.0	35.0	36.0	37.0	38.0	39.0	40.0
25-052_R1_001	79.0	739.0	3471.0	8236.0	13329.0	18573.0	22366.0	27590.0	31576.0	37391.0	43997.0	54914.0	66114.0	84392.0	107081.0	151199.0	232919.0	399480.0	511960.0	729532.0	1274721.0	3111563.0	16378012.0	7118079.0
	14.0	15.0	16.0	17.0	18.0	19.0	20.0	21.0	22.0	23.0	24.0	25.0	26.0	27.0	28.0	29.0	30.0	31.0	32.0	33.0	34.0	35.0	36.0	37.0	38.0	39.0	40.0
25-052_R2_001	6.0	122.0	1596.0	9002.0	24834.0	41388.0	58245.0	68614.0	71159.0	68719.0	71448.0	72854.0	80916.0	88217.0	102758.0	117593.0	143964.0	178936.0	238359.0	304408.0	417438.0	602833.0	1011894.0	1716711.0	3937436.0	16332077.0	4643851.0
	16.0	17.0	18.0	19.0	20.0	21.0	22.0	23.0	24.0	25.0	26.0	27.0	28.0	29.0	30.0	31.0	32.0	33.0	34.0	35.0	36.0	37.0	38.0	39.0	40.0
25-053_R1_001	3.0	89.0	1048.0	4891.0	12619.0	20542.0	27494.0	33631.0	41252.0	47847.0	58270.0	69664.0	87839.0	109753.0	147735.0	206916.0	373871.0	775175.0	917752.0	740572.0	1084489.0	1894791.0	4416356.0	27030050.0	13643037.0
	14.0	15.0	16.0	17.0	18.0	19.0	20.0	21.0	22.0	23.0	24.0	25.0	26.0	27.0	28.0	29.0	30.0	31.0	32.0	33.0	34.0	35.0	36.0	37.0	38.0	39.0	40.0
25-053_R2_001	1.0	150.0	2953.0	17336.0	44395.0	67680.0	85901.0	94372.0	102012.0	100464.0	100397.0	99218.0	107576.0	114675.0	132053.0	147359.0	177937.0	221860.0	305644.0	407818.0	571450.0	827957.0	1390377.0	2373075.0	5714141.0	28263350.0	9957829.0
	16.0	17.0	18.0	19.0	20.0	21.0	22.0	23.0	24.0	25.0	26.0	27.0	28.0	29.0	30.0	31.0	32.0	33.0	34.0	35.0	36.0	37.0	38.0	39.0	40.0
25-054_R1_001	3.0	77.0	1066.0	4738.0	11753.0	18416.0	25336.0	30773.0	37797.0	44288.0	53880.0	62926.0	78826.0	94583.0	120402.0	152124.0	212377.0	315456.0	522517.0	756331.0	1097540.0	1816779.0	4553460.0	26916572.0	13773009.0
	14.0	15.0	16.0	17.0	18.0	19.0	20.0	21.0	22.0	23.0	24.0	25.0	26.0	27.0	28.0	29.0	30.0	31.0	32.0	33.0	34.0	35.0	36.0	37.0	38.0	39.0	40.0
25-054_R2_001	5.0	110.0	1960.0	11609.0	32287.0	54676.0	78567.0	94544.0	98410.0	97125.0	99735.0	98301.0	108107.0	118775.0	138373.0	155925.0	189885.0	230812.0	302008.0	382910.0	523506.0	762911.0	1306737.0	2280221.0	5531868.0	28007204.0	9946871.0
	16.0	17.0	18.0	19.0	20.0	21.0	22.0	23.0	24.0	25.0	26.0	27.0	28.0	29.0	30.0	31.0	32.0	33.0	34.0	35.0	36.0	37.0	38.0	39.0	40.0
25-055_R1_001	2.0	72.0	824.0	3487.0	8412.0	14032.0	19818.0	24616.0	30864.0	35890.0	43326.0	51191.0	63868.0	78971.0	102716.0	134732.0	202445.0	335598.0	551079.0	654147.0	822996.0	1353152.0	3361808.0	17641718.0	7397332.0
	14.0	15.0	16.0	17.0	18.0	19.0	20.0	21.0	22.0	23.0	24.0	25.0	26.0	27.0	28.0	29.0	30.0	31.0	32.0	33.0	34.0	35.0	36.0	37.0	38.0	39.0	40.0
25-055_R2_001	8.0	156.0	1774.0	9666.0	28514.0	50841.0	76797.0	92530.0	94380.0	84618.0	81984.0	78784.0	84377.0	91511.0	105919.0	119580.0	148494.0	191083.0	260951.0	335519.0	454899.0	632616.0	1035511.0	1740158.0	4023988.0	17703413.0	5368661.0
	17.0	18.0	19.0	20.0	21.0	22.0	23.0	24.0	25.0	26.0	27.0	28.0	29.0	30.0	31.0	32.0	33.0	34.0	35.0	36.0	37.0	38.0	39.0	40.0
25-056_R1_001	54.0	784.0	3401.0	8247.0	12816.0	17588.0	21019.0	25968.0	30442.0	36439.0	43574.0	54142.0	64589.0	81992.0	102093.0	137004.0	184421.0	280641.0	445958.0	789047.0	1396297.0	3404520.0	18446417.0	8851053.0
	13.0	14.0	15.0	16.0	17.0	18.0	19.0	20.0	21.0	22.0	23.0	24.0	25.0	26.0	27.0	28.0	29.0	30.0	31.0	32.0	33.0	34.0	35.0	36.0	37.0	38.0	39.0	40.0
25-056_R2_001	1.0	5.0	250.0	6441.0	36247.0	67773.0	67655.0	67986.0	68641.0	72004.0	72931.0	79763.0	80287.0	87601.0	91652.0	103969.0	116301.0	135240.0	160308.0	207510.0	271917.0	387190.0	582866.0	1008433.0	1754562.0	4234618.0	19199133.0	5372465.0
	17.0	18.0	19.0	20.0	21.0	22.0	23.0	24.0	25.0	26.0	27.0	28.0	29.0	30.0	31.0	32.0	33.0	34.0	35.0	36.0	37.0	38.0	39.0	40.0
25-058_R1_001	71.0	936.0	4392.0	10530.0	16705.0	23704.0	29760.0	37389.0	43595.0	52594.0	62912.0	79843.0	97797.0	127450.0	160970.0	220804.0	330056.0	585298.0	934390.0	1257490.0	1665423.0	3771537.0	20043621.0	10725746.0
	14.0	15.0	16.0	17.0	18.0	19.0	20.0	21.0	22.0	23.0	24.0	25.0	26.0	27.0	28.0	29.0	30.0	31.0	32.0	33.0	34.0	35.0	36.0	37.0	38.0	39.0	40.0
25-058_R2_001	2.0	126.0	2491.0	14849.0	39517.0	65867.0	87347.0	96717.0	107616.0	102639.0	95168.0	87405.0	91295.0	96059.0	108835.0	120771.0	144722.0	183354.0	261668.0	357380.0	498433.0	690482.0	1095726.0	1806738.0	4213361.0	21276233.0	8509052.0
	16.0	17.0	18.0	19.0	20.0	21.0	22.0	23.0	24.0	25.0	26.0	27.0	28.0	29.0	30.0	31.0	32.0	33.0	34.0	35.0	36.0	37.0	38.0	39.0	40.0
25-059_R1_001	7.0	166.0	1683.0	7580.0	18818.0	30989.0	42939.0	53763.0	68971.0	81748.0	100176.0	120218.0	156986.0	201668.0	287012.0	431581.0	886528.0	1986977.0	2056712.0	1081753.0	1380676.0	2365004.0	5368278.0	32979294.0	16205143.0
	14.0	15.0	16.0	17.0	18.0	19.0	20.0	21.0	22.0	23.0	24.0	25.0	26.0	27.0	28.0	29.0	30.0	31.0	32.0	33.0	34.0	35.0	36.0	37.0	38.0	39.0	40.0
25-059_R2_001	7.0	255.0	5367.0	33027.0	86983.0	138393.0	182407.0	197173.0	213455.0	199988.0	181301.0	161175.0	161565.0	163157.0	181382.0	198197.0	242568.0	316784.0	471598.0	647261.0	890872.0	1205280.0	1869738.0	3040796.0	7110833.0	34444368.0	12490172.0
	16.0	17.0	18.0	19.0	20.0	21.0	22.0	23.0	24.0	25.0	26.0	27.0	28.0	29.0	30.0	31.0	32.0	33.0	34.0	35.0	36.0	37.0	38.0	39.0	40.0
25-060_R1_001	3.0	153.0	1716.0	7255.0	16975.0	26463.0	36448.0	47445.0	58936.0	68323.0	81980.0	96454.0	123771.0	156881.0	215612.0	307189.0	572578.0	1396869.0	1763910.0	960785.0	1234795.0	2096835.0	4739378.0	28266944.0	14072103.0
	14.0	15.0	16.0	17.0	18.0	19.0	20.0	21.0	22.0	23.0	24.0	25.0	26.0	27.0	28.0	29.0	30.0	31.0	32.0	33.0	34.0	35.0	36.0	37.0	38.0	39.0	40.0
25-060_R2_001	5.0	236.0	4514.0	27265.0	72473.0	115445.0	146661.0	160245.0	176948.0	167726.0	152588.0	137679.0	141047.0	145538.0	162594.0	180697.0	217844.0	284135.0	427947.0	590998.0	811389.0	1093291.0	1678921.0	2708387.0	6237160.0	29720813.0	10646368.0
	16.0	17.0	18.0	19.0	20.0	21.0	22.0	23.0	24.0	25.0	26.0	27.0	28.0	29.0	30.0	31.0	32.0	33.0	34.0	35.0	36.0	37.0	38.0	39.0	40.0
25-109_R1_001	3.0	98.0	1066.0	4718.0	11668.0	18819.0	25450.0	31178.0	38597.0	45336.0	54202.0	63914.0	80042.0	97253.0	124779.0	160604.0	235021.0	392125.0	679238.0	761179.0	1039433.0	1761490.0	4218153.0	24055931.0	11237958.0
	14.0	15.0	16.0	17.0	18.0	19.0	20.0	21.0	22.0	23.0	24.0	25.0	26.0	27.0	28.0	29.0	30.0	31.0	32.0	33.0	34.0	35.0	36.0	37.0	38.0	39.0	40.0
25-109_R2_001	5.0	137.0	2242.0	13142.0	33802.0	54067.0	77020.0	92484.0	95338.0	89021.0	89929.0	88219.0	96275.0	105018.0	121745.0	137269.0	168822.0	210159.0	283132.0	361738.0	491746.0	696257.0	1165597.0	2018332.0	4850368.0	24558254.0	9194042.0
	15.0	16.0	17.0	18.0	19.0	20.0	21.0	22.0	23.0	24.0	25.0	26.0	27.0	28.0	29.0	30.0	31.0	32.0	33.0	34.0	35.0	36.0	37.0	38.0	39.0	40.0
25-110_R1_001	1.0	3.0	84.0	1030.0	4825.0	10982.0	16526.0	21379.0	25363.0	30116.0	33994.0	40308.0	47316.0	58856.0	70527.0	90858.0	113560.0	155761.0	210844.0	324503.0	513706.0	881958.0	1497197.0	3598762.0	19062711.0	8697383.0
	15.0	16.0	17.0	18.0	19.0	20.0	21.0	22.0	23.0	24.0	25.0	26.0	27.0	28.0	29.0	30.0	31.0	32.0	33.0	34.0	35.0	36.0	37.0	38.0	39.0	40.0
25-110_R2_001	129.0	2048.0	12191.0	30659.0	46982.0	60106.0	65515.0	70798.0	72029.0	76012.0	78566.0	87774.0	95049.0	110760.0	125280.0	150928.0	182966.0	243185.0	319047.0	451309.0	668411.0	1143607.0	1968555.0	4614526.0	19557222.0	5240797.0
	16.0	17.0	18.0	19.0	20.0	21.0	22.0	23.0	24.0	25.0	26.0	27.0	28.0	29.0	30.0	31.0	32.0	33.0	34.0	35.0	36.0	37.0	38.0	39.0	40.0
25-112_R1_001	4.0	85.0	1065.0	4480.0	11219.0	18018.0	24988.0	30200.0	37375.0	43742.0	52816.0	62734.0	77948.0	94299.0	119279.0	148008.0	200819.0	271666.0	409038.0	638815.0	1101377.0	1886585.0	4593761.0	25263339.0	11873204.0
	14.0	15.0	16.0	17.0	18.0	19.0	20.0	21.0	22.0	23.0	24.0	25.0	26.0	27.0	28.0	29.0	30.0	31.0	32.0	33.0	34.0	35.0	36.0	37.0	38.0	39.0	40.0
25-112_R2_001	2.0	126.0	2125.0	12384.0	34016.0	55276.0	73394.0	80399.0	85806.0	87960.0	96757.0	102170.0	115430.0	126847.0	147409.0	166199.0	198299.0	237580.0	308785.0	401945.0	572173.0	854355.0	1466823.0	2516282.0	5882499.0	25807459.0	7505298.0
	16.0	17.0	18.0	19.0	20.0	21.0	22.0	23.0	24.0	25.0	26.0	27.0	28.0	29.0	30.0	31.0	32.0	33.0	34.0	35.0	36.0	37.0	38.0	39.0	40.0
25-113_R1_001	2.0	82.0	872.0	3781.0	8610.0	13494.0	18081.0	22229.0	27733.0	32273.0	39425.0	46127.0	58555.0	71489.0	92811.0	120754.0	178862.0	303713.0	493901.0	545300.0	741875.0	1293231.0	3230105.0	17554136.0	7513252.0
	14.0	15.0	16.0	17.0	18.0	19.0	20.0	21.0	22.0	23.0	24.0	25.0	26.0	27.0	28.0	29.0	30.0	31.0	32.0	33.0	34.0	35.0	36.0	37.0	38.0	39.0	40.0
25-113_R2_001	2.0	113.0	1761.0	9840.0	26413.0	42513.0	55426.0	60735.0	65561.0	66972.0	70991.0	72699.0	80349.0	87820.0	101599.0	114101.0	136305.0	168003.0	225448.0	297981.0	422910.0	622897.0	1051574.0	1803694.0	4259952.0	17898390.0	4556389.0
	16.0	17.0	18.0	19.0	20.0	21.0	22.0	23.0	24.0	25.0	26.0	27.0	28.0	29.0	30.0	31.0	32.0	33.0	34.0	35.0	36.0	37.0	38.0	39.0	40.0
25-114_R1_001	4.0	149.0	1645.0	7225.0	17664.0	28287.0	38369.0	46900.0	57509.0	66809.0	79541.0	93256.0	116113.0	138520.0	176024.0	221312.0	301231.0	419124.0	653894.0	1017310.0	1670590.0	2686187.0	6306734.0	35912809.0	17809126.0
	14.0	15.0	16.0	17.0	18.0	19.0	20.0	21.0	22.0	23.0	24.0	25.0	26.0	27.0	28.0	29.0	30.0	31.0	32.0	33.0	34.0	35.0	36.0	37.0	38.0	39.0	40.0
25-114_R2_001	4.0	169.0	2924.0	17762.0	48351.0	80889.0	109593.0	123479.0	135579.0	134211.0	133405.0	133026.0	145830.0	158311.0	182193.0	204266.0	246265.0	305859.0	420421.0	558464.0	789342.0	1144361.0	1901815.0	3225400.0	7630899.0	37333623.0	12524124.0
	16.0	17.0	18.0	19.0	20.0	21.0	22.0	23.0	24.0	25.0	26.0	27.0	28.0	29.0	30.0	31.0	32.0	33.0	34.0	35.0	36.0	37.0	38.0	39.0	40.0
25-115_R1_001	1.0	77.0	870.0	3811.0	9312.0	14366.0	19197.0	23570.0	29604.0	34741.0	42259.0	49874.0	62405.0	76808.0	98952.0	126700.0	187325.0	302795.0	499419.0	599832.0	811593.0	1346278.0	3369198.0	20453540.0	11060305.0
	14.0	15.0	16.0	17.0	18.0	19.0	20.0	21.0	22.0	23.0	24.0	25.0	26.0	27.0	28.0	29.0	30.0	31.0	32.0	33.0	34.0	35.0	36.0	37.0	38.0	39.0	40.0
25-115_R2_001	2.0	90.0	1518.0	9232.0	24268.0	40053.0	53602.0	59601.0	64454.0	64958.0	67758.0	68981.0	76528.0	82476.0	94400.0	105399.0	126053.0	151464.0	201336.0	263275.0	370555.0	550199.0	948873.0	1660734.0	4069948.0	21596074.0	8150699.0
	16.0	17.0	18.0	19.0	20.0	21.0	22.0	23.0	24.0	25.0	26.0	27.0	28.0	29.0	30.0	31.0	32.0	33.0	34.0	35.0	36.0	37.0	38.0	39.0	40.0
25-116_R1_001	2.0	78.0	968.0	4719.0	12095.0	19365.0	25487.0	30694.0	36453.0	42030.0	49876.0	58862.0	71586.0	86364.0	109424.0	138444.0	190625.0	276870.0	456230.0	681845.0	990586.0	1611463.0	4033489.0	23801985.0	11547316.0
	14.0	15.0	16.0	17.0	18.0	19.0	20.0	21.0	22.0	23.0	24.0	25.0	26.0	27.0	28.0	29.0	30.0	31.0	32.0	33.0	34.0	35.0	36.0	37.0	38.0	39.0	40.0
25-116_R2_001	2.0	136.0	2113.0	12257.0	32919.0	55067.0	76855.0	84938.0	91427.0	88809.0	91096.0	92380.0	100782.0	109871.0	126871.0	143052.0	171480.0	208610.0	277391.0	358761.0	498898.0	724150.0	1231087.0	2142359.0	5114420.0	24486585.0	7922662.0
	17.0	18.0	19.0	20.0	21.0	22.0	23.0	24.0	25.0	26.0	27.0	28.0	29.0	30.0	31.0	32.0	33.0	34.0	35.0	36.0	37.0	38.0	39.0	40.0
25-117_R1_001	45.0	685.0	3188.0	8370.0	14087.0	19727.0	24095.0	30613.0	35404.0	43194.0	51775.0	64633.0	78910.0	102771.0	134272.0	196439.0	315742.0	628718.0	1024264.0	1283231.0	1796980.0	4036792.0	19776152.0	9239520.0
	14.0	15.0	16.0	17.0	18.0	19.0	20.0	21.0	22.0	23.0	24.0	25.0	26.0	27.0	28.0	29.0	30.0	31.0	32.0	33.0	34.0	35.0	36.0	37.0	38.0	39.0	40.0
25-117_R2_001	2.0	119.0	1999.0	11756.0	31921.0	52857.0	76395.0	94573.0	98730.0	95370.0	92625.0	86306.0	92442.0	100257.0	116385.0	132054.0	162437.0	203361.0	266582.0	335038.0	456928.0	657314.0	1113923.0	1919768.0	4543242.0	20700960.0	7431753.0
	16.0	17.0	18.0	19.0	20.0	21.0	22.0	23.0	24.0	25.0	26.0	27.0	28.0	29.0	30.0	31.0	32.0	33.0	34.0	35.0	36.0	37.0	38.0	39.0	40.0
25-119_R1_001	2.0	102.0	1165.0	5330.0	13330.0	21791.0	30062.0	35785.0	42816.0	49091.0	58996.0	69685.0	86971.0	104742.0	134053.0	168598.0	229357.0	310465.0	472864.0	747333.0	1296553.0	2225600.0	5355118.0	27689960.0	11849628.0
	14.0	15.0	16.0	17.0	18.0	19.0	20.0	21.0	22.0	23.0	24.0	25.0	26.0	27.0	28.0	29.0	30.0	31.0	32.0	33.0	34.0	35.0	36.0	37.0	38.0	39.0	40.0
25-119_R2_001	7.0	209.0	3343.0	18820.0	46574.0	71011.0	95858.0	110699.0	116959.0	113911.0	119811.0	124367.0	137819.0	151821.0	177062.0	203074.0	246860.0	305064.0	404683.0	521357.0	730675.0	1071367.0	1815989.0	3099128.0	7084721.0	27574062.0	6604015.0
	16.0	17.0	18.0	19.0	20.0	21.0	22.0	23.0	24.0	25.0	26.0	27.0	28.0	29.0	30.0	31.0	32.0	33.0	34.0	35.0	36.0	37.0	38.0	39.0	40.0
25-120_R1_001	3.0	96.0	1047.0	4763.0	12287.0	20215.0	28266.0	35334.0	43954.0	51943.0	61961.0	73600.0	91274.0	109226.0	138963.0	176360.0	244998.0	359958.0	631207.0	1026019.0	1484084.0	2210896.0	5231379.0	28923187.0	15262314.0
	14.0	15.0	16.0	17.0	18.0	19.0	20.0	21.0	22.0	23.0	24.0	25.0	26.0	27.0	28.0	29.0	30.0	31.0	32.0	33.0	34.0	35.0	36.0	37.0	38.0	39.0	40.0
25-120_R2_001	8.0	138.0	2462.0	15853.0	41792.0	66507.0	88972.0	99887.0	110044.0	108056.0	104911.0	102783.0	112656.0	122389.0	140873.0	158360.0	190370.0	237082.0	322622.0	430254.0	601503.0	866590.0	1442376.0	2476589.0	5995489.0	30683287.0	11634031.0
	16.0	17.0	18.0	19.0	20.0	21.0	22.0	23.0	24.0	25.0	26.0	27.0	28.0	29.0	30.0	31.0	32.0	33.0	34.0	35.0	36.0	37.0	38.0	39.0	40.0
25-167_R1_001	4.0	59.0	770.0	3746.0	9348.0	14653.0	19419.0	22921.0	28205.0	32551.0	39217.0	46122.0	57644.0	68616.0	86982.0	109213.0	148103.0	200103.0	305203.0	487147.0	867119.0	1553621.0	3815601.0	20165585.0	9349595.0
	14.0	15.0	16.0	17.0	18.0	19.0	20.0	21.0	22.0	23.0	24.0	25.0	26.0	27.0	28.0	29.0	30.0	31.0	32.0	33.0	34.0	35.0	36.0	37.0	38.0	39.0	40.0
25-167_R2_001	2.0	268.0	6908.0	38710.0	74851.0	75816.0	79053.0	79908.0	85058.0	85657.0	89168.0	87837.0	95190.0	98923.0	113483.0	125214.0	148125.0	177889.0	237986.0	312885.0	440549.0	646018.0	1092219.0	1875909.0	4498664.0	20672184.0	6129673.0
	16.0	17.0	18.0	19.0	20.0	21.0	22.0	23.0	24.0	25.0	26.0	27.0	28.0	29.0	30.0	31.0	32.0	33.0	34.0	35.0	36.0	37.0	38.0	39.0	40.0
25-168_R1_001	1.0	84.0	944.0	4330.0	11068.0	17953.0	25047.0	30306.0	36872.0	43053.0	53289.0	64777.0	77301.0	91221.0	117819.0	149741.0	211686.0	318353.0	545850.0	789178.0	1056129.0	1651938.0	4103567.0	23441136.0	11262402.0
	14.0	15.0	16.0	17.0	18.0	19.0	20.0	21.0	22.0	23.0	24.0	25.0	26.0	27.0	28.0	29.0	30.0	31.0	32.0	33.0	34.0	35.0	36.0	37.0	38.0	39.0	40.0
25-168_R2_001	2.0	126.0	2392.0	14177.0	39091.0	67016.0	92708.0	106522.0	114835.0	107309.0	103427.0	102108.0	111156.0	119360.0	138157.0	153596.0	185096.0	226629.0	308889.0	403109.0	561358.0	805401.0	1339059.0	2279344.0	5341823.0	24045054.0	7280595.0
	16.0	17.0	18.0	19.0	20.0	21.0	22.0	23.0	24.0	25.0	26.0	27.0	28.0	29.0	30.0	31.0	32.0	33.0	34.0	35.0	36.0	37.0	38.0	39.0	40.0
25-169_R1_001	6.0	123.0	1407.0	5991.0	14836.0	23874.0	34718.0	45827.0	60382.0	71216.0	85051.0	101042.0	129309.0	163265.0	223389.0	314848.0	549671.0	1222528.0	2405948.0	2043163.0	1741439.0	2481168.0	5371722.0	28189356.0	12447023.0
	13.0	14.0	15.0	16.0	17.0	18.0	19.0	20.0	21.0	22.0	23.0	24.0	25.0	26.0	27.0	28.0	29.0	30.0	31.0	32.0	33.0	34.0	35.0	36.0	37.0	38.0	39.0	40.0
25-169_R2_001	1.0	4.0	178.0	3958.0	25705.0	73237.0	128461.0	212185.0	292018.0	293941.0	257849.0	214422.0	155650.0	143108.0	142739.0	162020.0	186237.0	250213.0	360855.0	518221.0	640699.0	787131.0	963095.0	1444465.0	2371279.0	5644612.0	29142327.0	13157933.0
	16.0	17.0	18.0	19.0	20.0	21.0	22.0	23.0	24.0	25.0	26.0	27.0	28.0	29.0	30.0	31.0	32.0	33.0	34.0	35.0	36.0	37.0	38.0	39.0	40.0
25-170_R1_001	2.0	97.0	1084.0	4983.0	12151.0	19866.0	27390.0	33187.0	41169.0	47779.0	57752.0	68583.0	84895.0	101772.0	129189.0	161582.0	222242.0	320400.0	524437.0	773411.0	1110663.0	1798700.0	4464823.0	26209410.0	13518249.0
	14.0	15.0	16.0	17.0	18.0	19.0	20.0	21.0	22.0	23.0	24.0	25.0	26.0	27.0	28.0	29.0	30.0	31.0	32.0	33.0	34.0	35.0	36.0	37.0	38.0	39.0	40.0
25-170_R2_001	4.0	126.0	2339.0	14294.0	37212.0	59027.0	78516.0	86693.0	92382.0	94085.0	100469.0	105656.0	117875.0	128528.0	148376.0	165361.0	196502.0	232441.0	303010.0	395697.0	560476.0	833412.0	1429097.0	2474522.0	5905114.0	27579695.0	8550707.0
	16.0	17.0	18.0	19.0	20.0	21.0	22.0	23.0	24.0	25.0	26.0	27.0	28.0	29.0	30.0	31.0	32.0	33.0	34.0	35.0	36.0	37.0	38.0	39.0	40.0
25-171_R1_001	2.0	89.0	1120.0	4912.0	12742.0	20640.0	28124.0	33334.0	40158.0	45979.0	54553.0	64065.0	80215.0	95706.0	122113.0	152112.0	206751.0	283650.0	427615.0	667453.0	1151340.0	1960885.0	4751129.0	25922487.0	11425714.0
	14.0	15.0	16.0	17.0	18.0	19.0	20.0	21.0	22.0	23.0	24.0	25.0	26.0	27.0	28.0	29.0	30.0	31.0	32.0	33.0	34.0	35.0	36.0	37.0	38.0	39.0	40.0
25-171_R2_001	4.0	163.0	2275.0	13071.0	35931.0	61044.0	83437.0	92996.0	99966.0	99494.0	103760.0	106117.0	116593.0	127305.0	147385.0	166061.0	202099.0	244246.0	325719.0	420521.0	589357.0	864326.0	1474538.0	2546341.0	5926812.0	25889833.0	7765122.0
	16.0	17.0	18.0	19.0	20.0	21.0	22.0	23.0	24.0	25.0	26.0	27.0	28.0	29.0	30.0	31.0	32.0	33.0	34.0	35.0	36.0	37.0	38.0	39.0	40.0
25-172_R1_001	1.0	75.0	819.0	3865.0	9712.0	15607.0	21476.0	26033.0	32023.0	37571.0	44846.0	52766.0	65994.0	80140.0	103154.0	132896.0	195124.0	326588.0	538763.0	618665.0	850006.0	1473415.0	3649463.0	20175191.0	8813373.0
	14.0	15.0	16.0	17.0	18.0	19.0	20.0	21.0	22.0	23.0	24.0	25.0	26.0	27.0	28.0	29.0	30.0	31.0	32.0	33.0	34.0	35.0	36.0	37.0	38.0	39.0	40.0
25-172_R2_001	4.0	126.0	1769.0	10757.0	28767.0	46569.0	66677.0	80730.0	84690.0	81742.0	84428.0	83929.0	92491.0	100939.0	117873.0	132375.0	162207.0	201605.0	267957.0	341635.0	468515.0	671313.0	1128510.0	1953222.0	4678754.0	20580512.0	5694664.0
	16.0	17.0	18.0	19.0	20.0	21.0	22.0	23.0	24.0	25.0	26.0	27.0	28.0	29.0	30.0	31.0	32.0	33.0	34.0	35.0	36.0	37.0	38.0	39.0	40.0
25-174_R1_001	1.0	83.0	1130.0	5919.0	17366.0	29985.0	38320.0	41690.0	44701.0	46787.0	51645.0	58270.0	68904.0	81274.0	103178.0	129588.0	176971.0	245685.0	387415.0	596844.0	937987.0	1506772.0	3534434.0	19037728.0	9097269.0
	14.0	15.0	16.0	17.0	18.0	19.0	20.0	21.0	22.0	23.0	24.0	25.0	26.0	27.0	28.0	29.0	30.0	31.0	32.0	33.0	34.0	35.0	36.0	37.0	38.0	39.0	40.0
25-174_R2_001	3.0	136.0	2269.0	13014.0	32806.0	50979.0	67854.0	75141.0	80494.0	79075.0	79974.0	79103.0	86546.0	92798.0	106254.0	118374.0	141903.0	173989.0	232909.0	305881.0	431044.0	632153.0	1070864.0	1842186.0	4402128.0	19975374.0	5814100.0
	16.0	17.0	18.0	19.0	20.0	21.0	22.0	23.0	24.0	25.0	26.0	27.0	28.0	29.0	30.0	31.0	32.0	33.0	34.0	35.0	36.0	37.0	38.0	39.0	40.0
25-175_R1_001	3.0	84.0	1140.0	4816.0	11198.0	17302.0	23652.0	28549.0	35178.0	40111.0	48117.0	56169.0	69795.0	84219.0	109008.0	138864.0	196722.0	304821.0	525282.0	666428.0	935472.0	1629614.0	3984770.0	20257536.0	8545127.0
	14.0	15.0	16.0	17.0	18.0	19.0	20.0	21.0	22.0	23.0	24.0	25.0	26.0	27.0	28.0	29.0	30.0	31.0	32.0	33.0	34.0	35.0	36.0	37.0	38.0	39.0	40.0
25-175_R2_001	9.0	161.0	2081.0	12074.0	34120.0	56699.0	74588.0	82876.0	91048.0	92440.0	96788.0	98734.0	108042.0	117409.0	135944.0	153700.0	185617.0	226069.0	304701.0	396320.0	555511.0	807485.0	1349527.0	2274199.0	5132880.0	20013384.0	5279774.0
	16.0	17.0	18.0	19.0	20.0	21.0	22.0	23.0	24.0	25.0	26.0	27.0	28.0	29.0	30.0	31.0	32.0	33.0	34.0	35.0	36.0	37.0	38.0	39.0	40.0
25-177_R1_001	1.0	85.0	978.0	4477.0	11443.0	19438.0	26868.0	31889.0	37890.0	42606.0	49901.0	58939.0	72468.0	86722.0	110229.0	137641.0	187752.0	255798.0	391369.0	612204.0	1037790.0	1738027.0	4158788.0	23491656.0	11228093.0
	14.0	15.0	16.0	17.0	18.0	19.0	20.0	21.0	22.0	23.0	24.0	25.0	26.0	27.0	28.0	29.0	30.0	31.0	32.0	33.0	34.0	35.0	36.0	37.0	38.0	39.0	40.0
25-177_R2_001	4.0	128.0	1839.0	10982.0	30027.0	50742.0	74439.0	92485.0	97623.0	95020.0	95599.0	91525.0	100330.0	109728.0	127735.0	145276.0	178459.0	223826.0	295767.0	375212.0	515127.0	749789.0	1265566.0	2168340.0	5110453.0	23991126.0	7739676.0
	16.0	17.0	18.0	19.0	20.0	21.0	22.0	23.0	24.0	25.0	26.0	27.0	28.0	29.0	30.0	31.0	32.0	33.0	34.0	35.0	36.0	37.0	38.0	39.0	40.0
25-179_R1_001	2.0	108.0	1150.0	5121.0	11993.0	19010.0	26137.0	33446.0	42178.0	49949.0	60300.0	71490.0	91091.0	116138.0	160011.0	230196.0	443289.0	1059438.0	1307346.0	747455.0	937041.0	1584332.0	3550409.0	21310907.0	10454724.0
	14.0	15.0	16.0	17.0	18.0	19.0	20.0	21.0	22.0	23.0	24.0	25.0	26.0	27.0	28.0	29.0	30.0	31.0	32.0	33.0	34.0	35.0	36.0	37.0	38.0	39.0	40.0
25-179_R2_001	1.0	173.0	3041.0	18827.0	50710.0	84556.0	125553.0	149425.0	146387.0	123105.0	111244.0	99096.0	102360.0	106224.0	120603.0	136919.0	175036.0	241008.0	346455.0	443596.0	572961.0	753890.0	1182566.0	1964108.0	4623733.0	22235810.0	8140846.0
	16.0	17.0	18.0	19.0	20.0	21.0	22.0	23.0	24.0	25.0	26.0	27.0	28.0	29.0	30.0	31.0	32.0	33.0	34.0	35.0	36.0	37.0	38.0	39.0	40.0
25-180_R1_001	3.0	122.0	1216.0	5426.0	13906.0	24464.0	37066.0	51219.0	69783.0	83103.0	99771.0	118902.0	155786.0	200079.0	278504.0	396807.0	725043.0	1702559.0	3216511.0	2323574.0	1553139.0	2130402.0	4667959.0	25045810.0	11611169.0
	14.0	15.0	16.0	17.0	18.0	19.0	20.0	21.0	22.0	23.0	24.0	25.0	26.0	27.0	28.0	29.0	30.0	31.0	32.0	33.0	34.0	35.0	36.0	37.0	38.0	39.0	40.0
25-180_R2_001	5.0	301.0	6053.0	35816.0	91346.0	139638.0	178733.0	197147.0	205495.0	187855.0	181169.0	167912.0	169333.0	166567.0	177625.0	183552.0	209747.0	256964.0	384849.0	565060.0	833788.0	1181877.0	1804189.0	2785473.0	6058622.0	26958606.0	11107927.0
	16.0	17.0	18.0	19.0	20.0	21.0	22.0	23.0	24.0	25.0	26.0	27.0	28.0	29.0	30.0	31.0	32.0	33.0	34.0	35.0	36.0	37.0	38.0	39.0	40.0
25-185_R1_001	3.0	54.0	653.0	2964.0	7470.0	11967.0	16323.0	19663.0	24091.0	28025.0	33010.0	38594.0	48772.0	59164.0	76121.0	98740.0	146092.0	246146.0	398968.0	451881.0	624184.0	1090212.0	2734382.0	14765904.0	6077961.0
	14.0	15.0	16.0	17.0	18.0	19.0	20.0	21.0	22.0	23.0	24.0	25.0	26.0	27.0	28.0	29.0	30.0	31.0	32.0	33.0	34.0	35.0	36.0	37.0	38.0	39.0	40.0
25-185_R2_001	3.0	97.0	1577.0	8756.0	24176.0	39420.0	52620.0	57565.0	61602.0	62240.0	64278.0	65622.0	70969.0	77060.0	89205.0	99178.0	119705.0	146364.0	195201.0	256451.0	360406.0	527397.0	891945.0	1531527.0	3586908.0	14826672.0	3725351.0
	16.0	17.0	18.0	19.0	20.0	21.0	22.0	23.0	24.0	25.0	26.0	27.0	28.0	29.0	30.0	31.0	32.0	33.0	34.0	35.0	36.0	37.0	38.0	39.0	40.0
25-186_R1_001	2.0	53.0	653.0	2739.0	6755.0	11070.0	15492.0	19273.0	23910.0	28126.0	34407.0	40790.0	51552.0	62410.0	81602.0	106872.0	165986.0	305388.0	434676.0	428831.0	598546.0	1041536.0	2578527.0	13896553.0	6056459.0
	14.0	15.0	16.0	17.0	18.0	19.0	20.0	21.0	22.0	23.0	24.0	25.0	26.0	27.0	28.0	29.0	30.0	31.0	32.0	33.0	34.0	35.0	36.0	37.0	38.0	39.0	40.0
25-186_R2_001	3.0	95.0	1421.0	8480.0	22245.0	34973.0	45695.0	50182.0	53351.0	54690.0	59419.0	62653.0	69538.0	75616.0	87269.0	97196.0	115529.0	138193.0	179074.0	233674.0	332040.0	496949.0	855811.0	1475891.0	3476087.0	14197107.0	3504622.0
	16.0	17.0	18.0	19.0	20.0	21.0	22.0	23.0	24.0	25.0	26.0	27.0	28.0	29.0	30.0	31.0	32.0	33.0	34.0	35.0	36.0	37.0	38.0	39.0	40.0
25-193_R1_001	1.0	43.0	505.0	2458.0	6195.0	10807.0	15008.0	19281.0	23417.0	26772.0	31344.0	36457.0	45300.0	55496.0	72109.0	92975.0	133915.0	208046.0	383352.0	626687.0	858723.0	1196624.0	2727671.0	13949212.0	6941350.0
	14.0	15.0	16.0	17.0	18.0	19.0	20.0	21.0	22.0	23.0	24.0	25.0	26.0	27.0	28.0	29.0	30.0	31.0	32.0	33.0	34.0	35.0	36.0	37.0	38.0	39.0	40.0
25-193_R2_001	5.0	90.0	1657.0	9701.0	25985.0	42743.0	64602.0	79439.0	79885.0	68983.0	64133.0	58978.0	62196.0	66696.0	77322.0	88700.0	112702.0	147543.0	207666.0	269352.0	364026.0	504285.0	815716.0	1357604.0	3107782.0	14382934.0	5363345.0
	16.0	17.0	18.0	19.0	20.0	21.0	22.0	23.0	24.0	25.0	26.0	27.0	28.0	29.0	30.0	31.0	32.0	33.0	34.0	35.0	36.0	37.0	38.0	39.0	40.0
25-194_R1_001	2.0	49.0	692.0	3096.0	7558.0	12512.0	16299.0	19596.0	23872.0	27243.0	32703.0	38215.0	47478.0	56899.0	72401.0	90107.0	122300.0	164735.0	248732.0	396450.0	707362.0	1277616.0	3160773.0	16816330.0	7424749.0
	14.0	15.0	16.0	17.0	18.0	19.0	20.0	21.0	22.0	23.0	24.0	25.0	26.0	27.0	28.0	29.0	30.0	31.0	32.0	33.0	34.0	35.0	36.0	37.0	38.0	39.0	40.0
25-194_R2_001	3.0	224.0	5620.0	31796.0	61243.0	63887.0	66550.0	68084.0	72458.0	71831.0	74993.0	73994.0	78885.0	83409.0	96382.0	106315.0	126023.0	151825.0	201062.0	262595.0	368199.0	541181.0	923056.0	1594970.0	3797782.0	17000133.0	4798921.0
	16.0	17.0	18.0	19.0	20.0	21.0	22.0	23.0	24.0	25.0	26.0	27.0	28.0	29.0	30.0	31.0	32.0	33.0	34.0	35.0	36.0	37.0	38.0	39.0	40.0
25-195_R1_001	1.0	54.0	770.0	3372.0	8496.0	13369.0	18987.0	23492.0	29397.0	35100.0	42367.0	50237.0	63391.0	77682.0	100415.0	131278.0	200078.0	343866.0	580908.0	670468.0	821741.0	1317597.0	3240619.0	17991099.0	8318507.0
	14.0	15.0	16.0	17.0	18.0	19.0	20.0	21.0	22.0	23.0	24.0	25.0	26.0	27.0	28.0	29.0	30.0	31.0	32.0	33.0	34.0	35.0	36.0	37.0	38.0	39.0	40.0
25-195_R2_001	1.0	87.0	1531.0	8444.0	24523.0	43538.0	59338.0	66229.0	72096.0	71146.0	69039.0	66667.0	72210.0	77409.0	89034.0	98891.0	119342.0	149176.0	205430.0	272918.0	383454.0	540994.0	878613.0	1490926.0	3562928.0	18473800.0	7147473.0
	16.0	17.0	18.0	19.0	20.0	21.0	22.0	23.0	24.0	25.0	26.0	27.0	28.0	29.0	30.0	31.0	32.0	33.0	34.0	35.0	36.0	37.0	38.0	39.0	40.0
25-202_R1_001	3.0	107.0	1324.0	5938.0	13943.0	19683.0	25625.0	31106.0	38073.0	44180.0	52359.0	61549.0	76884.0	93508.0	120243.0	155791.0	228568.0	386153.0	734238.0	903945.0	1139671.0	1925456.0	4578275.0	25944792.0	12666420.0
	14.0	15.0	16.0	17.0	18.0	19.0	20.0	21.0	22.0	23.0	24.0	25.0	26.0	27.0	28.0	29.0	30.0	31.0	32.0	33.0	34.0	35.0	36.0	37.0	38.0	39.0	40.0
25-202_R2_001	1.0	149.0	2417.0	13795.0	36384.0	59430.0	81788.0	89493.0	95684.0	91727.0	91738.0	91027.0	98854.0	106284.0	123374.0	137962.0	169667.0	213507.0	292642.0	383990.0	530093.0	759852.0	1274187.0	2200964.0	5297809.0	26747133.0	10211096.0
	16.0	17.0	18.0	19.0	20.0	21.0	22.0	23.0	24.0	25.0	26.0	27.0	28.0	29.0	30.0	31.0	32.0	33.0	34.0	35.0	36.0	37.0	38.0	39.0	40.0
25-203_R1_001	1.0	57.0	735.0	3439.0	8532.0	13900.0	19303.0	23603.0	28658.0	33499.0	40063.0	47420.0	58265.0	69944.0	88723.0	109976.0	147620.0	198635.0	299707.0	474814.0	836081.0	1481743.0	3591074.0	19324638.0	8993313.0
	14.0	15.0	16.0	17.0	18.0	19.0	20.0	21.0	22.0	23.0	24.0	25.0	26.0	27.0	28.0	29.0	30.0	31.0	32.0	33.0	34.0	35.0	36.0	37.0	38.0	39.0	40.0
25-203_R2_001	6.0	260.0	6389.0	36882.0	70702.0	71689.0	72461.0	73852.0	79878.0	80676.0	84750.0	83875.0	91305.0	95774.0	109394.0	120800.0	142129.0	170536.0	226690.0	297442.0	419206.0	617988.0	1048804.0	1808680.0	4346352.0	19928942.0	5697294.0
	16.0	17.0	18.0	19.0	20.0	21.0	22.0	23.0	24.0	25.0	26.0	27.0	28.0	29.0	30.0	31.0	32.0	33.0	34.0	35.0	36.0	37.0	38.0	39.0	40.0
5-002_R1_001	2.0	86.0	918.0	4265.0	10334.0	16632.0	23046.0	28103.0	34712.0	40902.0	48968.0	57638.0	72011.0	87105.0	111741.0	140924.0	200333.0	300042.0	520635.0	770060.0	1027537.0	1590440.0	3929764.0	23050820.0	11571792.0
	14.0	15.0	16.0	17.0	18.0	19.0	20.0	21.0	22.0	23.0	24.0	25.0	26.0	27.0	28.0	29.0	30.0	31.0	32.0	33.0	34.0	35.0	36.0	37.0	38.0	39.0	40.0
5-002_R2_001	8.0	115.0	2143.0	12592.0	34885.0	58523.0	86426.0	102769.0	103812.0	92517.0	91390.0	88641.0	97034.0	104897.0	122540.0	139017.0	173752.0	223830.0	303979.0	388244.0	524374.0	742853.0	1237273.0	2121974.0	5023270.0	23921280.0	7812248.0
	16.0	17.0	18.0	19.0	20.0	21.0	22.0	23.0	24.0	25.0	26.0	27.0	28.0	29.0	30.0	31.0	32.0	33.0	34.0	35.0	36.0	37.0	38.0	39.0	40.0
5-003_R1_001	6.0	76.0	1005.0	4748.0	11452.0	17368.0	22703.0	27435.0	32976.0	38229.0	45697.0	54513.0	67200.0	80942.0	104147.0	132567.0	186205.0	280773.0	475392.0	693208.0	998911.0	1643865.0	4098623.0	24553865.0	13140504.0
	14.0	15.0	16.0	17.0	18.0	19.0	20.0	21.0	22.0	23.0	24.0	25.0	26.0	27.0	28.0	29.0	30.0	31.0	32.0	33.0	34.0	35.0	36.0	37.0	38.0	39.0	40.0
5-003_R2_001	6.0	115.0	1926.0	11414.0	30039.0	48920.0	67932.0	74945.0	79234.0	76639.0	78801.0	80512.0	89003.0	96352.0	112094.0	126942.0	154055.0	190572.0	256291.0	334869.0	468837.0	692949.0	1184441.0	2062447.0	4966727.0	25673835.0	9699769.0
	16.0	17.0	18.0	19.0	20.0	21.0	22.0	23.0	24.0	25.0	26.0	27.0	28.0	29.0	30.0	31.0	32.0	33.0	34.0	35.0	36.0	37.0	38.0	39.0	40.0
5-004_R1_001	5.0	99.0	1092.0	5114.0	12460.0	19703.0	26047.0	31632.0	39890.0	46241.0	55394.0	66338.0	82190.0	99845.0	128975.0	166947.0	244710.0	415196.0	765403.0	910219.0	1155887.0	1967497.0	4728388.0	27409673.0	13666774.0
	13.0	14.0	15.0	16.0	17.0	18.0	19.0	20.0	21.0	22.0	23.0	24.0	25.0	26.0	27.0	28.0	29.0	30.0	31.0	32.0	33.0	34.0	35.0	36.0	37.0	38.0	39.0	40.0
5-004_R2_001	1.0	2.0	145.0	2408.0	13884.0	36598.0	58594.0	79727.0	89117.0	96641.0	96292.0	96773.0	97169.0	105846.0	114491.0	133080.0	148726.0	179412.0	224339.0	306354.0	404335.0	565236.0	815174.0	1362057.0	2348324.0	5652676.0	28504675.0	10452805.0
	16.0	17.0	18.0	19.0	20.0	21.0	22.0	23.0	24.0	25.0	26.0	27.0	28.0	29.0	30.0	31.0	32.0	33.0	34.0	35.0	36.0	37.0	38.0	39.0	40.0
5-005_R1_001	2.0	73.0	926.0	3977.0	10368.0	16638.0	22743.0	27473.0	33536.0	38371.0	45803.0	53984.0	66252.0	80096.0	101970.0	129459.0	179264.0	260709.0	427237.0	636391.0	950216.0	1576381.0	3938822.0	23520337.0	12241595.0
	14.0	15.0	16.0	17.0	18.0	19.0	20.0	21.0	22.0	23.0	24.0	25.0	26.0	27.0	28.0	29.0	30.0	31.0	32.0	33.0	34.0	35.0	36.0	37.0	38.0	39.0	40.0
5-005_R2_001	4.0	119.0	2036.0	12009.0	31319.0	49473.0	66050.0	75049.0	81658.0	80110.0	81728.0	82603.0	91831.0	100277.0	116688.0	131776.0	160330.0	198294.0	266588.0	352735.0	499772.0	737952.0	1259450.0	2180585.0	5139377.0	24382469.0	8147558.0
	16.0	17.0	18.0	19.0	20.0	21.0	22.0	23.0	24.0	25.0	26.0	27.0	28.0	29.0	30.0	31.0	32.0	33.0	34.0	35.0	36.0	37.0	38.0	39.0	40.0
5-006_R1_001	2.0	87.0	889.0	4101.0	9453.0	14384.0	18607.0	22150.0	27302.0	31797.0	38474.0	45056.0	56330.0	68294.0	89068.0	114798.0	173319.0	305566.0	496448.0	543365.0	732147.0	1265468.0	3136129.0	18085186.0	8361031.0
	14.0	15.0	16.0	17.0	18.0	19.0	20.0	21.0	22.0	23.0	24.0	25.0	26.0	27.0	28.0	29.0	30.0	31.0	32.0	33.0	34.0	35.0	36.0	37.0	38.0	39.0	40.0
5-006_R2_001	2.0	95.0	1796.0	10304.0	26313.0	41517.0	56439.0	62023.0	65358.0	64657.0	66784.0	67518.0	73247.0	79356.0	92133.0	102532.0	124244.0	154831.0	207553.0	273529.0	384372.0	563138.0	952472.0	1655164.0	3995258.0	18727138.0	5669442.0
	16.0	17.0	18.0	19.0	20.0	21.0	22.0	23.0	24.0	25.0	26.0	27.0	28.0	29.0	30.0	31.0	32.0	33.0	34.0	35.0	36.0	37.0	38.0	39.0	40.0
5-007_R1_001	3.0	64.0	793.0	3688.0	9800.0	15804.0	20806.0	23595.0	27447.0	30768.0	36105.0	42241.0	52235.0	63326.0	81126.0	102710.0	141713.0	202118.0	323037.0	495006.0	774031.0	1247083.0	2945904.0	16099045.0	7623603.0
	14.0	15.0	16.0	17.0	18.0	19.0	20.0	21.0	22.0	23.0	24.0	25.0	26.0	27.0	28.0	29.0	30.0	31.0	32.0	33.0	34.0	35.0	36.0	37.0	38.0	39.0	40.0
5-007_R2_001	3.0	103.0	1845.0	10390.0	25949.0	38920.0	50536.0	56688.0	61123.0	60973.0	63422.0	64439.0	69918.0	74927.0	86443.0	96827.0	117316.0	142744.0	191997.0	253571.0	360145.0	536776.0	917317.0	1588073.0	3774944.0	16713114.0	4732690.0
	16.0	17.0	18.0	19.0	20.0	21.0	22.0	23.0	24.0	25.0	26.0	27.0	28.0	29.0	30.0	31.0	32.0	33.0	34.0	35.0	36.0	37.0	38.0	39.0	40.0
5-008_R1_001	1.0	79.0	1018.0	4895.0	12570.0	20551.0	28135.0	33438.0	39996.0	45367.0	54169.0	63588.0	78553.0	94278.0	120202.0	152191.0	211085.0	304650.0	503710.0	759168.0	1120478.0	1845681.0	4632890.0	27134097.0	13369410.0
	14.0	15.0	16.0	17.0	18.0	19.0	20.0	21.0	22.0	23.0	24.0	25.0	26.0	27.0	28.0	29.0	30.0	31.0	32.0	33.0	34.0	35.0	36.0	37.0	38.0	39.0	40.0
5-008_R2_001	4.0	140.0	2358.0	13829.0	37432.0	60895.0	87978.0	106280.0	109736.0	105179.0	106278.0	103902.0	113973.0	124437.0	146979.0	167347.0	207175.0	259449.0	341415.0	434887.0	600024.0	874537.0	1486546.0	2559034.0	6034063.0	27873520.0	8634492.0
	16.0	17.0	18.0	19.0	20.0	21.0	22.0	23.0	24.0	25.0	26.0	27.0	28.0	29.0	30.0	31.0	32.0	33.0	34.0	35.0	36.0	37.0	38.0	39.0	40.0
5-009_R1_001	1.0	60.0	816.0	3716.0	9120.0	14562.0	19439.0	22946.0	28278.0	31681.0	37617.0	43834.0	54150.0	65378.0	84181.0	107492.0	152084.0	238260.0	409861.0	527038.0	753277.0	1310840.0	3228761.0	17651488.0	8016191.0
	14.0	15.0	16.0	17.0	18.0	19.0	20.0	21.0	22.0	23.0	24.0	25.0	26.0	27.0	28.0	29.0	30.0	31.0	32.0	33.0	34.0	35.0	36.0	37.0	38.0	39.0	40.0
5-009_R2_001	6.0	102.0	1613.0	9171.0	24119.0	39928.0	57449.0	70297.0	73518.0	71298.0	72857.0	71299.0	78143.0	85133.0	99338.0	113515.0	140724.0	174234.0	230491.0	292584.0	402458.0	588130.0	997857.0	1715696.0	4029869.0	17799541.0	5525711.0
	17.0	18.0	19.0	20.0	21.0	22.0	23.0	24.0	25.0	26.0	27.0	28.0	29.0	30.0	31.0	32.0	33.0	34.0	35.0	36.0	37.0	38.0	39.0	40.0
5-010_R1_001	38.0	731.0	3249.0	8197.0	13229.0	18787.0	22828.0	28846.0	34201.0	41109.0	49053.0	61454.0	75643.0	98471.0	128075.0	191867.0	319192.0	531430.0	635322.0	798080.0	1306497.0	3267188.0	18450274.0	8411436.0
	13.0	14.0	15.0	16.0	17.0	18.0	19.0	20.0	21.0	22.0	23.0	24.0	25.0	26.0	27.0	28.0	29.0	30.0	31.0	32.0	33.0	34.0	35.0	36.0	37.0	38.0	39.0	40.0
5-010_R2_001	1.0	2.0	99.0	1407.0	8415.0	24656.0	44732.0	65508.0	73605.0	76028.0	71900.0	70115.0	67625.0	72852.0	78668.0	91311.0	103400.0	124941.0	158550.0	218662.0	286619.0	396593.0	561446.0	931380.0	1602199.0	3838281.0	18927360.0	6567451.0
	17.0	18.0	19.0	20.0	21.0	22.0	23.0	24.0	25.0	26.0	27.0	28.0	29.0	30.0	31.0	32.0	33.0	34.0	35.0	36.0	37.0	38.0	39.0	40.0
5-012_R1_001	78.0	914.0	4205.0	10450.0	17598.0	24546.0	29361.0	35705.0	40958.0	49023.0	57026.0	70600.0	84559.0	108201.0	136081.0	185275.0	254812.0	390688.0	621718.0	1072427.0	1817430.0	4358228.0	23315449.0	10447192.0
	14.0	15.0	16.0	17.0	18.0	19.0	20.0	21.0	22.0	23.0	24.0	25.0	26.0	27.0	28.0	29.0	30.0	31.0	32.0	33.0	34.0	35.0	36.0	37.0	38.0	39.0	40.0
5-012_R2_001	4.0	149.0	2178.0	12318.0	34251.0	57146.0	78488.0	88214.0	93604.0	91285.0	93768.0	94732.0	105842.0	115988.0	135465.0	153085.0	187180.0	230877.0	310642.0	403159.0	564071.0	826113.0	1397606.0	2385191.0	5490273.0	23278724.0	6869679.0
	16.0	17.0	18.0	19.0	20.0	21.0	22.0	23.0	24.0	25.0	26.0	27.0	28.0	29.0	30.0	31.0	32.0	33.0	34.0	35.0	36.0	37.0	38.0	39.0	40.0
5-014_R1_001	4.0	52.0	769.0	3903.0	10270.0	17323.0	23659.0	29397.0	36652.0	42827.0	51424.0	60816.0	76292.0	93137.0	118872.0	152380.0	213998.0	319414.0	566267.0	926481.0	1337859.0	1991906.0	4693526.0	25171723.0	13226293.0
	14.0	15.0	16.0	17.0	18.0	19.0	20.0	21.0	22.0	23.0	24.0	25.0	26.0	27.0	28.0	29.0	30.0	31.0	32.0	33.0	34.0	35.0	36.0	37.0	38.0	39.0	40.0
5-014_R2_001	6.0	141.0	2436.0	15002.0	38583.0	61050.0	83117.0	92507.0	101692.0	98590.0	95629.0	92544.0	100340.0	107730.0	123437.0	139085.0	167469.0	210241.0	287479.0	381796.0	535681.0	767354.0	1276089.0	2178420.0	5179956.0	26479592.0	10502396.0
	16.0	17.0	18.0	19.0	20.0	21.0	22.0	23.0	24.0	25.0	26.0	27.0	28.0	29.0	30.0	31.0	32.0	33.0	34.0	35.0	36.0	37.0	38.0	39.0	40.0
5-015_R1_001	1.0	43.0	594.0	2764.0	7328.0	12482.0	17775.0	21661.0	27290.0	31292.0	37423.0	44494.0	55469.0	68317.0	89218.0	116861.0	175064.0	287491.0	467926.0	572945.0	779352.0	1316370.0	3294881.0	18311086.0	8367574.0
	14.0	15.0	16.0	17.0	18.0	19.0	20.0	21.0	22.0	23.0	24.0	25.0	26.0	27.0	28.0	29.0	30.0	31.0	32.0	33.0	34.0	35.0	36.0	37.0	38.0	39.0	40.0
5-015_R2_001	2.0	146.0	1560.0	8508.0	23715.0	40879.0	56026.0	61498.0	67111.0	66203.0	66377.0	64758.0	70525.0	76602.0	89203.0	101107.0	122755.0	154158.0	211165.0	281542.0	398149.0	577729.0	966470.0	1648036.0	3866049.0	18602694.0	6438023.0
	16.0	17.0	18.0	19.0	20.0	21.0	22.0	23.0	24.0	25.0	26.0	27.0	28.0	29.0	30.0	31.0	32.0	33.0	34.0	35.0	36.0	37.0	38.0	39.0	40.0
5-061_R1_001	4.0	70.0	811.0	3691.0	9287.0	14370.0	19488.0	23020.0	27813.0	31614.0	37944.0	44396.0	55153.0	66937.0	85620.0	109906.0	154400.0	230171.0	389670.0	586642.0	840304.0	1354794.0	3391718.0	19787669.0	9671793.0
	14.0	15.0	16.0	17.0	18.0	19.0	20.0	21.0	22.0	23.0	24.0	25.0	26.0	27.0	28.0	29.0	30.0	31.0	32.0	33.0	34.0	35.0	36.0	37.0	38.0	39.0	40.0
5-061_R2_001	3.0	125.0	1826.0	10901.0	28811.0	47031.0	64490.0	71351.0	75487.0	71739.0	72361.0	72664.0	78500.0	85806.0	100590.0	114964.0	141201.0	177717.0	243648.0	317962.0	446385.0	652419.0	1106034.0	1897832.0	4445188.0	20285888.0	6297268.0
	15.0	16.0	17.0	18.0	19.0	20.0	21.0	22.0	23.0	24.0	25.0	26.0	27.0	28.0	29.0	30.0	31.0	32.0	33.0	34.0	35.0	36.0	37.0	38.0	39.0	40.0
5-063_R1_001	1.0	3.0	80.0	1196.0	6109.0	17825.0	31585.0	41317.0	42930.0	44868.0	46414.0	50944.0	57063.0	68662.0	82106.0	104598.0	130753.0	177846.0	242920.0	372912.0	591652.0	1017302.0	1739371.0	4245574.0	23171040.0	10392419.0
	14.0	15.0	16.0	17.0	18.0	19.0	20.0	21.0	22.0	23.0	24.0	25.0	26.0	27.0	28.0	29.0	30.0	31.0	32.0	33.0	34.0	35.0	36.0	37.0	38.0	39.0	40.0
5-063_R2_001	2.0	137.0	2548.0	14085.0	35751.0	55516.0	77520.0	89884.0	92762.0	89833.0	92663.0	93415.0	102323.0	112046.0	131456.0	147991.0	180862.0	224586.0	293882.0	376867.0	522318.0	767911.0	1317941.0	2294388.0	5463624.0	23645171.0	6373376.0
	16.0	17.0	18.0	19.0	20.0	21.0	22.0	23.0	24.0	25.0	26.0	27.0	28.0	29.0	30.0	31.0	32.0	33.0	34.0	35.0	36.0	37.0	38.0	39.0	40.0
5-066_R1_001	4.0	143.0	1412.0	5096.0	12711.0	22932.0	39921.0	62725.0	92560.0	111689.0	131750.0	156603.0	207015.0	273132.0	402313.0	618637.0	1217264.0	3038330.0	5984471.0	3782151.0	1033206.0	867630.0	1745498.0	8634936.0	3686509.0
	14.0	15.0	16.0	17.0	18.0	19.0	20.0	21.0	22.0	23.0	24.0	25.0	26.0	27.0	28.0	29.0	30.0	31.0	32.0	33.0	34.0	35.0	36.0	37.0	38.0	39.0	40.0
5-066_R2_001	4.0	376.0	9111.0	58336.0	176935.0	334026.0	522358.0	590583.0	587667.0	483847.0	349821.0	222727.0	168242.0	136958.0	133424.0	140713.0	215612.0	429391.0	834375.0	1204232.0	1526849.0	1586462.0	1648731.0	1799474.0	2957328.0	10506251.0	5071279.0
	16.0	17.0	18.0	19.0	20.0	21.0	22.0	23.0	24.0	25.0	26.0	27.0	28.0	29.0	30.0	31.0	32.0	33.0	34.0	35.0	36.0	37.0	38.0	39.0	40.0
5-067_R1_001	2.0	76.0	909.0	4179.0	10446.0	17165.0	23451.0	29075.0	36196.0	42558.0	51816.0	61154.0	76765.0	94227.0	121121.0	158031.0	235706.0	405523.0	633157.0	703432.0	1002199.0	1749740.0	4313354.0	24204431.0	11084847.0
	14.0	15.0	16.0	17.0	18.0	19.0	20.0	21.0	22.0	23.0	24.0	25.0	26.0	27.0	28.0	29.0	30.0	31.0	32.0	33.0	34.0	35.0	36.0	37.0	38.0	39.0	40.0
5-067_R2_001	6.0	123.0	2108.0	12777.0	32169.0	49480.0	64953.0	72367.0	79055.0	80779.0	85927.0	88968.0	99627.0	107821.0	125156.0	141331.0	169442.0	207851.0	276870.0	364943.0	519370.0	767725.0	1314069.0	2290977.0	5499716.0	25006701.0	7384772.0
	16.0	17.0	18.0	19.0	20.0	21.0	22.0	23.0	24.0	25.0	26.0	27.0	28.0	29.0	30.0	31.0	32.0	33.0	34.0	35.0	36.0	37.0	38.0	39.0	40.0
5-069_R1_001	1.0	65.0	697.0	3212.0	8308.0	14484.0	20579.0	25307.0	31296.0	36089.0	43153.0	51417.0	64256.0	78189.0	101319.0	129083.0	179111.0	252551.0	397200.0	631333.0	1078596.0	1746995.0	4020383.0	20296228.0	8444586.0
	14.0	15.0	16.0	17.0	18.0	19.0	20.0	21.0	22.0	23.0	24.0	25.0	26.0	27.0	28.0	29.0	30.0	31.0	32.0	33.0	34.0	35.0	36.0	37.0	38.0	39.0	40.0
5-069_R2_001	4.0	166.0	2340.0	13370.0	39003.0	67118.0	96885.0	116228.0	118277.0	105990.0	102131.0	97466.0	104527.0	113741.0	131614.0	150348.0	187395.0	240374.0	327954.0	419756.0	571521.0	808933.0	1341504.0	2250558.0	5073083.0	19807114.0	5342495.0
	16.0	17.0	18.0	19.0	20.0	21.0	22.0	23.0	24.0	25.0	26.0	27.0	28.0	29.0	30.0	31.0	32.0	33.0	34.0	35.0	36.0	37.0	38.0	39.0	40.0
5-071_R1_001	1.0	84.0	1114.0	5501.0	13927.0	22792.0	30285.0	34649.0	39401.0	42711.0	49259.0	56991.0	70147.0	84178.0	107064.0	134660.0	183090.0	249821.0	384569.0	606653.0	1044560.0	1776769.0	4299919.0	23127376.0	10323557.0
	14.0	15.0	16.0	17.0	18.0	19.0	20.0	21.0	22.0	23.0	24.0	25.0	26.0	27.0	28.0	29.0	30.0	31.0	32.0	33.0	34.0	35.0	36.0	37.0	38.0	39.0	40.0
5-071_R2_001	1.0	177.0	2759.0	15285.0	38080.0	58766.0	77343.0	85313.0	89942.0	89340.0	93365.0	95265.0	104889.0	114932.0	133426.0	151547.0	184433.0	226752.0	302782.0	393583.0	555591.0	825593.0	1408026.0	2419069.0	5652956.0	23514812.0	5986389.0
	16.0	17.0	18.0	19.0	20.0	21.0	22.0	23.0	24.0	25.0	26.0	27.0	28.0	29.0	30.0	31.0	32.0	33.0	34.0	35.0	36.0	37.0	38.0	39.0	40.0
5-073_R1_001	1.0	84.0	930.0	3954.0	9618.0	15774.0	22963.0	30582.0	41558.0	53086.0	69544.0	86712.0	115445.0	151987.0	225832.0	366037.0	917286.0	1899221.0	1114543.0	526958.0	697468.0	1186334.0	2680215.0	16264267.0	8548910.0
	14.0	15.0	16.0	17.0	18.0	19.0	20.0	21.0	22.0	23.0	24.0	25.0	26.0	27.0	28.0	29.0	30.0	31.0	32.0	33.0	34.0	35.0	36.0	37.0	38.0	39.0	40.0
5-073_R2_001	2.0	127.0	2721.0	17008.0	44683.0	71225.0	92991.0	100611.0	105130.0	101693.0	101776.0	92426.0	92074.0	88996.0	94836.0	101536.0	119005.0	142123.0	194523.0	263352.0	380506.0	559424.0	933727.0	1559793.0	3625867.0	17200066.0	6315502.0
	16.0	17.0	18.0	19.0	20.0	21.0	22.0	23.0	24.0	25.0	26.0	27.0	28.0	29.0	30.0	31.0	32.0	33.0	34.0	35.0	36.0	37.0	38.0	39.0	40.0
5-074_R1_001	2.0	69.0	828.0	3825.0	9338.0	15211.0	21538.0	26843.0	33786.0	39464.0	47242.0	55452.0	69907.0	85663.0	111238.0	146339.0	221499.0	368996.0	604546.0	711910.0	908213.0	1503276.0	3691866.0	19490530.0	8596435.0
	14.0	15.0	16.0	17.0	18.0	19.0	20.0	21.0	22.0	23.0	24.0	25.0	26.0	27.0	28.0	29.0	30.0	31.0	32.0	33.0	34.0	35.0	36.0	37.0	38.0	39.0	40.0
5-074_R2_001	5.0	170.0	2041.0	11069.0	31626.0	53561.0	71497.0	77343.0	83404.0	82810.0	82649.0	81243.0	87373.0	94746.0	109016.0	122051.0	147912.0	183393.0	252685.0	339173.0	475600.0	681931.0	1121886.0	1882327.0	4331619.0	19661950.0	6643349.0
	16.0	17.0	18.0	19.0	20.0	21.0	22.0	23.0	24.0	25.0	26.0	27.0	28.0	29.0	30.0	31.0	32.0	33.0	34.0	35.0	36.0	37.0	38.0	39.0	40.0
5-075_R1_001	3.0	49.0	521.0	2425.0	6092.0	10229.0	14586.0	17984.0	22397.0	26123.0	31643.0	37627.0	46316.0	56880.0	74573.0	97958.0	146477.0	243368.0	406095.0	491073.0	634514.0	1054285.0	2658023.0	14981230.0	6846455.0
	13.0	14.0	15.0	16.0	17.0	18.0	19.0	20.0	21.0	22.0	23.0	24.0	25.0	26.0	27.0	28.0	29.0	30.0	31.0	32.0	33.0	34.0	35.0	36.0	37.0	38.0	39.0	40.0
5-075_R2_001	1.0	2.0	83.0	1137.0	6918.0	19626.0	36155.0	56492.0	73257.0	76103.0	69632.0	63202.0	55687.0	58679.0	63187.0	74414.0	84945.0	106996.0	138237.0	187397.0	238388.0	321494.0	452921.0	750086.0	1283762.0	3042623.0	15147709.0	5467644.0
	16.0	17.0	18.0	19.0	20.0	21.0	22.0	23.0	24.0	25.0	26.0	27.0	28.0	29.0	30.0	31.0	32.0	33.0	34.0	35.0	36.0	37.0	38.0	39.0	40.0
5-121_R1_001	4.0	84.0	984.0	4286.0	9860.0	15327.0	21338.0	25753.0	31685.0	36773.0	44198.0	51719.0	64678.0	77342.0	98458.0	123057.0	167799.0	228023.0	351265.0	551280.0	954514.0	1609823.0	3875690.0	21277046.0	10019453.0
	14.0	15.0	16.0	17.0	18.0	19.0	20.0	21.0	22.0	23.0	24.0	25.0	26.0	27.0	28.0	29.0	30.0	31.0	32.0	33.0	34.0	35.0	36.0	37.0	38.0	39.0	40.0
5-121_R2_001	6.0	118.0	1777.0	10318.0	28913.0	47198.0	62921.0	69103.0	75163.0	74974.0	78004.0	80148.0	89449.0	97285.0	113923.0	127477.0	154849.0	189300.0	253596.0	332923.0	471426.0	696686.0	1187928.0	2039798.0	4792827.0	21681404.0	6861727.0
	16.0	17.0	18.0	19.0	20.0	21.0	22.0	23.0	24.0	25.0	26.0	27.0	28.0	29.0	30.0	31.0	32.0	33.0	34.0	35.0	36.0	37.0	38.0	39.0	40.0
5-122_R1_001	2.0	69.0	659.0	2576.0	6260.0	10002.0	14014.0	16795.0	20845.0	23755.0	28279.0	32568.0	39976.0	48383.0	61824.0	78463.0	110540.0	167954.0	282965.0	369957.0	546532.0	959472.0	2361760.0	12638149.0	5666788.0
	15.0	16.0	17.0	18.0	19.0	20.0	21.0	22.0	23.0	24.0	25.0	26.0	27.0	28.0	29.0	30.0	31.0	32.0	33.0	34.0	35.0	36.0	37.0	38.0	39.0	40.0
5-122_R2_001	64.0	1083.0	6533.0	17664.0	28613.0	37821.0	42973.0	47930.0	47682.0	50399.0	51548.0	57111.0	62777.0	72495.0	82584.0	100711.0	123919.0	166741.0	217902.0	306518.0	452023.0	764858.0	1307894.0	3019835.0	12699290.0	3704274.0
	16.0	17.0	18.0	19.0	20.0	21.0	22.0	23.0	24.0	25.0	26.0	27.0	28.0	29.0	30.0	31.0	32.0	33.0	34.0	35.0	36.0	37.0	38.0	39.0	40.0
5-123_R1_001	1.0	77.0	1066.0	4757.0	11307.0	17060.0	22629.0	27431.0	33310.0	38648.0	46617.0	55151.0	68254.0	81891.0	106336.0	134797.0	189354.0	277866.0	469290.0	697688.0	996301.0	1618909.0	4049273.0	23852150.0	12042063.0
	14.0	15.0	16.0	17.0	18.0	19.0	20.0	21.0	22.0	23.0	24.0	25.0	26.0	27.0	28.0	29.0	30.0	31.0	32.0	33.0	34.0	35.0	36.0	37.0	38.0	39.0	40.0
5-123_R2_001	6.0	125.0	2180.0	12793.0	33918.0	54499.0	71702.0	78495.0	85075.0	83394.0	86017.0	85989.0	95865.0	102968.0	120156.0	136651.0	164704.0	204505.0	276757.0	367152.0	519504.0	760367.0	1289947.0	2212386.0	5249985.0	24815508.0	7899370.0
	16.0	17.0	18.0	19.0	20.0	21.0	22.0	23.0	24.0	25.0	26.0	27.0	28.0	29.0	30.0	31.0	32.0	33.0	34.0	35.0	36.0	37.0	38.0	39.0	40.0
5-124_R1_001	2.0	59.0	807.0	3756.0	10680.0	18301.0	26000.0	31758.0	38886.0	44556.0	53800.0	62826.0	78946.0	95603.0	123637.0	158499.0	225332.0	339433.0	621763.0	1025227.0	1457233.0	2219807.0	5166796.0	27136966.0	13785672.0
	14.0	15.0	16.0	17.0	18.0	19.0	20.0	21.0	22.0	23.0	24.0	25.0	26.0	27.0	28.0	29.0	30.0	31.0	32.0	33.0	34.0	35.0	36.0	37.0	38.0	39.0	40.0
5-124_R2_001	4.0	191.0	2810.0	16320.0	41619.0	63287.0	81575.0	90028.0	97399.0	97571.0	103821.0	106733.0	117711.0	127694.0	147544.0	166414.0	199017.0	240644.0	315903.0	414650.0	594436.0	893005.0	1533694.0	2635461.0	6199857.0	28525059.0	9872157.0
	16.0	17.0	18.0	19.0	20.0	21.0	22.0	23.0	24.0	25.0	26.0	27.0	28.0	29.0	30.0	31.0	32.0	33.0	34.0	35.0	36.0	37.0	38.0	39.0	40.0
5-125_R1_001	3.0	62.0	745.0	3706.0	9429.0	15703.0	21979.0	27239.0	33275.0	37564.0	44673.0	51602.0	64690.0	79592.0	105366.0	138824.0	214668.0	371189.0	634320.0	754123.0	933991.0	1503567.0	3700606.0	20544839.0	9324447.0
	14.0	15.0	16.0	17.0	18.0	19.0	20.0	21.0	22.0	23.0	24.0	25.0	26.0	27.0	28.0	29.0	30.0	31.0	32.0	33.0	34.0	35.0	36.0	37.0	38.0	39.0	40.0
5-125_R2_001	4.0	124.0	1903.0	10288.0	28336.0	49879.0	71409.0	78891.0	84123.0	81364.0	78194.0	72226.0	74833.0	78458.0	90483.0	102577.0	126267.0	160659.0	227711.0	304990.0	425200.0	603307.0	990404.0	1683977.0	3932779.0	20500627.0	8708466.0
	16.0	17.0	18.0	19.0	20.0	21.0	22.0	23.0	24.0	25.0	26.0	27.0	28.0	29.0	30.0	31.0	32.0	33.0	34.0	35.0	36.0	37.0	38.0	39.0	40.0
5-126_R1_001	5.0	82.0	953.0	4553.0	12508.0	21071.0	29382.0	34862.0	43366.0	48074.0	57447.0	66887.0	85753.0	108966.0	152244.0	221967.0	436488.0	1025588.0	1237555.0	726803.0	941476.0	1616891.0	3692271.0	22302935.0	10851294.0
	14.0	15.0	16.0	17.0	18.0	19.0	20.0	21.0	22.0	23.0	24.0	25.0	26.0	27.0	28.0	29.0	30.0	31.0	32.0	33.0	34.0	35.0	36.0	37.0	38.0	39.0	40.0
5-126_R2_001	5.0	188.0	3156.0	19188.0	50671.0	83007.0	112014.0	120146.0	129420.0	120710.0	111815.0	100380.0	101025.0	104523.0	118212.0	131731.0	161267.0	212500.0	310497.0	418944.0	571795.0	783583.0	1248562.0	2075143.0	4832899.0	23099110.0	8389257.0
	16.0	17.0	18.0	19.0	20.0	21.0	22.0	23.0	24.0	25.0	26.0	27.0	28.0	29.0	30.0	31.0	32.0	33.0	34.0	35.0	36.0	37.0	38.0	39.0	40.0
5-127_R1_001	1.0	95.0	881.0	3773.0	9691.0	17612.0	29020.0	43520.0	62765.0	75808.0	90076.0	107039.0	141256.0	185349.0	268243.0	403549.0	781168.0	1915640.0	3629401.0	2305099.0	941614.0	1121284.0	2447430.0	13134729.0	5933716.0
	14.0	15.0	16.0	17.0	18.0	19.0	20.0	21.0	22.0	23.0	24.0	25.0	26.0	27.0	28.0	29.0	30.0	31.0	32.0	33.0	34.0	35.0	36.0	37.0	38.0	39.0	40.0
5-127_R2_001	7.0	245.0	6060.0	37363.0	107442.0	190569.0	273985.0	302375.0	328503.0	295061.0	228553.0	161689.0	133358.0	115518.0	115188.0	120036.0	158774.0	270291.0	515007.0	775491.0	1043852.0	1198930.0	1414971.0	1779057.0	3409476.0	14317370.0	5984222.0
	16.0	17.0	18.0	19.0	20.0	21.0	22.0	23.0	24.0	25.0	26.0	27.0	28.0	29.0	30.0	31.0	32.0	33.0	34.0	35.0	36.0	37.0	38.0	39.0	40.0
5-128_R1_001	2.0	68.0	885.0	4369.0	10192.0	15880.0	21371.0	25227.0	30996.0	35614.0	43072.0	51145.0	63197.0	76695.0	96348.0	121446.0	165127.0	222050.0	334968.0	537275.0	955752.0	1704134.0	4170982.0	22049016.0	10113798.0
	13.0	14.0	15.0	16.0	17.0	18.0	19.0	20.0	21.0	22.0	23.0	24.0	25.0	26.0	27.0	28.0	29.0	30.0	31.0	32.0	33.0	34.0	35.0	36.0	37.0	38.0	39.0	40.0
5-128_R2_001	1.0	6.0	342.0	7646.0	43037.0	82607.0	84380.0	90950.0	95438.0	98154.0	94036.0	97302.0	96356.0	103977.0	109385.0	125941.0	140083.0	168718.0	205961.0	274370.0	353613.0	491366.0	713870.0	1205953.0	2075812.0	4954772.0	22522952.0	6517194.0
	16.0	17.0	18.0	19.0	20.0	21.0	22.0	23.0	24.0	25.0	26.0	27.0	28.0	29.0	30.0	31.0	32.0	33.0	34.0	35.0	36.0	37.0	38.0	39.0	40.0
5-130_R1_001	2.0	85.0	1018.0	4599.0	11470.0	17888.0	24454.0	29689.0	36138.0	41680.0	50272.0	59035.0	73513.0	87680.0	113555.0	142650.0	197289.0	276059.0	433053.0	681531.0	1139326.0	1873427.0	4469350.0	25190333.0	12285931.0
	14.0	15.0	16.0	17.0	18.0	19.0	20.0	21.0	22.0	23.0	24.0	25.0	26.0	27.0	28.0	29.0	30.0	31.0	32.0	33.0	34.0	35.0	36.0	37.0	38.0	39.0	40.0
5-130_R2_001	2.0	147.0	2125.0	12386.0	33625.0	55745.0	75500.0	85353.0	92641.0	91633.0	92714.0	93594.0	102498.0	111352.0	129585.0	146743.0	178929.0	221075.0	301034.0	397875.0	561973.0	824537.0	1388670.0	2365865.0	5518837.0	25749080.0	8484153.0
	16.0	17.0	18.0	19.0	20.0	21.0	22.0	23.0	24.0	25.0	26.0	27.0	28.0	29.0	30.0	31.0	32.0	33.0	34.0	35.0	36.0	37.0	38.0	39.0	40.0
5-131_R1_001	3.0	84.0	997.0	4828.0	11580.0	17575.0	23197.0	28316.0	34884.0	40474.0	48487.0	56964.0	71172.0	87696.0	112691.0	144940.0	208557.0	325277.0	568862.0	809048.0	1122726.0	1824126.0	4504015.0	26788482.0	14970668.0
	14.0	15.0	16.0	17.0	18.0	19.0	20.0	21.0	22.0	23.0	24.0	25.0	26.0	27.0	28.0	29.0	30.0	31.0	32.0	33.0	34.0	35.0	36.0	37.0	38.0	39.0	40.0
5-131_R2_001	5.0	121.0	2092.0	12090.0	31162.0	49344.0	66601.0	74121.0	80231.0	79652.0	80947.0	80735.0	88839.0	95987.0	111262.0	126740.0	153529.0	190855.0	259598.0	345490.0	492901.0	725994.0	1238042.0	2147989.0	5197790.0	28215817.0	11792717.0
	16.0	17.0	18.0	19.0	20.0	21.0	22.0	23.0	24.0	25.0	26.0	27.0	28.0	29.0	30.0	31.0	32.0	33.0	34.0	35.0	36.0	37.0	38.0	39.0	40.0
5-133_R1_001	1.0	50.0	576.0	2589.0	6780.0	11227.0	15697.0	19845.0	24601.0	28938.0	34845.0	40995.0	51636.0	63221.0	82753.0	107911.0	160402.0	262747.0	430136.0	528369.0	718634.0	1206360.0	2986793.0	16561612.0	7711692.0
	13.0	14.0	15.0	16.0	17.0	18.0	19.0	20.0	21.0	22.0	23.0	24.0	25.0	26.0	27.0	28.0	29.0	30.0	31.0	32.0	33.0	34.0	35.0	36.0	37.0	38.0	39.0	40.0
5-133_R2_001	1.0	2.0	107.0	1501.0	8231.0	22313.0	36743.0	48346.0	52099.0	55123.0	54497.0	58433.0	60989.0	67634.0	73901.0	85437.0	95420.0	113800.0	135790.0	180076.0	237020.0	338966.0	507983.0	868094.0	1489680.0	3521599.0	16907346.0	6006355.0
	17.0	18.0	19.0	20.0	21.0	22.0	23.0	24.0	25.0	26.0	27.0	28.0	29.0	30.0	31.0	32.0	33.0	34.0	35.0	36.0	37.0	38.0	39.0	40.0
5-135_R1_001	26.0	391.0	1860.0	4578.0	7262.0	9841.0	11885.0	14670.0	17095.0	20554.0	23738.0	29771.0	36969.0	47992.0	63585.0	98170.0	180569.0	283639.0	297206.0	404221.0	695298.0	1695920.0	9610020.0	4525573.0
	14.0	15.0	16.0	17.0	18.0	19.0	20.0	21.0	22.0	23.0	24.0	25.0	26.0	27.0	28.0	29.0	30.0	31.0	32.0	33.0	34.0	35.0	36.0	37.0	38.0	39.0	40.0
5-135_R2_001	5.0	55.0	960.0	5638.0	13904.0	21483.0	28443.0	31298.0	33819.0	34008.0	35172.0	35593.0	38337.0	41406.0	47389.0	53517.0	63930.0	79370.0	107996.0	143462.0	203719.0	299380.0	506967.0	878096.0	2110038.0	9990765.0	3186695.0
	16.0	17.0	18.0	19.0	20.0	21.0	22.0	23.0	24.0	25.0	26.0	27.0	28.0	29.0	30.0	31.0	32.0	33.0	34.0	35.0	36.0	37.0	38.0	39.0	40.0
5-181_R1_001	1.0	126.0	1318.0	6153.0	14687.0	21819.0	28602.0	33935.0	42028.0	48122.0	58021.0	68423.0	84771.0	103381.0	132291.0	169024.0	239412.0	358667.0	593017.0	838384.0	1230008.0	2065434.0	5178067.0	31584371.0	17066685.0
	14.0	15.0	16.0	17.0	18.0	19.0	20.0	21.0	22.0	23.0	24.0	25.0	26.0	27.0	28.0	29.0	30.0	31.0	32.0	33.0	34.0	35.0	36.0	37.0	38.0	39.0	40.0
5-181_R2_001	5.0	142.0	2457.0	14475.0	38902.0	63126.0	83230.0	91073.0	99232.0	98124.0	102122.0	103342.0	114090.0	124816.0	144866.0	164047.0	198558.0	242504.0	327887.0	432057.0	614903.0	915277.0	1573963.0	2729426.0	6527441.0	32933334.0	12139802.0
	17.0	18.0	19.0	20.0	21.0	22.0	23.0	24.0	25.0	26.0	27.0	28.0	29.0	30.0	31.0	32.0	33.0	34.0	35.0	36.0	37.0	38.0	39.0	40.0
5-182_R1_001	81.0	1038.0	6337.0	18816.0	33217.0	42527.0	43172.0	44322.0	44104.0	47836.0	52656.0	62967.0	74401.0	94136.0	117840.0	160986.0	221961.0	337995.0	527210.0	876860.0	1466627.0	3512123.0	19138657.0	8358734.0
	14.0	15.0	16.0	17.0	18.0	19.0	20.0	21.0	22.0	23.0	24.0	25.0	26.0	27.0	28.0	29.0	30.0	31.0	32.0	33.0	34.0	35.0	36.0	37.0	38.0	39.0	40.0
5-182_R2_001	4.0	128.0	2147.0	12583.0	31657.0	49854.0	66857.0	73549.0	77968.0	77874.0	80819.0	81764.0	88549.0	95808.0	110510.0	124326.0	149697.0	183188.0	241976.0	315706.0	445194.0	654570.0	1121581.0	1942024.0	4582111.0	19498745.0	5044290.0
	16.0	17.0	18.0	19.0	20.0	21.0	22.0	23.0	24.0	25.0	26.0	27.0	28.0	29.0	30.0	31.0	32.0	33.0	34.0	35.0	36.0	37.0	38.0	39.0	40.0
5-187_R1_001	3.0	105.0	1215.0	5729.0	14954.0	24843.0	33817.0	42319.0	52271.0	61087.0	74090.0	87010.0	108893.0	132477.0	170205.0	218594.0	307123.0	457113.0	817565.0	1351921.0	1967657.0	3050884.0	7198368.0	37858021.0	17987676.0
	14.0	15.0	16.0	17.0	18.0	19.0	20.0	21.0	22.0	23.0	24.0	25.0	26.0	27.0	28.0	29.0	30.0	31.0	32.0	33.0	34.0	35.0	36.0	37.0	38.0	39.0	40.0
5-187_R2_001	7.0	268.0	3590.0	20774.0	54712.0	87359.0	118728.0	131783.0	141387.0	139701.0	144676.0	145960.0	160681.0	174998.0	203943.0	228548.0	277444.0	337225.0	449392.0	586272.0	823206.0	1211322.0	2075067.0	3593296.0	8477229.0	38933736.0	13453405.0
	17.0	18.0	19.0	20.0	21.0	22.0	23.0	24.0	25.0	26.0	27.0	28.0	29.0	30.0	31.0	32.0	33.0	34.0	35.0	36.0	37.0	38.0	39.0	40.0
5-188_R1_001	69.0	1043.0	4623.0	10278.0	15244.0	20086.0	24063.0	29367.0	34028.0	41010.0	48278.0	60589.0	72958.0	92576.0	115928.0	157567.0	211993.0	320625.0	508184.0	903704.0	1600195.0	3869466.0	19949704.0	9171160.0
	14.0	15.0	16.0	17.0	18.0	19.0	20.0	21.0	22.0	23.0	24.0	25.0	26.0	27.0	28.0	29.0	30.0	31.0	32.0	33.0	34.0	35.0	36.0	37.0	38.0	39.0	40.0
5-188_R2_001	8.0	310.0	6944.0	38652.0	75195.0	79147.0	81242.0	82967.0	88126.0	88814.0	93079.0	92890.0	100413.0	104899.0	120243.0	132849.0	157771.0	189339.0	251681.0	331252.0	468216.0	685501.0	1156621.0	1970713.0	4626261.0	20372480.0	5795777.0
	17.0	18.0	19.0	20.0	21.0	22.0	23.0	24.0	25.0	26.0	27.0	28.0	29.0	30.0	31.0	32.0	33.0	34.0	35.0	36.0	37.0	38.0	39.0	40.0
5-189_R1_001	65.0	792.0	3499.0	8611.0	13977.0	18690.0	22830.0	27659.0	31993.0	38754.0	46725.0	58719.0	69638.0	90712.0	112820.0	155082.0	214359.0	336221.0	518300.0	830804.0	1353903.0	3200593.0	17141598.0	7686540.0
	13.0	14.0	15.0	16.0	17.0	18.0	19.0	20.0	21.0	22.0	23.0	24.0	25.0	26.0	27.0	28.0	29.0	30.0	31.0	32.0	33.0	34.0	35.0	36.0	37.0	38.0	39.0	40.0
5-189_R2_001	1.0	1.0	113.0	2127.0	12259.0	30865.0	48019.0	63500.0	71256.0	75523.0	74095.0	78331.0	80378.0	86561.0	92323.0	106081.0	118269.0	142415.0	170842.0	223909.0	293164.0	418445.0	629985.0	1087453.0	1879574.0	4381513.0	17451335.0	4128487.0
	16.0	17.0	18.0	19.0	20.0	21.0	22.0	23.0	24.0	25.0	26.0	27.0	28.0	29.0	30.0	31.0	32.0	33.0	34.0	35.0	36.0	37.0	38.0	39.0	40.0
5-197_R1_001	3.0	115.0	1358.0	6303.0	16075.0	26512.0	35830.0	42351.0	51767.0	58828.0	69668.0	82535.0	105272.0	131120.0	176758.0	243714.0	425273.0	843584.0	984277.0	784552.0	1169493.0	2053822.0	4885780.0	29101202.0	13848596.0
	14.0	15.0	16.0	17.0	18.0	19.0	20.0	21.0	22.0	23.0	24.0	25.0	26.0	27.0	28.0	29.0	30.0	31.0	32.0	33.0	34.0	35.0	36.0	37.0	38.0	39.0	40.0
5-197_R2_001	4.0	187.0	3293.0	20247.0	52460.0	82905.0	111358.0	121477.0	127243.0	121272.0	120756.0	119250.0	128406.0	138637.0	159582.0	179684.0	217258.0	269692.0	367943.0	479767.0	665824.0	956775.0	1601169.0	2734390.0	6498130.0	29900152.0	9533676.0

