Sample	Cutadapt_mqc-generalstats-cutadapt-percent_trimmed	FastQC_mqc-generalstats-fastqc-percent_duplicates	FastQC_mqc-generalstats-fastqc-percent_gc	FastQC_mqc-generalstats-fastqc-avg_sequence_length	FastQC_mqc-generalstats-fastqc-percent_fails	FastQC_mqc-generalstats-fastqc-total_sequences
15-033_R1_001	0.7471167085007822	81.54616033740956	44.0	148.36560329318192	36.36363636363637	46978759.0
15-033_R2_001	3.62862458060784	80.70916352969488	43.0	144.34813208271765	36.36363636363637	46875898.0
15-091_R1_001	0.9094792058504173	79.91828735053873	42.0	148.12189717127518	36.36363636363637	44844765.0
15-091_R2_001	7.027168270111549	79.73438189034408	42.0	139.16663046595176	45.45454545454545	44801141.0
15-092_R1_001	1.1482452841938808	79.84737750070143	43.0	147.76158113920442	36.36363636363637	49473544.0
15-092_R2_001	10.199940532554148	79.59441944397348	43.0	134.4577694176622	36.36363636363637	49431002.0
15-152_R1_001	0.8208049986639667	78.92312968718058	44.0	148.27598450116884	36.36363636363637	32902094.0
15-152_R2_001	5.547418330376331	77.45397013466777	44.0	141.49867750213878	45.45454545454545	32836348.0
15-154_R1_001	0.8992580145370452	80.75783434693618	43.0	148.1288381636683	36.36363636363637	50881461.0
15-154_R2_001	5.229637242088644	81.20023815784964	42.0	141.81602294785213	45.45454545454545	50837699.0
15-161_R1_001	0.9801665695434407	79.82635171431467	43.0	148.0057741875946	36.36363636363637	53205580.0
15-161_R2_001	7.451300679066927	80.02850503010374	43.0	138.619797568127	45.45454545454545	53119797.0
25-046_R1_001	0.7710768024999864	79.87217820327041	43.0	148.3239263137141	36.36363636363637	44456305.0
25-046_R2_001	4.143717113245559	80.46955847215864	43.0	143.6929185971946	36.36363636363637	44320131.0
25-047_R1_001	0.9927241250106524	84.67244956137415	55.0	148.21015253678547	45.45454545454545	38555290.0
25-047_R2_001	12.200702676970165	79.35540640851825	62.0	132.88262809610254	45.45454545454545	38138514.0
25-048_R1_001	0.7653614554464985	74.66987009396892	45.0	148.33391781083853	36.36363636363637	28073507.0
25-048_R2_001	3.967499936891998	74.61525772903508	45.0	144.74156931466973	45.45454545454545	27813160.0
25-049_R1_001	0.7544547844950319	81.3595193247971	41.0	148.35178104917475	36.36363636363637	38621421.0
25-049_R2_001	4.300682334936147	79.64522006263266	41.0	143.2858136118969	45.45454545454545	38555508.0
25-050_R1_001	0.7625619462484501	79.43971424406666	43.0	148.3290824227533	36.36363636363637	53096467.0
25-050_R2_001	4.120838792967841	80.10181141862586	43.0	143.48857838004906	36.36363636363637	53035384.0
25-051_R1_001	1.0698014853447695	75.86433135104109	46.0	147.93489943120915	27.27272727272727	54025657.0
25-051_R2_001	8.673816837209106	75.10796975862237	46.0	137.22519444455813	45.45454545454545	53750540.0
25-052_R1_001	0.7623087188644263	76.9645411714283	43.0	148.3107139956788	36.36363636363637	30427313.0
25-052_R2_001	3.65933137618958	76.38491319440692	43.0	144.11039007638715	45.45454545454545	30405378.0
25-053_R1_001	0.9066474403578532	81.49794411882732	44.0	148.14598080697974	36.36363636363637	51745686.0
25-053_R2_001	6.249385292654498	81.36724644434875	44.0	140.94632270215553	45.45454545454545	51427980.0
25-054_R1_001	0.8190935656660889	78.25758422298227	45.0	148.2638400494791	36.36363636363637	50701029.0
25-054_R2_001	4.728953290594067	78.7291881814412	45.0	142.57718458698227	36.36363636363637	50653442.0
25-055_R1_001	0.677621337094007	76.98020187375515	44.0	148.45556804012597	27.27272727272727	32933096.0
25-055_R2_001	2.5448353030685302	77.84124129938186	45.0	145.82281844895718	45.45454545454545	32896732.0
25-056_R1_001	0.7692154465066815	78.26910176812885	43.0	148.34180948499915	36.36363636363637	34438506.0
25-056_R2_001	4.955146129290483	77.00588071324613	43.0	142.50049894056136	45.45454545454545	34333749.0
25-058_R1_001	0.9505455753151247	80.25655459553543	42.0	148.07031668658945	45.45454545454545	40283013.0
25-058_R2_001	7.158533691009068	80.12715009536798	42.0	139.2837738883987	45.45454545454545	40153853.0
25-059_R1_001	0.9758012761117053	84.22503283641566	47.0	148.07791518944114	45.45454545454545	65914670.0
25-059_R2_001	8.53877952399823	82.93056455130224	47.0	138.7894492006691	45.45454545454545	64834102.0
25-060_R1_001	0.9763691126908212	83.82326032964704	44.0	148.04876638339857	45.45454545454545	56349801.0
25-060_R2_001	6.665131318443004	83.14975536672969	44.0	139.9204581145261	45.45454545454545	56208914.0
25-109_R1_001	0.9864091935737417	79.08511784789084	44.0	148.02120611441447	36.36363636363637	45138255.0
25-109_R2_001	6.491545162820364	79.6255311841174	44.0	139.97713626332103	45.45454545454545	45094160.0
25-110_R1_001	0.6813389869895783	81.96419867548389	41.0	148.42975130527003	27.27272727272727	35508553.0
25-110_R2_001	2.998401616585585	82.44871545588074	41.0	145.10779307056788	36.36363636363637	35474451.0
25-112_R1_001	0.6114889122249961	80.08428001978638	43.0	148.53194498764012	27.27272727272727	46964864.0
25-112_R2_001	2.0749435115289203	80.34061164976711	43.0	146.42221797452024	36.36363636363637	46937798.0
25-113_R1_001	0.7643718638150143	77.57503996973674	44.0	148.3423716364226	36.36363636363637	32410693.0
25-113_R2_001	3.4958748999443983	77.76565385832413	44.0	144.7053800942266	45.45454545454545	32300438.0
25-114_R1_001	0.6890254283906814	83.93456843027968	43.0	148.42422386994483	27.27272727272727	67866332.0
25-114_R2_001	2.955292800757567	83.57415897595155	42.0	145.38621831565447	45.45454545454545	67690565.0
25-115_R1_001	0.8027351195260355	77.69472864411108	45.0	148.28900151829933	36.36363636363637	39222832.0
25-115_R2_001	5.239599803567159	78.18935100354818	44.0	142.70372682702128	36.36363636363637	38902530.0
25-116_R1_001	0.7316344243359842	77.46923435430871	43.0	148.3770892178975	36.36363636363637	44276856.0
25-116_R2_001	3.2858841066645925	78.05525679454821	43.0	144.6724774730366	45.45454545454545	44244978.0
25-117_R1_001	0.8285125737662173	76.48076148982142	45.0	148.2466094042019	36.36363636363637	38909607.0
25-117_R2_001	7.136697106769815	74.76116784548292	44.0	138.97766529045575	45.45454545454545	38875097.0
25-119_R1_001	0.5707749991800561	85.29741822660564	39.0	148.56943134053134	36.36363636363637	50999397.0
25-119_R2_001	1.8923941353117713	85.1602732039656	38.0	146.7117293112721	27.27272727272727	50949266.0
25-120_R1_001	0.9287652037261402	79.40716413346783	45.0	148.1094450393141	36.36363636363637	56223334.0
25-120_R2_001	6.4043095775318974	78.77010562945114	45.0	140.13635472286396	45.45454545454545	56155884.0
25-167_R1_001	0.8032469808308617	79.96031963398157	43.0	148.2986910479548	45.45454545454545	37431547.0
25-167_R2_001	5.599017670635073	78.38637618954469	43.0	141.37903891782486	45.45454545454545	37368147.0
25-168_R1_001	0.6555077129116376	80.75972741598554	44.0	148.47869434651628	27.27272727272727	44104045.0
25-168_R2_001	3.0288402753411483	80.33757714013073	44.0	145.1161269894876	45.45454545454545	44048339.0
25-169_R1_001	1.2105020863368208	82.06883229437199	47.0	147.7404918906482	45.45454545454545	57727302.0
25-169_R2_001	11.602022861404864	80.58757086824048	48.0	132.62857647264252	45.45454545454545	57572543.0
25-170_R1_001	0.7173458761530996	78.72414857882373	44.0	148.3968867782034	27.27272727272727	49733816.0
25-170_R2_001	3.057408228593461	79.18076123877596	44.0	145.02810113883194	45.45454545454545	49691616.0
25-171_R1_001	0.5889155945734172	82.71265730626533	41.0	148.55266203810797	27.27272727272727	47552888.0
25-171_R2_001	1.9034378301015165	82.61701981621985	41.0	146.70266473191728	36.36363636363637	47504516.0
25-172_R1_001	0.8952059616303661	75.68908286943977	44.0	148.14764288604198	36.36363636363637	37267566.0
25-172_R2_001	5.176476905027429	76.0171044074277	44.0	142.1528765086339	45.45454545454545	37162760.0
25-174_R1_001	0.7931536303122473	78.32941612245722	43.0	148.28491206912946	36.36363636363637	36239946.0
25-174_R2_001	4.998198915338904	78.59850176134515	43.0	142.91895860853998	45.45454545454545	35987351.0
25-175_R1_001	0.6698931600368093	79.14323404159808	42.0	148.43866869304185	27.27272727272727	37713977.0
25-175_R2_001	2.6852137623449157	79.18331921900995	42.0	145.55025391312287	45.45454545454545	37682180.0
25-177_R1_001	0.6585750979709714	80.96630486176649	41.0	148.45947181301727	27.27272727272727	43793052.0
25-177_R2_001	2.5017224108695055	80.62845631690834	41.0	145.8728430274874	36.36363636363637	43736823.0
25-179_R1_001	1.011129377749001	79.03440272861324	45.0	148.0148374524951	45.45454545454545	42313261.0
25-179_R2_001	7.724339883113737	78.40427402967256	45.0	138.75302043716388	45.45454545454545	42058233.0
25-180_R1_001	0.9950510905058706	83.02202997219912	45.0	148.05634144411715	45.45454545454545	54512323.0
25-180_R2_001	9.170563722696262	81.50471025400113	46.0	136.54427911427777	45.45454545454545	54235649.0
25-185_R1_001	0.7525384544362581	73.97621267157199	44.0	148.34574112310852	36.36363636363637	27001344.0
25-185_R2_001	3.430280756237649	74.38718871558547	44.0	144.64568638269307	45.45454545454545	26942295.0
25-186_R1_001	0.7643589721689735	73.98224293903141	45.0	148.33275345441987	36.36363636363637	25992208.0
25-186_R2_001	4.303976750208709	74.04366863366886	44.0	144.34403190198557	45.45454545454545	25727803.0
25-193_R1_001	0.7946627959669142	85.49706916711526	40.0	148.26954798740508	45.45454545454545	27463748.0
25-193_R2_001	5.958568515920079	84.3280148411126	39.0	140.789376595086	36.36363636363637	27424070.0
25-194_R1_001	0.74443709584963	80.31409703461583	42.0	148.374951007985	36.36363636363637	30767769.0
25-194_R2_001	4.598208379432684	78.72155148420546	42.0	142.82702072928203	45.45454545454545	30721421.0
25-195_R1_001	0.917651278703226	76.4386799402264	45.0	148.11943089650586	36.36363636363637	34083291.0
25-195_R2_001	5.3051768902152086	77.7204416163075	45.0	141.76387995184172	45.45454545454545	34045237.0
25-202_R1_001	0.9884335064358636	82.99731098436266	40.0	147.9839377301345	36.36363636363637	49247834.0
25-202_R2_001	7.36907744774036	83.09138458016251	40.0	138.64752809020507	36.36363636363637	49201047.0
25-203_R1_001	0.7610630162658195	79.13662620311621	42.0	148.34916135661862	36.36363636363637	35893743.0
25-203_R2_001	4.397617859921393	77.52985093914403	42.0	143.31913846993785	45.45454545454545	35782756.0
5-002_R1_001	0.7059437400592191	78.32263695868376	42.0	148.396505037603	27.27272727272727	43638810.0
5-002_R2_001	3.014137069295591	78.8526435403305	42.0	145.05628475748873	45.45454545454545	43610386.0
5-003_R1_001	0.8072870832163409	82.50871145334806	41.0	148.25313264719162	36.36363636363637	46712410.0
5-003_R2_001	4.829909120861528	82.65961629499435	40.0	142.42621708865212	36.36363636363637	46659666.0
5-004_R1_001	0.9646083912126935	81.17276368437041	42.0	148.03032431927784	36.36363636363637	52045719.0
5-004_R2_001	6.69677480260718	81.61033103546627	42.0	139.69084436299855	45.45454545454545	51984881.0
5-005_R1_001	0.5998229020813874	84.84496810292443	37.0	148.5169536075448	36.36363636363637	44362623.0
5-005_R2_001	2.193054253534407	84.79519795014019	37.0	146.2373771426715	27.27272727272727	44327840.0
5-006_R1_001	0.9349582409951843	78.6485612561115	41.0	148.08206929417486	36.36363636363637	33639451.0
5-006_R2_001	5.871583193693389	78.16315713274824	41.0	141.21520925888382	45.45454545454545	33517215.0
5-007_R1_001	0.6882280366843643	80.24796273240163	41.0	148.41622757961903	36.36363636363637	30362051.0
5-007_R2_001	3.9193163426163844	80.38680541339896	40.0	144.7311626361906	36.36363636363637	30091193.0
5-008_R1_001	0.6515810939745108	81.56541215179288	41.0	148.4598457837417	27.27272727272727	50630200.0
5-008_R2_001	2.5241024158380427	81.53445316746733	40.0	145.77869782644407	27.27272727272727	50591889.0
5-009_R1_001	0.8068646998103416	79.76572181261709	41.0	148.2407510257742	36.36363636363637	32811071.0
5-009_R2_001	4.430833863666959	79.52560109401738	41.0	143.04328412922283	36.36363636363637	32765081.0
5-010_R1_001	0.800608103665006	70.48599435439175	44.0	148.28029076047892	36.36363636363637	34495197.0
5-010_R2_001	3.8321830626846847	72.13025346306765	44.0	143.90199590840317	45.45454545454545	34463806.0
5-012_R1_001	0.5649140567041545	82.58075504842857	39.0	148.56845052703153	36.36363636363637	43132524.0
5-012_R2_001	1.9435498531951632	82.32429191657177	39.0	146.59824558830954	27.27272727272727	43100032.0
5-014_R1_001	0.937513436400547	80.70759626005572	42.0	148.07673144060874	36.36363636363637	49165244.0
5-014_R2_001	7.078985163434055	80.85917538372624	42.0	139.09708004920847	45.45454545454545	49118362.0
5-015_R1_001	0.7051988279035608	80.07855682473357	41.0	148.39169949915413	27.27272727272727	34105701.0
5-015_R2_001	3.0947319325011096	80.88060999741893	41.0	145.025137055617	45.45454545454545	34060990.0
5-061_R1_001	0.6101435061305363	85.31814302494988	39.0	148.51046350591278	36.36363636363637	36937285.0
5-061_R2_001	2.5450679264011677	85.09549864696325	38.0	145.7325072095785	36.36363636363637	36908191.0
5-063_R1_001	0.6996417623967603	81.24858601194326	43.0	148.41076307439823	36.36363636363637	42677490.0
5-063_R2_001	3.5267544272681186	81.36971020568578	43.0	144.4554148611214	36.36363636363637	42598858.0
5-066_R1_001	0.880069759503576	85.50242022888017	57.0	148.4141061006072	45.45454545454545	32128638.0
5-066_R2_001	10.89909887023331	79.46476545931023	67.0	135.24669005744482	45.45454545454545	31695112.0
5-067_R1_001	0.8464175025481426	80.66797392243681	42.0	148.2030146099962	36.36363636363637	45059560.0
5-067_R2_001	4.909586953592608	80.61134076969876	41.0	142.76431404976995	45.45454545454545	44845083.0
5-069_R1_001	0.502702517184572	83.4162140009002	40.0	148.67166292589468	36.36363636363637	37654438.0
5-069_R2_001	1.302741935265416	82.8161264345732	40.0	147.53751244854655	36.36363636363637	37629895.0
5-071_R1_001	0.659239216857533	83.03567369089794	40.0	148.44533939102644	27.27272727272727	42689078.0
5-071_R2_001	2.821125239741972	83.03455614641106	39.0	145.44003226059547	27.27272727272727	42620416.0
5-073_R1_001	0.8876047690498375	83.24877866680447	44.0	148.21161719176362	45.45454545454545	35029309.0
5-073_R2_001	12.87790972484836	80.44323578916386	41.0	139.32313494563238	45.45454545454545	32401723.0
5-074_R1_001	0.6860835052518038	80.71369357352684	41.0	148.43401488020243	27.27272727272727	36764016.0
5-074_R2_001	2.8894210333550165	81.1231568218496	41.0	145.3232865360121	36.36363636363637	36712429.0
5-075_R1_001	0.7815283585821928	79.57993477637216	41.0	148.28869263493945	36.36363636363637	27906926.0
5-075_R2_001	3.680128373338381	80.40734065123803	41.0	144.13120419193368	45.45454545454545	27876777.0
5-121_R1_001	0.6258259151572834	79.79926012472035	41.0	148.50279528942653	27.27272727272727	39640439.0
5-121_R2_001	2.3063080412698755	80.25799842901068	41.0	146.0640392631449	36.36363636363637	39619241.0
5-122_R1_001	0.702556802571414	81.19719768638657	40.0	148.38468997730686	27.27272727272727	23488587.0
5-122_R2_001	2.941082899988511	80.86160352157788	40.0	145.1450172939293	27.27272727272727	23471242.0
5-123_R1_001	0.6445529091154084	80.95851551894489	42.0	148.48548640292745	27.27272727272727	44842226.0
5-123_R2_001	2.51124822733215	81.3536585356196	42.0	145.79907354645562	45.45454545454545	44810018.0
5-124_R1_001	0.7785330186773715	83.74508384672535	41.0	148.29185652826874	36.36363636363637	52726345.0
5-124_R2_001	5.328063648859827	82.942877943342	41.0	141.6364218662439	45.45454545454545	52684604.0
5-125_R1_001	0.8857344635145805	84.85545753723683	38.0	148.1360108381451	45.45454545454545	38616202.0
5-125_R2_001	5.575355747486969	84.93658836935309	38.0	141.3401088518127	45.45454545454545	38567479.0
5-126_R1_001	0.9417299178223888	82.35772238424252	43.0	148.09942050696418	45.45454545454545	43719421.0
5-126_R2_001	7.239787398256764	81.74148338383097	43.0	139.5939515014001	45.45454545454545	43409748.0
5-127_R1_001	0.9064178992374305	82.35997706992536	51.0	148.26074233525225	45.45454545454545	33648759.0
5-127_R2_001	8.797191347236048	79.76614604268761	55.0	137.94741996406435	45.45454545454545	33283393.0
5-128_R1_001	0.7700872272068983	78.92836511087879	42.0	148.32664731258504	36.36363636363637	40849609.0
5-128_R2_001	5.142970399086341	78.55016100077435	42.0	142.13179873731855	45.45454545454545	40754222.0
5-130_R1_001	0.6071224152055148	83.21788992614702	39.0	148.5139661118314	36.36363636363637	47240027.0
5-130_R2_001	2.4319784644975093	83.51829259395552	39.0	146.1260556363238	36.36363636363637	47117671.0
5-131_R1_001	0.8662224284372485	85.19647554675818	41.0	148.1788957609623	36.36363636363637	51805649.0
5-131_R2_001	6.069574176286862	84.08931329779712	40.0	140.61329661275425	27.27272727272727	51740651.0
5-133_R1_001	0.7713769639368001	78.41389555394986	42.0	148.31007981413086	36.36363636363637	31058410.0
5-133_R2_001	3.8623370808613657	79.22634303990614	42.0	143.84986692121947	45.45454545454545	31027486.0
5-135_R1_001	0.9390417503832046	77.30866251869759	41.0	148.07138940999013	36.36363636363637	18080833.0
5-135_R2_001	6.398067215401748	77.03519239654868	40.0	140.58682590531222	45.45454545454545	17991445.0
5-181_R1_001	0.6906728536910816	85.88091531347607	39.0	148.40946468215125	36.36363636363637	59966747.0
5-181_R2_001	3.3479687671353524	85.71709810986607	39.0	144.63671320530813	27.27272727272727	59879201.0
5-182_R1_001	0.6615311008897966	78.19633361230012	42.0	148.46796816730514	27.27272727272727	35284603.0
5-182_R2_001	2.878023189778484	78.78463123599218	42.0	145.63752674379683	36.36363636363637	35153479.0
5-187_R1_001	0.743325689444094	82.22393233051638	41.0	148.34390392972114	45.45454545454545	72023940.0
5-187_R2_001	4.971860099392914	81.80339218056993	41.0	142.13958747648428	36.36363636363637	71974709.0
5-188_R1_001	0.741593135710491	78.52882945259289	42.0	148.36383260403463	36.36363636363637	37262738.0
5-188_R2_001	4.482022124463624	78.21973589755225	42.0	143.04503797787606	45.45454545454545	37191390.0
5-189_R1_001	0.564376104130168	79.3370281417673	41.0	148.5974638184599	27.27272727272727	31982884.0
5-189_R2_001	2.422893694005572	79.28309421984308	41.0	146.75534513310686	45.45454545454545	31746824.0
5-197_R1_001	0.8692472210329821	80.11541899648566	45.0	148.2023754085336	36.36363636363637	55144788.0
5-197_R2_001	5.858237932737269	79.90082341044747	45.0	141.7412126440535	45.45454545454545	54711537.0
