	16.0	17.0	18.0	19.0	20.0	21.0	22.0	23.0	24.0	25.0	26.0	27.0	28.0	29.0	30.0	31.0	32.0	33.0	34.0	35.0	36.0	37.0	38.0	39.0	40.0
15-033_R1_001	10.0	221.0	2242.0	8621.0	18131.0	25624.0	32587.0	36437.0	42540.0	46941.0	56133.0	63634.0	77601.0	91534.0	116867.0	145293.0	205458.0	304547.0	502205.0	699381.0	1016624.0	1675519.0	4157190.0	24793253.0	12860210.0
	14.0	15.0	16.0	17.0	18.0	19.0	20.0	21.0	22.0	23.0	24.0	25.0	26.0	27.0	28.0	29.0	30.0	31.0	32.0	33.0	34.0	35.0	36.0	37.0	38.0	39.0	40.0
15-033_R2_001	6.0	306.0	4434.0	21026.0	47792.0	67501.0	87750.0	93351.0	93166.0	87319.0	90533.0	93661.0	106772.0	116305.0	137210.0	154426.0	188418.0	228754.0	301521.0	383624.0	528594.0	755793.0	1279855.0	2216027.0	5493697.0	26543228.0	7857734.0
	16.0	17.0	18.0	19.0	20.0	21.0	22.0	23.0	24.0	25.0	26.0	27.0	28.0	29.0	30.0	31.0	32.0	33.0	34.0	35.0	36.0	37.0	38.0	39.0	40.0
15-091_R1_001	8.0	185.0	2064.0	8048.0	17112.0	23680.0	30102.0	34246.0	40697.0	45730.0	54400.0	63253.0	78378.0	92597.0	119096.0	148437.0	207759.0	303544.0	536375.0	895799.0	1361290.0	1993166.0	4437420.0	22883753.0	11467662.0
	14.0	15.0	16.0	17.0	18.0	19.0	20.0	21.0	22.0	23.0	24.0	25.0	26.0	27.0	28.0	29.0	30.0	31.0	32.0	33.0	34.0	35.0	36.0	37.0	38.0	39.0	40.0
15-091_R2_001	11.0	347.0	5534.0	26959.0	58182.0	80063.0	100313.0	101958.0	101927.0	95061.0	94077.0	94380.0	106243.0	116319.0	137030.0	154570.0	190779.0	232857.0	313547.0	405085.0	565744.0	797645.0	1323912.0	2284759.0	5672049.0	25179570.0	6605880.0
	16.0	17.0	18.0	19.0	20.0	21.0	22.0	23.0	24.0	25.0	26.0	27.0	28.0	29.0	30.0	31.0	32.0	33.0	34.0	35.0	36.0	37.0	38.0	39.0	40.0
15-092_R1_001	7.0	265.0	2631.0	10572.0	22263.0	30279.0	36632.0	40862.0	47541.0	53077.0	62823.0	71414.0	87195.0	104855.0	133071.0	169240.0	246614.0	416257.0	796046.0	1112329.0	1610017.0	2526922.0	5167645.0	24808831.0	11916179.0
	14.0	15.0	16.0	17.0	18.0	19.0	20.0	21.0	22.0	23.0	24.0	25.0	26.0	27.0	28.0	29.0	30.0	31.0	32.0	33.0	34.0	35.0	36.0	37.0	38.0	39.0	40.0
15-092_R2_001	13.0	336.0	4921.0	24028.0	53076.0	72010.0	87658.0	87190.0	89951.0	88869.0	94445.0	98580.0	112079.0	123585.0	145483.0	164898.0	201335.0	242362.0	318310.0	407664.0	574256.0	828201.0	1407390.0	2519872.0	6527351.0	28339398.0	6860306.0
	16.0	17.0	18.0	19.0	20.0	21.0	22.0	23.0	24.0	25.0	26.0	27.0	28.0	29.0	30.0	31.0	32.0	33.0	34.0	35.0	36.0	37.0	38.0	39.0	40.0
15-152_R1_001	4.0	184.0	2072.0	7391.0	14460.0	18793.0	22693.0	25278.0	29941.0	33350.0	39861.0	45448.0	55084.0	64954.0	82784.0	101448.0	135744.0	180528.0	274398.0	432060.0	769185.0	1364134.0	3367460.0	17831755.0	8003116.0
	14.0	15.0	16.0	17.0	18.0	19.0	20.0	21.0	22.0	23.0	24.0	25.0	26.0	27.0	28.0	29.0	30.0	31.0	32.0	33.0	34.0	35.0	36.0	37.0	38.0	39.0	40.0
15-152_R2_001	10.0	772.0	15323.0	73513.0	120680.0	102459.0	91030.0	78810.0	73609.0	69376.0	71290.0	73409.0	83188.0	92583.0	109531.0	123306.0	148957.0	175994.0	231354.0	294710.0	414008.0	596574.0	1002339.0	1738983.0	4342669.0	18625906.0	4151742.0
	16.0	17.0	18.0	19.0	20.0	21.0	22.0	23.0	24.0	25.0	26.0	27.0	28.0	29.0	30.0	31.0	32.0	33.0	34.0	35.0	36.0	37.0	38.0	39.0	40.0
15-154_R1_001	8.0	305.0	3024.0	10600.0	21006.0	28626.0	35350.0	39727.0	47546.0	53362.0	63614.0	73662.0	91132.0	108512.0	140581.0	178200.0	258671.0	422838.0	724555.0	851343.0	1226125.0	2074571.0	4901881.0	26707739.0	12818522.0
	14.0	15.0	16.0	17.0	18.0	19.0	20.0	21.0	22.0	23.0	24.0	25.0	26.0	27.0	28.0	29.0	30.0	31.0	32.0	33.0	34.0	35.0	36.0	37.0	38.0	39.0	40.0
15-154_R2_001	11.0	454.0	5964.0	28570.0	60828.0	79493.0	93419.0	93064.0	96174.0	95452.0	99539.0	101805.0	115161.0	126213.0	146587.0	164267.0	199668.0	243052.0	329412.0	434797.0	624508.0	902760.0	1512419.0	2629826.0	6451724.0	28257973.0	7988360.0
	16.0	17.0	18.0	19.0	20.0	21.0	22.0	23.0	24.0	25.0	26.0	27.0	28.0	29.0	30.0	31.0	32.0	33.0	34.0	35.0	36.0	37.0	38.0	39.0	40.0
15-161_R1_001	11.0	227.0	2690.0	9873.0	20395.0	28731.0	36131.0	41794.0	49069.0	55040.0	66123.0	76100.0	94943.0	113287.0	146461.0	186289.0	273082.0	459153.0	857186.0	1094202.0	1468266.0	2385242.0	5249677.0	26901735.0	13589898.0
	14.0	15.0	16.0	17.0	18.0	19.0	20.0	21.0	22.0	23.0	24.0	25.0	26.0	27.0	28.0	29.0	30.0	31.0	32.0	33.0	34.0	35.0	36.0	37.0	38.0	39.0	40.0
15-161_R2_001	16.0	425.0	6086.0	28797.0	61340.0	81656.0	97138.0	97472.0	98895.0	98397.0	107556.0	114819.0	132197.0	145376.0	169567.0	190981.0	231114.0	276518.0	365066.0	480118.0	687095.0	1001471.0	1688188.0	2949244.0	7312870.0	29615892.0	7167311.0
	16.0	17.0	18.0	19.0	20.0	21.0	22.0	23.0	24.0	25.0	26.0	27.0	28.0	29.0	30.0	31.0	32.0	33.0	34.0	35.0	36.0	37.0	38.0	39.0	40.0
25-046_R1_001	9.0	226.0	2188.0	8117.0	16599.0	22902.0	29397.0	33682.0	40065.0	44708.0	54255.0	61808.0	76667.0	90083.0	115142.0	144288.0	203112.0	304473.0	497289.0	669290.0	966733.0	1587430.0	3892297.0	23068812.0	12526776.0
	14.0	15.0	16.0	17.0	18.0	19.0	20.0	21.0	22.0	23.0	24.0	25.0	26.0	27.0	28.0	29.0	30.0	31.0	32.0	33.0	34.0	35.0	36.0	37.0	38.0	39.0	40.0
25-046_R2_001	6.0	337.0	4447.0	21478.0	47259.0	64209.0	77011.0	77760.0	79203.0	79952.0	87717.0	94916.0	108840.0	118557.0	137311.0	153359.0	184241.0	216524.0	277897.0	351526.0	494260.0	722494.0	1240037.0	2164881.0	5371128.0	25029648.0	7251350.0
	16.0	17.0	18.0	19.0	20.0	21.0	22.0	23.0	24.0	25.0	26.0	27.0	28.0	29.0	30.0	31.0	32.0	33.0	34.0	35.0	36.0	37.0	38.0	39.0	40.0
25-047_R1_001	29.0	470.0	3348.0	10746.0	24148.0	38660.0	59191.0	80899.0	105691.0	116158.0	137859.0	163998.0	216630.0	285742.0	419708.0	639253.0	1264473.0	3140807.0	6059147.0	4059079.0	1630028.0	1553311.0	2569115.0	11059871.0	4916956.0
	14.0	15.0	16.0	17.0	18.0	19.0	20.0	21.0	22.0	23.0	24.0	25.0	26.0	27.0	28.0	29.0	30.0	31.0	32.0	33.0	34.0	35.0	36.0	37.0	38.0	39.0	40.0
25-047_R2_001	33.0	1747.0	24836.0	96749.0	205213.0	334681.0	495195.0	529839.0	556548.0	498635.0	388817.0	266919.0	211322.0	177494.0	181479.0	195666.0	270850.0	466698.0	863282.0	1245829.0	1625936.0	1776612.0	2024191.0	2569380.0	5212622.0	15026989.0	3307755.0
	15.0	16.0	17.0	18.0	19.0	20.0	21.0	22.0	23.0	24.0	25.0	26.0	27.0	28.0	29.0	30.0	31.0	32.0	33.0	34.0	35.0	36.0	37.0	38.0	39.0	40.0
25-048_R1_001	1.0	6.0	201.0	1815.0	6522.0	13120.0	18447.0	23085.0	26638.0	31816.0	36405.0	43083.0	49826.0	62123.0	73880.0	95586.0	122653.0	186093.0	335236.0	503571.0	501936.0	673823.0	1157801.0	2875882.0	15015845.0	6218172.0
	14.0	15.0	16.0	17.0	18.0	19.0	20.0	21.0	22.0	23.0	24.0	25.0	26.0	27.0	28.0	29.0	30.0	31.0	32.0	33.0	34.0	35.0	36.0	37.0	38.0	39.0	40.0
25-048_R2_001	7.0	306.0	3841.0	18565.0	41564.0	57067.0	71988.0	76444.0	76672.0	72490.0	75844.0	78527.0	90391.0	99955.0	116499.0	130718.0	157554.0	190103.0	250388.0	315827.0	430317.0	591981.0	961099.0	1624347.0	3879725.0	15409174.0	3252173.0
	15.0	16.0	17.0	18.0	19.0	20.0	21.0	22.0	23.0	24.0	25.0	26.0	27.0	28.0	29.0	30.0	31.0	32.0	33.0	34.0	35.0	36.0	37.0	38.0	39.0	40.0
25-049_R1_001	1.0	4.0	198.0	2099.0	8045.0	15882.0	21301.0	26329.0	29375.0	34774.0	38406.0	44988.0	51915.0	63217.0	74537.0	95211.0	116985.0	155526.0	207716.0	315131.0	496495.0	888821.0	1577335.0	3908744.0	20960017.0	9488401.0
	14.0	15.0	16.0	17.0	18.0	19.0	20.0	21.0	22.0	23.0	24.0	25.0	26.0	27.0	28.0	29.0	30.0	31.0	32.0	33.0	34.0	35.0	36.0	37.0	38.0	39.0	40.0
25-049_R2_001	14.0	895.0	17366.0	85000.0	139287.0	117004.0	107210.0	100032.0	91597.0	84589.0	85206.0	85562.0	97203.0	107967.0	128550.0	147161.0	180561.0	216486.0	282722.0	354829.0	487688.0	696534.0	1175042.0	2026270.0	5004460.0	21740094.0	5062124.0
	16.0	17.0	18.0	19.0	20.0	21.0	22.0	23.0	24.0	25.0	26.0	27.0	28.0	29.0	30.0	31.0	32.0	33.0	34.0	35.0	36.0	37.0	38.0	39.0	40.0
25-050_R1_001	8.0	226.0	2602.0	9848.0	19838.0	27416.0	34773.0	38880.0	45811.0	51319.0	61283.0	70709.0	86902.0	101647.0	128408.0	160931.0	223804.0	322878.0	533395.0	788949.0	1195377.0	1976175.0	4842009.0	28254357.0	14118958.0
	14.0	15.0	16.0	17.0	18.0	19.0	20.0	21.0	22.0	23.0	24.0	25.0	26.0	27.0	28.0	29.0	30.0	31.0	32.0	33.0	34.0	35.0	36.0	37.0	38.0	39.0	40.0
25-050_R2_001	13.0	346.0	5064.0	24390.0	55806.0	79248.0	97671.0	98083.0	100753.0	98346.0	103394.0	107940.0	122480.0	133090.0	155837.0	175111.0	211270.0	251952.0	329488.0	420727.0	589033.0	857939.0	1467569.0	2568948.0	6375951.0	30074270.0	8591784.0
	16.0	17.0	18.0	19.0	20.0	21.0	22.0	23.0	24.0	25.0	26.0	27.0	28.0	29.0	30.0	31.0	32.0	33.0	34.0	35.0	36.0	37.0	38.0	39.0	40.0
25-051_R1_001	9.0	284.0	2905.0	11131.0	24379.0	36514.0	46702.0	52683.0	60799.0	67277.0	79560.0	92392.0	115953.0	142653.0	192992.0	269328.0	494352.0	1126410.0	1519295.0	1247394.0	1610925.0	2449459.0	4920468.0	25904648.0	13557239.0
	14.0	15.0	16.0	17.0	18.0	19.0	20.0	21.0	22.0	23.0	24.0	25.0	26.0	27.0	28.0	29.0	30.0	31.0	32.0	33.0	34.0	35.0	36.0	37.0	38.0	39.0	40.0
25-051_R2_001	19.0	464.0	7905.0	39874.0	85909.0	114920.0	151506.0	172682.0	167651.0	152766.0	146132.0	135376.0	147186.0	158802.0	185669.0	211457.0	267276.0	338828.0	452489.0	555834.0	726884.0	966931.0	1570394.0	2741007.0	6973327.0	30076848.0	7477615.0
	16.0	17.0	18.0	19.0	20.0	21.0	22.0	23.0	24.0	25.0	26.0	27.0	28.0	29.0	30.0	31.0	32.0	33.0	34.0	35.0	36.0	37.0	38.0	39.0	40.0
25-052_R1_001	5.0	203.0	1772.0	6735.0	13385.0	18851.0	24004.0	27167.0	32022.0	35458.0	41599.0	47770.0	58438.0	68919.0	88143.0	109845.0	154415.0	234827.0	404882.0	525718.0	761053.0	1313473.0	3176103.0	16214539.0	7068008.0
	14.0	15.0	16.0	17.0	18.0	19.0	20.0	21.0	22.0	23.0	24.0	25.0	26.0	27.0	28.0	29.0	30.0	31.0	32.0	33.0	34.0	35.0	36.0	37.0	38.0	39.0	40.0
25-052_R2_001	9.0	276.0	3496.0	16465.0	38375.0	54830.0	69833.0	75472.0	75136.0	71079.0	73937.0	75460.0	85339.0	93480.0	109514.0	124848.0	154083.0	188496.0	248407.0	314164.0	432692.0	616331.0	1033157.0	1756212.0	4155907.0	16640298.0	3920038.0
	15.0	16.0	17.0	18.0	19.0	20.0	21.0	22.0	23.0	24.0	25.0	26.0	27.0	28.0	29.0	30.0	31.0	32.0	33.0	34.0	35.0	36.0	37.0	38.0	39.0	40.0
25-053_R1_001	1.0	8.0	255.0	2469.0	9189.0	19871.0	27771.0	34729.0	39501.0	46799.0	52520.0	63734.0	74292.0	92951.0	114082.0	154077.0	212973.0	382968.0	786516.0	946097.0	873078.0	1301971.0	2131890.0	4695926.0	26145876.0	13536218.0
	14.0	15.0	16.0	17.0	18.0	19.0	20.0	21.0	22.0	23.0	24.0	25.0	26.0	27.0	28.0	29.0	30.0	31.0	32.0	33.0	34.0	35.0	36.0	37.0	38.0	39.0	40.0
25-053_R2_001	6.0	405.0	7026.0	34535.0	71080.0	90625.0	104287.0	104465.0	108063.0	104863.0	107203.0	109966.0	125584.0	137562.0	161718.0	182438.0	223150.0	273679.0	370078.0	482185.0	666035.0	928300.0	1538062.0	2654329.0	6680371.0	28960098.0	7519649.0
	16.0	17.0	18.0	19.0	20.0	21.0	22.0	23.0	24.0	25.0	26.0	27.0	28.0	29.0	30.0	31.0	32.0	33.0	34.0	35.0	36.0	37.0	38.0	39.0	40.0
25-054_R1_001	4.0	190.0	2312.0	9077.0	18789.0	25934.0	33050.0	37674.0	44610.0	50554.0	61394.0	70082.0	86164.0	101651.0	128438.0	158980.0	220327.0	322215.0	534441.0	781379.0	1158060.0	1888550.0	4582322.0	26702134.0	13682742.0
	14.0	15.0	16.0	17.0	18.0	19.0	20.0	21.0	22.0	23.0	24.0	25.0	26.0	27.0	28.0	29.0	30.0	31.0	32.0	33.0	34.0	35.0	36.0	37.0	38.0	39.0	40.0
25-054_R2_001	8.0	325.0	4550.0	22546.0	52112.0	74212.0	94749.0	104351.0	104486.0	101933.0	105422.0	106369.0	120452.0	132810.0	154917.0	173304.0	210377.0	250617.0	323014.0	401986.0	549972.0	786934.0	1344655.0	2352358.0	5920232.0	28949091.0	8259291.0
	16.0	17.0	18.0	19.0	20.0	21.0	22.0	23.0	24.0	25.0	26.0	27.0	28.0	29.0	30.0	31.0	32.0	33.0	34.0	35.0	36.0	37.0	38.0	39.0	40.0
25-055_R1_001	5.0	242.0	1951.0	6927.0	13854.0	20167.0	26092.0	30136.0	36297.0	40308.0	48181.0	55703.0	68373.0	82742.0	107522.0	138193.0	205659.0	337456.0	555063.0	660620.0	834066.0	1361696.0	3384089.0	17579693.0	7338072.0
	14.0	15.0	16.0	17.0	18.0	19.0	20.0	21.0	22.0	23.0	24.0	25.0	26.0	27.0	28.0	29.0	30.0	31.0	32.0	33.0	34.0	35.0	36.0	37.0	38.0	39.0	40.0
25-055_R2_001	14.0	360.0	3737.0	16646.0	39970.0	62061.0	86734.0	98566.0	98258.0	87481.0	85949.0	83580.0	91959.0	99812.0	115043.0	129045.0	160241.0	200955.0	269809.0	341343.0	463725.0	637530.0	1042078.0	1752942.0	4168253.0	17929534.0	4867482.0
	16.0	17.0	18.0	19.0	20.0	21.0	22.0	23.0	24.0	25.0	26.0	27.0	28.0	29.0	30.0	31.0	32.0	33.0	34.0	35.0	36.0	37.0	38.0	39.0	40.0
25-056_R1_001	7.0	167.0	1815.0	6428.0	13025.0	17701.0	22445.0	24913.0	29742.0	33684.0	39990.0	46902.0	57197.0	67327.0	85298.0	104588.0	139958.0	186022.0	284217.0	447562.0	791832.0	1390024.0	3414277.0	18443430.0	8789993.0
	13.0	14.0	15.0	16.0	17.0	18.0	19.0	20.0	21.0	22.0	23.0	24.0	25.0	26.0	27.0	28.0	29.0	30.0	31.0	32.0	33.0	34.0	35.0	36.0	37.0	38.0	39.0	40.0
25-056_R2_001	2.0	11.0	742.0	15916.0	77456.0	123278.0	100150.0	84743.0	71775.0	67299.0	65666.0	70983.0	75634.0	87746.0	97319.0	115093.0	131452.0	156069.0	182618.0	233110.0	297903.0	422968.0	622947.0	1072185.0	1880630.0	4673251.0	19381283.0	4330315.0
	16.0	17.0	18.0	19.0	20.0	21.0	22.0	23.0	24.0	25.0	26.0	27.0	28.0	29.0	30.0	31.0	32.0	33.0	34.0	35.0	36.0	37.0	38.0	39.0	40.0
25-058_R1_001	4.0	206.0	2208.0	8600.0	17543.0	24499.0	32140.0	37333.0	44194.0	49231.0	58998.0	68931.0	85965.0	103136.0	133916.0	166885.0	227765.0	336157.0	597863.0	965702.0	1336172.0	1754830.0	3784659.0	19831734.0	10614371.0
	13.0	14.0	15.0	16.0	17.0	18.0	19.0	20.0	21.0	22.0	23.0	24.0	25.0	26.0	27.0	28.0	29.0	30.0	31.0	32.0	33.0	34.0	35.0	36.0	37.0	38.0	39.0	40.0
25-058_R2_001	1.0	7.0	414.0	6021.0	28320.0	60311.0	84184.0	102594.0	105786.0	115324.0	111239.0	108283.0	106336.0	117328.0	122683.0	133468.0	143151.0	173681.0	218376.0	308817.0	419738.0	595825.0	826694.0	1315882.0	2213144.0	5244025.0	21551190.0	6070220.0
	16.0	17.0	18.0	19.0	20.0	21.0	22.0	23.0	24.0	25.0	26.0	27.0	28.0	29.0	30.0	31.0	32.0	33.0	34.0	35.0	36.0	37.0	38.0	39.0	40.0
25-059_R1_001	19.0	467.0	4003.0	14287.0	30002.0	42621.0	54626.0	63451.0	77190.0	87989.0	106353.0	125879.0	163070.0	207068.0	295131.0	439770.0	899539.0	2005035.0	2104075.0	1313938.0	1757743.0	2778967.0	5801310.0	31486604.0	16055730.0
	14.0	15.0	16.0	17.0	18.0	19.0	20.0	21.0	22.0	23.0	24.0	25.0	26.0	27.0	28.0	29.0	30.0	31.0	32.0	33.0	34.0	35.0	36.0	37.0	38.0	39.0	40.0
25-059_R2_001	19.0	798.0	13334.0	63184.0	131630.0	176373.0	214379.0	218560.0	231259.0	219295.0	210282.0	203175.0	222456.0	236349.0	269476.0	294936.0	359725.0	448007.0	628823.0	826239.0	1098537.0	1409459.0	2118022.0	3451414.0	8380919.0	35633174.0	8855043.0
	16.0	17.0	18.0	19.0	20.0	21.0	22.0	23.0	24.0	25.0	26.0	27.0	28.0	29.0	30.0	31.0	32.0	33.0	34.0	35.0	36.0	37.0	38.0	39.0	40.0
25-060_R1_001	17.0	452.0	4134.0	14370.0	28137.0	38207.0	48620.0	57806.0	68378.0	75219.0	89728.0	103581.0	131606.0	163687.0	224405.0	316342.0	584333.0	1412383.0	1802568.0	1151602.0	1538376.0	2406197.0	5058084.0	27083523.0	13948111.0
	14.0	15.0	16.0	17.0	18.0	19.0	20.0	21.0	22.0	23.0	24.0	25.0	26.0	27.0	28.0	29.0	30.0	31.0	32.0	33.0	34.0	35.0	36.0	37.0	38.0	39.0	40.0
25-060_R2_001	13.0	726.0	11296.0	51420.0	106728.0	143396.0	168576.0	171751.0	183826.0	173312.0	161151.0	151031.0	161372.0	168614.0	190186.0	212311.0	265196.0	346294.0	517858.0	714322.0	1002575.0	1349640.0	2072418.0	3389098.0	7602797.0	29439381.0	7594578.0
	16.0	17.0	18.0	19.0	20.0	21.0	22.0	23.0	24.0	25.0	26.0	27.0	28.0	29.0	30.0	31.0	32.0	33.0	34.0	35.0	36.0	37.0	38.0	39.0	40.0
25-109_R1_001	9.0	265.0	2558.0	9278.0	19281.0	26883.0	33632.0	38314.0	45108.0	50863.0	60374.0	69532.0	86150.0	102557.0	131786.0	166885.0	243189.0	400528.0	697879.0	823309.0	1165576.0	1941343.0	4436394.0	23510718.0	11075872.0
	14.0	15.0	16.0	17.0	18.0	19.0	20.0	21.0	22.0	23.0	24.0	25.0	26.0	27.0	28.0	29.0	30.0	31.0	32.0	33.0	34.0	35.0	36.0	37.0	38.0	39.0	40.0
25-109_R2_001	11.0	358.0	5221.0	25782.0	55122.0	73704.0	93105.0	101433.0	100048.0	92181.0	93922.0	94306.0	105975.0	116770.0	136121.0	153462.0	189411.0	232436.0	308958.0	391295.0	535270.0	747303.0	1246646.0	2175891.0	5483591.0	25614460.0	6965501.0
	15.0	16.0	17.0	18.0	19.0	20.0	21.0	22.0	23.0	24.0	25.0	26.0	27.0	28.0	29.0	30.0	31.0	32.0	33.0	34.0	35.0	36.0	37.0	38.0	39.0	40.0
25-110_R1_001	1.0	4.0	238.0	2413.0	8603.0	16559.0	21568.0	26150.0	28963.0	33424.0	36793.0	43332.0	49859.0	61029.0	72198.0	93233.0	115286.0	158179.0	212450.0	328119.0	515854.0	887115.0	1493887.0	3613022.0	19043463.0	8646843.0
	14.0	15.0	16.0	17.0	18.0	19.0	20.0	21.0	22.0	23.0	24.0	25.0	26.0	27.0	28.0	29.0	30.0	31.0	32.0	33.0	34.0	35.0	36.0	37.0	38.0	39.0	40.0
25-110_R2_001	10.0	356.0	4842.0	23105.0	48777.0	63260.0	72761.0	71737.0	73188.0	72442.0	75960.0	80009.0	91122.0	99962.0	117204.0	132485.0	161612.0	193801.0	256168.0	332696.0	476303.0	697824.0	1193169.0	2052296.0	4914714.0	19636710.0	4566072.0
	16.0	17.0	18.0	19.0	20.0	21.0	22.0	23.0	24.0	25.0	26.0	27.0	28.0	29.0	30.0	31.0	32.0	33.0	34.0	35.0	36.0	37.0	38.0	39.0	40.0
25-112_R1_001	11.0	225.0	2484.0	8719.0	17898.0	25061.0	31836.0	36356.0	43265.0	49311.0	58945.0	68611.0	83772.0	99365.0	125081.0	152305.0	205432.0	273922.0	412901.0	637836.0	1099451.0	1870260.0	4608441.0	25236462.0	11816943.0
	14.0	15.0	16.0	17.0	18.0	19.0	20.0	21.0	22.0	23.0	24.0	25.0	26.0	27.0	28.0	29.0	30.0	31.0	32.0	33.0	34.0	35.0	36.0	37.0	38.0	39.0	40.0
25-112_R2_001	9.0	362.0	4783.0	23079.0	53570.0	74972.0	90514.0	90407.0	91929.0	91650.0	100679.0	107439.0	123525.0	136034.0	157484.0	175783.0	211419.0	248256.0	319594.0	410315.0	584555.0	861369.0	1479902.0	2538795.0	6081454.0	25981137.0	6925878.0
	16.0	17.0	18.0	19.0	20.0	21.0	22.0	23.0	24.0	25.0	26.0	27.0	28.0	29.0	30.0	31.0	32.0	33.0	34.0	35.0	36.0	37.0	38.0	39.0	40.0
25-113_R1_001	7.0	206.0	1981.0	7080.0	13520.0	18388.0	22926.0	26316.0	31601.0	35564.0	42935.0	49478.0	61487.0	74144.0	96423.0	123353.0	181991.0	305862.0	498264.0	553304.0	758059.0	1311314.0	3278107.0	17457561.0	7460858.0
	14.0	15.0	16.0	17.0	18.0	19.0	20.0	21.0	22.0	23.0	24.0	25.0	26.0	27.0	28.0	29.0	30.0	31.0	32.0	33.0	34.0	35.0	36.0	37.0	38.0	39.0	40.0
25-113_R2_001	5.0	305.0	4198.0	18960.0	41665.0	56770.0	67445.0	67687.0	69848.0	70495.0	75483.0	79401.0	90809.0	100066.0	116560.0	131519.0	160399.0	191405.0	248611.0	317838.0	448318.0	649654.0	1093498.0	1878313.0	4535627.0	17971765.0	3924085.0
	16.0	17.0	18.0	19.0	20.0	21.0	22.0	23.0	24.0	25.0	26.0	27.0	28.0	29.0	30.0	31.0	32.0	33.0	34.0	35.0	36.0	37.0	38.0	39.0	40.0
25-114_R1_001	13.0	393.0	3832.0	13656.0	27877.0	38943.0	49089.0	56086.0	66594.0	74831.0	88415.0	101189.0	123622.0	144844.0	183959.0	226427.0	306768.0	421944.0	659170.0	1018057.0	1677569.0	2675994.0	6324170.0	35867510.0	17715448.0
	14.0	15.0	16.0	17.0	18.0	19.0	20.0	21.0	22.0	23.0	24.0	25.0	26.0	27.0	28.0	29.0	30.0	31.0	32.0	33.0	34.0	35.0	36.0	37.0	38.0	39.0	40.0
25-114_R2_001	12.0	458.0	6877.0	33245.0	75116.0	106356.0	131489.0	136434.0	144139.0	141270.0	141959.0	145323.0	164145.0	178631.0	206343.0	229933.0	278386.0	337411.0	453446.0	588312.0	825433.0	1170532.0	1937117.0	3290544.0	8036049.0	37891952.0	11215488.0
	16.0	17.0	18.0	19.0	20.0	21.0	22.0	23.0	24.0	25.0	26.0	27.0	28.0	29.0	30.0	31.0	32.0	33.0	34.0	35.0	36.0	37.0	38.0	39.0	40.0
25-115_R1_001	7.0	211.0	2064.0	7293.0	14877.0	20014.0	24848.0	28458.0	34513.0	39128.0	47225.0	54172.0	66788.0	80347.0	103409.0	130707.0	191480.0	306380.0	506693.0	617258.0	853929.0	1401626.0	3407949.0	20292813.0	10990716.0
	14.0	15.0	16.0	17.0	18.0	19.0	20.0	21.0	22.0	23.0	24.0	25.0	26.0	27.0	28.0	29.0	30.0	31.0	32.0	33.0	34.0	35.0	36.0	37.0	38.0	39.0	40.0
25-115_R2_001	9.0	265.0	3601.0	17725.0	39565.0	55056.0	66473.0	68263.0	71469.0	71885.0	76822.0	81907.0	95518.0	105140.0	122104.0	137110.0	164357.0	193558.0	249527.0	315859.0	430382.0	602013.0	1013795.0	1771462.0	4522818.0	22256932.0	6689290.0
	16.0	17.0	18.0	19.0	20.0	21.0	22.0	23.0	24.0	25.0	26.0	27.0	28.0	29.0	30.0	31.0	32.0	33.0	34.0	35.0	36.0	37.0	38.0	39.0	40.0
25-116_R1_001	6.0	244.0	2324.0	8563.0	18616.0	25911.0	32144.0	35791.0	41626.0	46739.0	54928.0	63508.0	75980.0	90305.0	114151.0	142048.0	194396.0	279677.0	461444.0	688285.0	1009180.0	1625859.0	4057077.0	23726064.0	11482020.0
	14.0	15.0	16.0	17.0	18.0	19.0	20.0	21.0	22.0	23.0	24.0	25.0	26.0	27.0	28.0	29.0	30.0	31.0	32.0	33.0	34.0	35.0	36.0	37.0	38.0	39.0	40.0
25-116_R2_001	8.0	339.0	4968.0	23479.0	52043.0	73427.0	91875.0	92568.0	94282.0	89564.0	92245.0	94867.0	106800.0	117470.0	135852.0	153476.0	185350.0	221563.0	290757.0	369902.0	515445.0	738320.0	1252982.0	2182350.0	5368405.0	24937643.0	6990906.0
	16.0	17.0	18.0	19.0	20.0	21.0	22.0	23.0	24.0	25.0	26.0	27.0	28.0	29.0	30.0	31.0	32.0	33.0	34.0	35.0	36.0	37.0	38.0	39.0	40.0
25-117_R1_001	4.0	142.0	1689.0	6281.0	14020.0	20435.0	26294.0	29877.0	36182.0	40451.0	49021.0	57737.0	70614.0	84719.0	109966.0	141228.0	205066.0	325849.0	649151.0	1084688.0	1421895.0	1888129.0	3957623.0	19535137.0	9153438.0
	14.0	15.0	16.0	17.0	18.0	19.0	20.0	21.0	22.0	23.0	24.0	25.0	26.0	27.0	28.0	29.0	30.0	31.0	32.0	33.0	34.0	35.0	36.0	37.0	38.0	39.0	40.0
25-117_R2_001	6.0	324.0	4606.0	22881.0	50972.0	70958.0	92091.0	103437.0	103759.0	98093.0	95229.0	90443.0	99980.0	109956.0	129722.0	147668.0	184236.0	227982.0	297563.0	373008.0	511988.0	724397.0	1222879.0	2134399.0	5298924.0	21512217.0	5201918.0
	16.0	17.0	18.0	19.0	20.0	21.0	22.0	23.0	24.0	25.0	26.0	27.0	28.0	29.0	30.0	31.0	32.0	33.0	34.0	35.0	36.0	37.0	38.0	39.0	40.0
25-119_R1_001	12.0	262.0	2715.0	9893.0	20698.0	29262.0	37209.0	41485.0	48127.0	53637.0	63928.0	73271.0	90656.0	107378.0	137945.0	170992.0	231894.0	311147.0	477112.0	746110.0	1296880.0	2212056.0	5379266.0	27667533.0	11789958.0
	14.0	15.0	16.0	17.0	18.0	19.0	20.0	21.0	22.0	23.0	24.0	25.0	26.0	27.0	28.0	29.0	30.0	31.0	32.0	33.0	34.0	35.0	36.0	37.0	38.0	39.0	40.0
25-119_R2_001	15.0	575.0	7347.0	34841.0	72432.0	93924.0	114492.0	120478.0	120499.0	113765.0	119561.0	125729.0	142362.0	156652.0	184432.0	211066.0	258829.0	314214.0	413224.0	526943.0	742857.0	1074662.0	1823260.0	3104416.0	7256284.0	27741032.0	6125535.0
	16.0	17.0	18.0	19.0	20.0	21.0	22.0	23.0	24.0	25.0	26.0	27.0	28.0	29.0	30.0	31.0	32.0	33.0	34.0	35.0	36.0	37.0	38.0	39.0	40.0
25-120_R1_001	8.0	258.0	2398.0	9211.0	20230.0	29334.0	37658.0	44056.0	52036.0	59367.0	70591.0	81641.0	99838.0	117102.0	148278.0	184422.0	254353.0	368050.0	646769.0	1062434.0	1576949.0	2315246.0	5254709.0	28672491.0	15115932.0
	13.0	14.0	15.0	16.0	17.0	18.0	19.0	20.0	21.0	22.0	23.0	24.0	25.0	26.0	27.0	28.0	29.0	30.0	31.0	32.0	33.0	34.0	35.0	36.0	37.0	38.0	39.0	40.0
25-120_R2_001	2.0	15.0	426.0	6169.0	30720.0	65714.0	87748.0	106210.0	109155.0	114836.0	111610.0	110048.0	111056.0	126240.0	138486.0	161383.0	181998.0	220954.0	270094.0	364072.0	477767.0	668496.0	948160.0	1576136.0	2755343.0	7046574.0	31809920.0	8624029.0
	16.0	17.0	18.0	19.0	20.0	21.0	22.0	23.0	24.0	25.0	26.0	27.0	28.0	29.0	30.0	31.0	32.0	33.0	34.0	35.0	36.0	37.0	38.0	39.0	40.0
25-167_R1_001	8.0	185.0	1915.0	7051.0	14899.0	20209.0	24613.0	27289.0	32149.0	35649.0	42842.0	49108.0	60403.0	70933.0	90300.0	112154.0	150908.0	202137.0	310185.0	490814.0	875354.0	1553113.0	3823339.0	20157929.0	9278087.0
	14.0	15.0	16.0	17.0	18.0	19.0	20.0	21.0	22.0	23.0	24.0	25.0	26.0	27.0	28.0	29.0	30.0	31.0	32.0	33.0	34.0	35.0	36.0	37.0	38.0	39.0	40.0
25-167_R2_001	9.0	824.0	17308.0	83307.0	135082.0	111648.0	97369.0	83036.0	79343.0	75567.0	77782.0	80348.0	92296.0	102024.0	120877.0	136973.0	164679.0	195137.0	258113.0	333720.0	471607.0	681830.0	1147775.0	1987821.0	4946214.0	21135649.0	4815235.0
	16.0	17.0	18.0	19.0	20.0	21.0	22.0	23.0	24.0	25.0	26.0	27.0	28.0	29.0	30.0	31.0	32.0	33.0	34.0	35.0	36.0	37.0	38.0	39.0	40.0
25-168_R1_001	3.0	215.0	2252.0	8125.0	17344.0	24638.0	31556.0	35937.0	42115.0	47776.0	58303.0	69548.0	81556.0	95392.0	122522.0	153220.0	216256.0	321344.0	552158.0	799292.0	1081548.0	1671402.0	4121830.0	23345967.0	11203776.0
	14.0	15.0	16.0	17.0	18.0	19.0	20.0	21.0	22.0	23.0	24.0	25.0	26.0	27.0	28.0	29.0	30.0	31.0	32.0	33.0	34.0	35.0	36.0	37.0	38.0	39.0	40.0
25-168_R2_001	8.0	373.0	5670.0	26602.0	59305.0	86130.0	107899.0	114323.0	116914.0	106426.0	103094.0	104046.0	116667.0	126644.0	148115.0	165644.0	201403.0	241841.0	324525.0	418004.0	581492.0	822498.0	1366396.0	2325611.0	5599864.0	24399464.0	6435117.0
	16.0	17.0	18.0	19.0	20.0	21.0	22.0	23.0	24.0	25.0	26.0	27.0	28.0	29.0	30.0	31.0	32.0	33.0	34.0	35.0	36.0	37.0	38.0	39.0	40.0
25-169_R1_001	26.0	367.0	3435.0	12132.0	25972.0	36246.0	48006.0	57651.0	70276.0	77810.0	92454.0	108399.0	137597.0	171981.0	234749.0	327991.0	569396.0	1253217.0	2479882.0	2363306.0	2301247.0	3136160.0	5777604.0	26291484.0	12149948.0
	13.0	14.0	15.0	16.0	17.0	18.0	19.0	20.0	21.0	22.0	23.0	24.0	25.0	26.0	27.0	28.0	29.0	30.0	31.0	32.0	33.0	34.0	35.0	36.0	37.0	38.0	39.0	40.0
25-169_R2_001	1.0	20.0	593.0	10338.0	49327.0	106567.0	154955.0	231848.0	301059.0	296975.0	259075.0	218015.0	164001.0	158735.0	163736.0	188478.0	218086.0	294642.0	412089.0	583197.0	721241.0	903668.0	1118436.0	1698403.0	2887389.0	7388081.0	31554743.0	7643638.0
	16.0	17.0	18.0	19.0	20.0	21.0	22.0	23.0	24.0	25.0	26.0	27.0	28.0	29.0	30.0	31.0	32.0	33.0	34.0	35.0	36.0	37.0	38.0	39.0	40.0
25-170_R1_001	12.0	263.0	2566.0	9562.0	19511.0	28000.0	35652.0	40332.0	48151.0	54109.0	64874.0	75044.0	91625.0	107648.0	135558.0	166763.0	227550.0	323513.0	530270.0	779714.0	1125788.0	1808366.0	4487922.0	26123036.0	13448017.0
	14.0	15.0	16.0	17.0	18.0	19.0	20.0	21.0	22.0	23.0	24.0	25.0	26.0	27.0	28.0	29.0	30.0	31.0	32.0	33.0	34.0	35.0	36.0	37.0	38.0	39.0	40.0
25-170_R2_001	11.0	334.0	5531.0	27195.0	59259.0	80540.0	96434.0	96832.0	98161.0	97338.0	104748.0	111854.0	127335.0	139016.0	161206.0	179096.0	213582.0	248725.0	320514.0	412774.0	585729.0	858133.0	1467554.0	2548458.0	6245036.0	27899688.0	7548763.0
	16.0	17.0	18.0	19.0	20.0	21.0	22.0	23.0	24.0	25.0	26.0	27.0	28.0	29.0	30.0	31.0	32.0	33.0	34.0	35.0	36.0	37.0	38.0	39.0	40.0
25-171_R1_001	9.0	260.0	2590.0	9319.0	19720.0	27856.0	35420.0	39510.0	45763.0	51272.0	60538.0	69486.0	85265.0	100412.0	127337.0	156257.0	210804.0	285411.0	431507.0	665342.0	1148401.0	1943578.0	4766064.0	25900126.0	11370675.0
	13.0	14.0	15.0	16.0	17.0	18.0	19.0	20.0	21.0	22.0	23.0	24.0	25.0	26.0	27.0	28.0	29.0	30.0	31.0	32.0	33.0	34.0	35.0	36.0	37.0	38.0	39.0	40.0
25-171_R2_001	1.0	16.0	406.0	5069.0	24280.0	56058.0	81306.0	100947.0	103440.0	105566.0	102980.0	107026.0	110773.0	124293.0	135472.0	157214.0	176434.0	215388.0	255191.0	336359.0	426616.0	599030.0	865561.0	1475555.0	2543774.0	6064226.0	26100212.0	7279729.0
	16.0	17.0	18.0	19.0	20.0	21.0	22.0	23.0	24.0	25.0	26.0	27.0	28.0	29.0	30.0	31.0	32.0	33.0	34.0	35.0	36.0	37.0	38.0	39.0	40.0
25-172_R1_001	9.0	187.0	1946.0	7342.0	15527.0	21997.0	27952.0	31739.0	37515.0	42267.0	50527.0	57893.0	71729.0	84999.0	109457.0	137925.0	200697.0	331472.0	548245.0	644730.0	903073.0	1539954.0	3735874.0	19931096.0	8733461.0
	13.0	14.0	15.0	16.0	17.0	18.0	19.0	20.0	21.0	22.0	23.0	24.0	25.0	26.0	27.0	28.0	29.0	30.0	31.0	32.0	33.0	34.0	35.0	36.0	37.0	38.0	39.0	40.0
25-172_R2_001	1.0	8.0	318.0	4346.0	21181.0	46914.0	63683.0	81578.0	89533.0	89960.0	85868.0	89263.0	90875.0	103295.0	113509.0	132985.0	148596.0	182718.0	221785.0	289925.0	364389.0	499716.0	699579.0	1164619.0	2018056.0	4997786.0	21082852.0	4584275.0
	16.0	17.0	18.0	19.0	20.0	21.0	22.0	23.0	24.0	25.0	26.0	27.0	28.0	29.0	30.0	31.0	32.0	33.0	34.0	35.0	36.0	37.0	38.0	39.0	40.0
25-174_R1_001	10.0	227.0	2495.0	10051.0	23705.0	35897.0	43893.0	45860.0	49060.0	50486.0	55800.0	61461.0	72073.0	83960.0	106410.0	132163.0	179806.0	248016.0	392814.0	602546.0	952207.0	1512261.0	3540375.0	19004845.0	9033593.0
	14.0	15.0	16.0	17.0	18.0	19.0	20.0	21.0	22.0	23.0	24.0	25.0	26.0	27.0	28.0	29.0	30.0	31.0	32.0	33.0	34.0	35.0	36.0	37.0	38.0	39.0	40.0
25-174_R2_001	10.0	362.0	5338.0	25891.0	53103.0	69397.0	83249.0	84040.0	85927.0	83448.0	86383.0	88745.0	101376.0	110942.0	128832.0	143448.0	172484.0	205541.0	270232.0	345743.0	478507.0	675082.0	1122092.0	1924639.0	4738695.0	20368891.0	4787617.0
	16.0	17.0	18.0	19.0	20.0	21.0	22.0	23.0	24.0	25.0	26.0	27.0	28.0	29.0	30.0	31.0	32.0	33.0	34.0	35.0	36.0	37.0	38.0	39.0	40.0
25-175_R1_001	16.0	254.0	2645.0	9281.0	18300.0	24206.0	30451.0	34605.0	40525.0	44741.0	53013.0	60675.0	73776.0	87442.0	112984.0	141979.0	199750.0	306645.0	530023.0	676616.0	958734.0	1653179.0	4041668.0	20118620.0	8493881.0
	14.0	15.0	16.0	17.0	18.0	19.0	20.0	21.0	22.0	23.0	24.0	25.0	26.0	27.0	28.0	29.0	30.0	31.0	32.0	33.0	34.0	35.0	36.0	37.0	38.0	39.0	40.0
25-175_R2_001	15.0	400.0	4667.0	21737.0	51129.0	73885.0	89015.0	91908.0	96748.0	95680.0	100293.0	102343.0	114139.0	124174.0	143946.0	162050.0	197981.0	237759.0	318634.0	411955.0	581672.0	835584.0	1395612.0	2355671.0	5420327.0	20074103.0	4612582.0
	16.0	17.0	18.0	19.0	20.0	21.0	22.0	23.0	24.0	25.0	26.0	27.0	28.0	29.0	30.0	31.0	32.0	33.0	34.0	35.0	36.0	37.0	38.0	39.0	40.0
25-177_R1_001	8.0	212.0	2193.0	8267.0	17848.0	26385.0	33952.0	37999.0	43799.0	48085.0	56295.0	64342.0	77644.0	91450.0	115402.0	141775.0	191708.0	257939.0	394849.0	611740.0	1038754.0	1725988.0	4167946.0	23467761.0	11170733.0
	14.0	15.0	16.0	17.0	18.0	19.0	20.0	21.0	22.0	23.0	24.0	25.0	26.0	27.0	28.0	29.0	30.0	31.0	32.0	33.0	34.0	35.0	36.0	37.0	38.0	39.0	40.0
25-177_R2_001	12.0	325.0	4181.0	20609.0	46995.0	67031.0	88746.0	100676.0	102917.0	98675.0	100039.0	97153.0	109763.0	119916.0	139762.0	157279.0	193730.0	236442.0	307500.0	383598.0	526375.0	753666.0	1269081.0	2172585.0	5258495.0	24333985.0	7103538.0
	16.0	17.0	18.0	19.0	20.0	21.0	22.0	23.0	24.0	25.0	26.0	27.0	28.0	29.0	30.0	31.0	32.0	33.0	34.0	35.0	36.0	37.0	38.0	39.0	40.0
25-179_R1_001	15.0	296.0	2828.0	9954.0	20041.0	27267.0	34887.0	40955.0	48739.0	54808.0	65682.0	76263.0	96583.0	120791.0	166631.0	236778.0	452161.0	1071894.0	1339178.0	908925.0	1195578.0	1843262.0	3820762.0	20325332.0	10353717.0
	14.0	15.0	16.0	17.0	18.0	19.0	20.0	21.0	22.0	23.0	24.0	25.0	26.0	27.0	28.0	29.0	30.0	31.0	32.0	33.0	34.0	35.0	36.0	37.0	38.0	39.0	40.0
25-179_R2_001	9.0	471.0	7580.0	36611.0	77390.0	106725.0	142440.0	158848.0	151521.0	126942.0	116698.0	109130.0	117832.0	126147.0	145870.0	166831.0	214272.0	286090.0	402345.0	510114.0	661858.0	854343.0	1326732.0	2231486.0	5493538.0	23009980.0	5731524.0
	15.0	16.0	17.0	18.0	19.0	20.0	21.0	22.0	23.0	24.0	25.0	26.0	27.0	28.0	29.0	30.0	31.0	32.0	33.0	34.0	35.0	36.0	37.0	38.0	39.0	40.0
25-180_R1_001	2.0	24.0	384.0	3174.0	11303.0	24454.0	37008.0	50570.0	63949.0	79619.0	89212.0	105949.0	125118.0	162632.0	206985.0	287507.0	407207.0	739300.0	1723551.0	3271201.0	2569223.0	1935992.0	2520354.0	4900305.0	23789985.0	11407338.0
	14.0	15.0	16.0	17.0	18.0	19.0	20.0	21.0	22.0	23.0	24.0	25.0	26.0	27.0	28.0	29.0	30.0	31.0	32.0	33.0	34.0	35.0	36.0	37.0	38.0	39.0	40.0
25-180_R2_001	13.0	1035.0	15801.0	65605.0	126034.0	163776.0	196658.0	206080.0	209757.0	192940.0	188869.0	181362.0	190352.0	192687.0	211047.0	224062.0	268142.0	335637.0	499040.0	716364.0	1050614.0	1459467.0	2234746.0	3618946.0	8004478.0	27104146.0	6854688.0
	16.0	17.0	18.0	19.0	20.0	21.0	22.0	23.0	24.0	25.0	26.0	27.0	28.0	29.0	30.0	31.0	32.0	33.0	34.0	35.0	36.0	37.0	38.0	39.0	40.0
25-185_R1_001	14.0	129.0	1522.0	5609.0	11897.0	16427.0	21087.0	23653.0	27955.0	31173.0	36614.0	41763.0	51960.0	61781.0	79397.0	101223.0	148751.0	247448.0	402564.0	460027.0	641495.0	1109353.0	2775244.0	14671767.0	6032518.0
	14.0	15.0	16.0	17.0	18.0	19.0	20.0	21.0	22.0	23.0	24.0	25.0	26.0	27.0	28.0	29.0	30.0	31.0	32.0	33.0	34.0	35.0	36.0	37.0	38.0	39.0	40.0
25-185_R2_001	7.0	238.0	3582.0	17016.0	38288.0	53215.0	64269.0	64492.0	65162.0	64236.0	66335.0	68433.0	76015.0	82758.0	96917.0	107436.0	130172.0	156659.0	206825.0	267577.0	375352.0	539513.0	908211.0	1559831.0	3755762.0	15008458.0	3224612.0
	16.0	17.0	18.0	19.0	20.0	21.0	22.0	23.0	24.0	25.0	26.0	27.0	28.0	29.0	30.0	31.0	32.0	33.0	34.0	35.0	36.0	37.0	38.0	39.0	40.0
25-186_R1_001	4.0	147.0	1484.0	5430.0	11012.0	15742.0	20585.0	23655.0	28245.0	31930.0	38439.0	44258.0	55219.0	65505.0	85263.0	109975.0	168948.0	307120.0	438994.0	438618.0	619150.0	1063632.0	2622051.0	13785190.0	6011666.0
	14.0	15.0	16.0	17.0	18.0	19.0	20.0	21.0	22.0	23.0	24.0	25.0	26.0	27.0	28.0	29.0	30.0	31.0	32.0	33.0	34.0	35.0	36.0	37.0	38.0	39.0	40.0
25-186_R2_001	4.0	247.0	3442.0	16428.0	36275.0	48997.0	58325.0	58830.0	60433.0	61518.0	68608.0	74497.0	86086.0	96210.0	111705.0	124175.0	151153.0	177728.0	222017.0	273716.0	370604.0	524653.0	889215.0	1534247.0	3704906.0	14276538.0	2961705.0
	16.0	17.0	18.0	19.0	20.0	21.0	22.0	23.0	24.0	25.0	26.0	27.0	28.0	29.0	30.0	31.0	32.0	33.0	34.0	35.0	36.0	37.0	38.0	39.0	40.0
25-193_R1_001	3.0	114.0	1222.0	4696.0	10498.0	15657.0	20256.0	23761.0	27169.0	29805.0	34606.0	39221.0	47778.0	57897.0	74879.0	95486.0	137411.0	211796.0	392992.0	652865.0	926862.0	1265022.0	2722340.0	13795238.0	6876194.0
	14.0	15.0	16.0	17.0	18.0	19.0	20.0	21.0	22.0	23.0	24.0	25.0	26.0	27.0	28.0	29.0	30.0	31.0	32.0	33.0	34.0	35.0	36.0	37.0	38.0	39.0	40.0
25-193_R2_001	12.0	262.0	3833.0	18193.0	39306.0	54528.0	74273.0	84509.0	81815.0	69654.0	64532.0	60364.0	65140.0	70815.0	83352.0	96526.0	123989.0	159585.0	223904.0	288210.0	394021.0	541687.0	877261.0	1479461.0	3546689.0	14957585.0	4004262.0
	16.0	17.0	18.0	19.0	20.0	21.0	22.0	23.0	24.0	25.0	26.0	27.0	28.0	29.0	30.0	31.0	32.0	33.0	34.0	35.0	36.0	37.0	38.0	39.0	40.0
25-194_R1_001	7.0	138.0	1567.0	5864.0	11939.0	17025.0	20771.0	23183.0	27105.0	29843.0	35633.0	40708.0	49699.0	58789.0	74869.0	92103.0	124231.0	166217.0	252262.0	397636.0	710510.0	1272234.0	3170369.0	16813647.0	7371438.0
	14.0	15.0	16.0	17.0	18.0	19.0	20.0	21.0	22.0	23.0	24.0	25.0	26.0	27.0	28.0	29.0	30.0	31.0	32.0	33.0	34.0	35.0	36.0	37.0	38.0	39.0	40.0
25-194_R2_001	9.0	684.0	13953.0	67511.0	109987.0	92913.0	81353.0	70644.0	67327.0	63537.0	65437.0	67584.0	75901.0	84941.0	101334.0	114803.0	137806.0	163152.0	212595.0	274685.0	386230.0	559670.0	953086.0	1659060.0	4087733.0	17301097.0	3954755.0
	16.0	17.0	18.0	19.0	20.0	21.0	22.0	23.0	24.0	25.0	26.0	27.0	28.0	29.0	30.0	31.0	32.0	33.0	34.0	35.0	36.0	37.0	38.0	39.0	40.0
25-195_R1_001	6.0	177.0	1730.0	6405.0	13798.0	19011.0	24992.0	28771.0	34420.0	39648.0	47996.0	55760.0	69428.0	83335.0	106888.0	137448.0	207257.0	351103.0	593693.0	706465.0	885272.0	1394061.0	3276838.0	17787422.0	8211382.0
	14.0	15.0	16.0	17.0	18.0	19.0	20.0	21.0	22.0	23.0	24.0	25.0	26.0	27.0	28.0	29.0	30.0	31.0	32.0	33.0	34.0	35.0	36.0	37.0	38.0	39.0	40.0
25-195_R2_001	5.0	271.0	3550.0	15058.0	35200.0	54408.0	69015.0	72163.0	76374.0	74734.0	73774.0	73034.0	81842.0	89227.0	102529.0	113267.0	136064.0	166835.0	226162.0	294304.0	412954.0	575513.0	935687.0	1611665.0	4051653.0	19047834.0	5690184.0
	16.0	17.0	18.0	19.0	20.0	21.0	22.0	23.0	24.0	25.0	26.0	27.0	28.0	29.0	30.0	31.0	32.0	33.0	34.0	35.0	36.0	37.0	38.0	39.0	40.0
25-202_R1_001	10.0	301.0	3076.0	11333.0	22189.0	27467.0	32872.0	36971.0	43387.0	48145.0	57015.0	65360.0	80696.0	96704.0	125324.0	160902.0	235383.0	395512.0	758426.0	990280.0	1336800.0	2177545.0	4792984.0	25209565.0	12539637.0
	13.0	14.0	15.0	16.0	17.0	18.0	19.0	20.0	21.0	22.0	23.0	24.0	25.0	26.0	27.0	28.0	29.0	30.0	31.0	32.0	33.0	34.0	35.0	36.0	37.0	38.0	39.0	40.0
25-202_R2_001	1.0	6.0	400.0	5723.0	26838.0	58156.0	80659.0	99251.0	98639.0	99181.0	93132.0	93000.0	94193.0	104795.0	114990.0	135014.0	152088.0	189982.0	237109.0	323210.0	421020.0	586309.0	830551.0	1387202.0	2415986.0	6112102.0	28081943.0	7406404.0
	16.0	17.0	18.0	19.0	20.0	21.0	22.0	23.0	24.0	25.0	26.0	27.0	28.0	29.0	30.0	31.0	32.0	33.0	34.0	35.0	36.0	37.0	38.0	39.0	40.0
25-203_R1_001	7.0	160.0	1694.0	6561.0	13611.0	19516.0	25034.0	28508.0	33321.0	37411.0	44533.0	51332.0	62133.0	73038.0	92647.0	112581.0	150420.0	200214.0	302647.0	474598.0	836559.0	1472245.0	3600137.0	19320272.0	8934596.0
	14.0	15.0	16.0	17.0	18.0	19.0	20.0	21.0	22.0	23.0	24.0	25.0	26.0	27.0	28.0	29.0	30.0	31.0	32.0	33.0	34.0	35.0	36.0	37.0	38.0	39.0	40.0
25-203_R2_001	18.0	751.0	15841.0	78666.0	127636.0	104369.0	88431.0	77371.0	75350.0	73021.0	76134.0	79348.0	91783.0	101971.0	121110.0	136134.0	162406.0	189962.0	247982.0	318063.0	445419.0	642402.0	1085665.0	1887982.0	4713893.0	20203710.0	4748357.0
	16.0	17.0	18.0	19.0	20.0	21.0	22.0	23.0	24.0	25.0	26.0	27.0	28.0	29.0	30.0	31.0	32.0	33.0	34.0	35.0	36.0	37.0	38.0	39.0	40.0
5-002_R1_001	9.0	232.0	2159.0	7987.0	16382.0	23153.0	29645.0	33617.0	39713.0	45223.0	53750.0	62052.0	75931.0	90554.0	115871.0	144304.0	203546.0	302210.0	525606.0	777186.0	1045979.0	1606069.0	3956325.0	22971467.0	11509872.0
	14.0	15.0	16.0	17.0	18.0	19.0	20.0	21.0	22.0	23.0	24.0	25.0	26.0	27.0	28.0	29.0	30.0	31.0	32.0	33.0	34.0	35.0	36.0	37.0	38.0	39.0	40.0
5-002_R2_001	11.0	330.0	5000.0	23669.0	53269.0	75336.0	99866.0	109854.0	106716.0	93759.0	92607.0	91289.0	102445.0	111474.0	130869.0	148020.0	186464.0	234457.0	314952.0	397867.0	538916.0	753994.0	1255173.0	2155834.0	5255514.0	24346778.0	6954379.0
	16.0	17.0	18.0	19.0	20.0	21.0	22.0	23.0	24.0	25.0	26.0	27.0	28.0	29.0	30.0	31.0	32.0	33.0	34.0	35.0	36.0	37.0	38.0	39.0	40.0
5-003_R1_001	6.0	217.0	2355.0	9011.0	18148.0	24197.0	29111.0	32465.0	37767.0	41992.0	50140.0	58145.0	70928.0	83904.0	108108.0	136086.0	190378.0	284864.0	486258.0	721221.0	1065339.0	1730664.0	4138169.0	24342263.0	13050708.0
	14.0	15.0	16.0	17.0	18.0	19.0	20.0	21.0	22.0	23.0	24.0	25.0	26.0	27.0	28.0	29.0	30.0	31.0	32.0	33.0	34.0	35.0	36.0	37.0	38.0	39.0	40.0
5-003_R2_001	13.0	325.0	4616.0	21980.0	47657.0	66194.0	82318.0	82867.0	82858.0	78495.0	80494.0	83573.0	94767.0	103626.0	121569.0	137673.0	169638.0	206418.0	275491.0	356152.0	500707.0	727366.0	1238093.0	2160004.0	5403901.0	26574162.0	8011487.0
	16.0	17.0	18.0	19.0	20.0	21.0	22.0	23.0	24.0	25.0	26.0	27.0	28.0	29.0	30.0	31.0	32.0	33.0	34.0	35.0	36.0	37.0	38.0	39.0	40.0
5-004_R1_001	11.0	257.0	2652.0	9719.0	20209.0	27476.0	33668.0	38279.0	46090.0	51357.0	61355.0	71425.0	87603.0	104500.0	135401.0	172698.0	252260.0	424143.0	785658.0	980985.0	1310815.0	2170042.0	4943524.0	26773593.0	13542035.0
	13.0	14.0	15.0	16.0	17.0	18.0	19.0	20.0	21.0	22.0	23.0	24.0	25.0	26.0	27.0	28.0	29.0	30.0	31.0	32.0	33.0	34.0	35.0	36.0	37.0	38.0	39.0	40.0
5-004_R2_001	1.0	13.0	391.0	5684.0	27018.0	58545.0	79811.0	97911.0	98566.0	101756.0	98479.0	99998.0	101939.0	115061.0	125596.0	147623.0	165975.0	203414.0	251297.0	341117.0	445486.0	626572.0	891126.0	1480936.0	2567511.0	6457739.0	29649341.0	7806849.0
	16.0	17.0	18.0	19.0	20.0	21.0	22.0	23.0	24.0	25.0	26.0	27.0	28.0	29.0	30.0	31.0	32.0	33.0	34.0	35.0	36.0	37.0	38.0	39.0	40.0
5-005_R1_001	8.0	177.0	2075.0	7659.0	16466.0	22740.0	28829.0	32202.0	37836.0	41996.0	49952.0	57176.0	69362.0	82158.0	104564.0	131463.0	180998.0	261140.0	431403.0	640972.0	963302.0	1584775.0	3965582.0	23465347.0	12184470.0
	14.0	15.0	16.0	17.0	18.0	19.0	20.0	21.0	22.0	23.0	24.0	25.0	26.0	27.0	28.0	29.0	30.0	31.0	32.0	33.0	34.0	35.0	36.0	37.0	38.0	39.0	40.0
5-005_R2_001	18.0	336.0	4596.0	22393.0	48565.0	65837.0	79267.0	81897.0	84051.0	79925.0	81319.0	82974.0	94224.0	103488.0	121862.0	137951.0	169823.0	206667.0	275071.0	359831.0	512728.0	747645.0	1277309.0	2213718.0	5359822.0	24663771.0	7487564.0
	16.0	17.0	18.0	19.0	20.0	21.0	22.0	23.0	24.0	25.0	26.0	27.0	28.0	29.0	30.0	31.0	32.0	33.0	34.0	35.0	36.0	37.0	38.0	39.0	40.0
5-006_R1_001	5.0	208.0	1986.0	7683.0	14959.0	19898.0	23619.0	26341.0	31283.0	34934.0	41870.0	47885.0	59130.0	70549.0	92300.0	117522.0	176479.0	309167.0	505018.0	569590.0	792120.0	1345402.0	3234003.0	17838952.0	8278588.0
	14.0	15.0	16.0	17.0	18.0	19.0	20.0	21.0	22.0	23.0	24.0	25.0	26.0	27.0	28.0	29.0	30.0	31.0	32.0	33.0	34.0	35.0	36.0	37.0	38.0	39.0	40.0
5-006_R2_001	4.0	255.0	4298.0	20419.0	43167.0	57227.0	69813.0	69463.0	69489.0	66956.0	69784.0	71799.0	81198.0	89001.0	104202.0	116426.0	141983.0	173386.0	230262.0	298902.0	420378.0	601614.0	1003638.0	1745044.0	4366038.0	19257007.0	4467738.0
	16.0	17.0	18.0	19.0	20.0	21.0	22.0	23.0	24.0	25.0	26.0	27.0	28.0	29.0	30.0	31.0	32.0	33.0	34.0	35.0	36.0	37.0	38.0	39.0	40.0
5-007_R1_001	9.0	165.0	1776.0	6642.0	14313.0	20263.0	25055.0	27118.0	30556.0	33279.0	39009.0	44381.0	54199.0	64634.0	83431.0	104171.0	143664.0	203199.0	326212.0	497268.0	779447.0	1246390.0	2956560.0	16081459.0	7578909.0
	14.0	15.0	16.0	17.0	18.0	19.0	20.0	21.0	22.0	23.0	24.0	25.0	26.0	27.0	28.0	29.0	30.0	31.0	32.0	33.0	34.0	35.0	36.0	37.0	38.0	39.0	40.0
5-007_R2_001	7.0	278.0	4273.0	20271.0	41584.0	52675.0	61806.0	63410.0	65660.0	64846.0	68827.0	72621.0	82881.0	91108.0	106845.0	120432.0	146970.0	174579.0	227596.0	291557.0	402198.0	567880.0	952067.0	1641082.0	4015254.0	16928088.0	4097314.0
	16.0	17.0	18.0	19.0	20.0	21.0	22.0	23.0	24.0	25.0	26.0	27.0	28.0	29.0	30.0	31.0	32.0	33.0	34.0	35.0	36.0	37.0	38.0	39.0	40.0
5-008_R1_001	11.0	225.0	2342.0	9153.0	19598.0	28008.0	35604.0	39723.0	46171.0	50676.0	60232.0	69049.0	83723.0	98696.0	125471.0	156266.0	215458.0	307010.0	509448.0	765631.0	1136260.0	1854583.0	4654655.0	27058714.0	13303522.0
	14.0	15.0	16.0	17.0	18.0	19.0	20.0	21.0	22.0	23.0	24.0	25.0	26.0	27.0	28.0	29.0	30.0	31.0	32.0	33.0	34.0	35.0	36.0	37.0	38.0	39.0	40.0
5-008_R2_001	18.0	359.0	5368.0	26442.0	58405.0	80982.0	104441.0	115514.0	113957.0	106674.0	108016.0	106553.0	119755.0	131698.0	156269.0	176663.0	220343.0	270437.0	351314.0	442186.0	611621.0	880875.0	1495819.0	2574147.0	6230921.0	28283978.0	7857474.0
	16.0	17.0	18.0	19.0	20.0	21.0	22.0	23.0	24.0	25.0	26.0	27.0	28.0	29.0	30.0	31.0	32.0	33.0	34.0	35.0	36.0	37.0	38.0	39.0	40.0
5-009_R1_001	7.0	167.0	1960.0	7325.0	14906.0	20593.0	25488.0	27942.0	32878.0	35450.0	41797.0	47297.0	57647.0	68075.0	87686.0	110102.0	155536.0	241010.0	418028.0	551671.0	807655.0	1375602.0	3303612.0	17421529.0	7957144.0
	14.0	15.0	16.0	17.0	18.0	19.0	20.0	21.0	22.0	23.0	24.0	25.0	26.0	27.0	28.0	29.0	30.0	31.0	32.0	33.0	34.0	35.0	36.0	37.0	38.0	39.0	40.0
5-009_R2_001	12.0	258.0	3504.0	16885.0	37727.0	53440.0	69444.0	77491.0	77853.0	73595.0	75267.0	73906.0	82841.0	91282.0	106968.0	122221.0	151904.0	185207.0	243297.0	305181.0	422199.0	607431.0	1028650.0	1770099.0	4298248.0	18283884.0	4552313.0
	16.0	17.0	18.0	19.0	20.0	21.0	22.0	23.0	24.0	25.0	26.0	27.0	28.0	29.0	30.0	31.0	32.0	33.0	34.0	35.0	36.0	37.0	38.0	39.0	40.0
5-010_R1_001	4.0	157.0	1615.0	6190.0	13231.0	18571.0	24308.0	27793.0	33220.0	38106.0	45573.0	53611.0	65946.0	79770.0	102786.0	131945.0	196086.0	322330.0	538425.0	654407.0	832972.0	1345447.0	3297517.0	18342442.0	8322763.0
	13.0	14.0	15.0	16.0	17.0	18.0	19.0	20.0	21.0	22.0	23.0	24.0	25.0	26.0	27.0	28.0	29.0	30.0	31.0	32.0	33.0	34.0	35.0	36.0	37.0	38.0	39.0	40.0
5-010_R2_001	1.0	8.0	275.0	3291.0	14826.0	35633.0	55872.0	75249.0	79191.0	79768.0	74609.0	73262.0	72082.0	79834.0	86513.0	101070.0	113301.0	137716.0	170595.0	231422.0	297395.0	412055.0	576286.0	953155.0	1645494.0	4076693.0	19369326.0	5680293.0
	16.0	17.0	18.0	19.0	20.0	21.0	22.0	23.0	24.0	25.0	26.0	27.0	28.0	29.0	30.0	31.0	32.0	33.0	34.0	35.0	36.0	37.0	38.0	39.0	40.0
5-012_R1_001	10.0	209.0	2104.0	7883.0	16579.0	24023.0	30869.0	34691.0	40941.0	45333.0	54004.0	61275.0	74773.0	87904.0	112225.0	138732.0	188204.0	255504.0	394354.0	621501.0	1074552.0	1807548.0	4374641.0	23288678.0	10396011.0
	14.0	15.0	16.0	17.0	18.0	19.0	20.0	21.0	22.0	23.0	24.0	25.0	26.0	27.0	28.0	29.0	30.0	31.0	32.0	33.0	34.0	35.0	36.0	37.0	38.0	39.0	40.0
5-012_R2_001	9.0	370.0	4806.0	22491.0	52132.0	75145.0	93733.0	97397.0	98416.0	93187.0	95282.0	97051.0	110126.0	120591.0	141698.0	160066.0	197170.0	238701.0	318123.0	407918.0	573777.0	829063.0	1402070.0	2388991.0	5630539.0	23501510.0	6382186.0
	16.0	17.0	18.0	19.0	20.0	21.0	22.0	23.0	24.0	25.0	26.0	27.0	28.0	29.0	30.0	31.0	32.0	33.0	34.0	35.0	36.0	37.0	38.0	39.0	40.0
5-014_R1_001	4.0	189.0	1925.0	7503.0	16944.0	24864.0	31308.0	35949.0	42721.0	48109.0	57242.0	66009.0	82202.0	98304.0	125978.0	158446.0	221894.0	327337.0	583325.0	969012.0	1445290.0	2111276.0	4715860.0	24906792.0	13086780.0
	14.0	15.0	16.0	17.0	18.0	19.0	20.0	21.0	22.0	23.0	24.0	25.0	26.0	27.0	28.0	29.0	30.0	31.0	32.0	33.0	34.0	35.0	36.0	37.0	38.0	39.0	40.0
5-014_R2_001	14.0	339.0	5952.0	29301.0	61049.0	80729.0	99867.0	101439.0	105878.0	100609.0	98026.0	97419.0	109197.0	118916.0	138367.0	156303.0	191110.0	237232.0	322177.0	424678.0	598194.0	844965.0	1397093.0	2404120.0	6007133.0	27745982.0	7689174.0
	16.0	17.0	18.0	19.0	20.0	21.0	22.0	23.0	24.0	25.0	26.0	27.0	28.0	29.0	30.0	31.0	32.0	33.0	34.0	35.0	36.0	37.0	38.0	39.0	40.0
5-015_R1_001	4.0	134.0	1417.0	5338.0	11779.0	17397.0	23081.0	26008.0	31054.0	34113.0	40801.0	47115.0	58032.0	70434.0	91853.0	118904.0	177608.0	289341.0	473944.0	588285.0	808115.0	1346828.0	3326245.0	18223198.0	8294698.0
	14.0	15.0	16.0	17.0	18.0	19.0	20.0	21.0	22.0	23.0	24.0	25.0	26.0	27.0	28.0	29.0	30.0	31.0	32.0	33.0	34.0	35.0	36.0	37.0	38.0	39.0	40.0
5-015_R2_001	10.0	335.0	3370.0	14566.0	34014.0	51301.0	64921.0	66443.0	69841.0	67548.0	67467.0	66653.0	74320.0	80669.0	95445.0	107549.0	131798.0	162615.0	220895.0	290810.0	412709.0	591906.0	989785.0	1689546.0	4080908.0	18956192.0	5714110.0
	16.0	17.0	18.0	19.0	20.0	21.0	22.0	23.0	24.0	25.0	26.0	27.0	28.0	29.0	30.0	31.0	32.0	33.0	34.0	35.0	36.0	37.0	38.0	39.0	40.0
5-061_R1_001	13.0	167.0	1825.0	6958.0	14516.0	19554.0	24234.0	26786.0	31172.0	34104.0	40828.0	46436.0	57084.0	68059.0	87532.0	111101.0	155817.0	230864.0	394117.0	594203.0	859895.0	1371696.0	3412316.0	19723918.0	9624112.0
	14.0	15.0	16.0	17.0	18.0	19.0	20.0	21.0	22.0	23.0	24.0	25.0	26.0	27.0	28.0	29.0	30.0	31.0	32.0	33.0	34.0	35.0	36.0	37.0	38.0	39.0	40.0
5-061_R2_001	9.0	309.0	4153.0	20166.0	44298.0	61265.0	76019.0	77226.0	77305.0	71326.0	71228.0	71897.0	79772.0	87638.0	103559.0	119283.0	148025.0	184045.0	250297.0	324240.0	458515.0	662642.0	1122336.0	1925368.0	4626844.0	20585058.0	5684484.0
	15.0	16.0	17.0	18.0	19.0	20.0	21.0	22.0	23.0	24.0	25.0	26.0	27.0	28.0	29.0	30.0	31.0	32.0	33.0	34.0	35.0	36.0	37.0	38.0	39.0	40.0
5-063_R1_001	1.0	11.0	241.0	2573.0	10494.0	24639.0	38070.0	47268.0	46801.0	48641.0	49830.0	54997.0	60401.0	71745.0	84796.0	107909.0	133610.0	180383.0	244841.0	378222.0	595236.0	1026847.0	1738276.0	4258761.0	23145151.0	10327797.0
	14.0	15.0	16.0	17.0	18.0	19.0	20.0	21.0	22.0	23.0	24.0	25.0	26.0	27.0	28.0	29.0	30.0	31.0	32.0	33.0	34.0	35.0	36.0	37.0	38.0	39.0	40.0
5-063_R2_001	10.0	380.0	5842.0	27524.0	57550.0	74819.0	93108.0	98333.0	96354.0	91144.0	94502.0	96347.0	109091.0	119896.0	141646.0	159546.0	195235.0	237014.0	307070.0	389119.0	541096.0	782689.0	1340322.0	2332315.0	5710387.0	24065725.0	5510477.0
	16.0	17.0	18.0	19.0	20.0	21.0	22.0	23.0	24.0	25.0	26.0	27.0	28.0	29.0	30.0	31.0	32.0	33.0	34.0	35.0	36.0	37.0	38.0	39.0	40.0
5-066_R1_001	42.0	623.0	4147.0	11935.0	24318.0	38404.0	58228.0	79640.0	102985.0	112247.0	131150.0	156350.0	207114.0	272528.0	402446.0	618880.0	1219755.0	3046947.0	6014837.0	3951723.0	1278831.0	1094209.0	1822796.0	7890935.0	3587599.0
	14.0	15.0	16.0	17.0	18.0	19.0	20.0	21.0	22.0	23.0	24.0	25.0	26.0	27.0	28.0	29.0	30.0	31.0	32.0	33.0	34.0	35.0	36.0	37.0	38.0	39.0	40.0
5-066_R2_001	14.0	1544.0	25389.0	103041.0	220862.0	353461.0	528216.0	587673.0	580326.0	477193.0	345103.0	224373.0	174938.0	149162.0	151371.0	166038.0	254731.0	478775.0	889726.0	1263817.0	1605716.0	1692818.0	1827311.0	2167023.0	4100801.0	11360212.0	2399035.0
	16.0	17.0	18.0	19.0	20.0	21.0	22.0	23.0	24.0	25.0	26.0	27.0	28.0	29.0	30.0	31.0	32.0	33.0	34.0	35.0	36.0	37.0	38.0	39.0	40.0
5-067_R1_001	7.0	207.0	2195.0	8004.0	16942.0	23948.0	30432.0	35046.0	42111.0	47589.0	57354.0	66532.0	82113.0	98838.0	127070.0	162743.0	241218.0	410175.0	643201.0	730396.0	1061118.0	1825169.0	4427619.0	23931895.0	10987696.0
	14.0	15.0	16.0	17.0	18.0	19.0	20.0	21.0	22.0	23.0	24.0	25.0	26.0	27.0	28.0	29.0	30.0	31.0	32.0	33.0	34.0	35.0	36.0	37.0	38.0	39.0	40.0
5-067_R2_001	11.0	325.0	5115.0	24839.0	52474.0	68743.0	81636.0	82537.0	85568.0	85845.0	92178.0	97564.0	113064.0	124840.0	146013.0	166129.0	200949.0	241602.0	316283.0	408661.0	573235.0	820236.0	1386109.0	2421351.0	6040969.0	25468229.0	5955113.0
	16.0	17.0	18.0	19.0	20.0	21.0	22.0	23.0	24.0	25.0	26.0	27.0	28.0	29.0	30.0	31.0	32.0	33.0	34.0	35.0	36.0	37.0	38.0	39.0	40.0
5-069_R1_001	7.0	189.0	1651.0	6062.0	12954.0	19608.0	25661.0	29675.0	35047.0	39474.0	46867.0	54142.0	67303.0	80664.0	104702.0	130961.0	180885.0	252751.0	399450.0	629137.0	1075777.0	1733550.0	4040026.0	20280614.0	8407306.0
	14.0	15.0	16.0	17.0	18.0	19.0	20.0	21.0	22.0	23.0	24.0	25.0	26.0	27.0	28.0	29.0	30.0	31.0	32.0	33.0	34.0	35.0	36.0	37.0	38.0	39.0	40.0
5-069_R2_001	11.0	418.0	5134.0	23742.0	55986.0	83336.0	109804.0	122936.0	121037.0	106063.0	101594.0	97576.0	106792.0	116432.0	135295.0	155123.0	194568.0	245282.0	332147.0	420808.0	576590.0	807025.0	1337997.0	2240059.0	5148939.0	19892109.0	5117660.0
	16.0	17.0	18.0	19.0	20.0	21.0	22.0	23.0	24.0	25.0	26.0	27.0	28.0	29.0	30.0	31.0	32.0	33.0	34.0	35.0	36.0	37.0	38.0	39.0	40.0
5-071_R1_001	4.0	222.0	2560.0	9917.0	20805.0	29712.0	36746.0	39671.0	43864.0	46228.0	53117.0	60096.0	72833.0	85904.0	109556.0	136234.0	184869.0	250691.0	388083.0	607607.0	1050459.0	1771606.0	4316961.0	23106671.0	10264709.0
	14.0	15.0	16.0	17.0	18.0	19.0	20.0	21.0	22.0	23.0	24.0	25.0	26.0	27.0	28.0	29.0	30.0	31.0	32.0	33.0	34.0	35.0	36.0	37.0	38.0	39.0	40.0
5-071_R2_001	13.0	445.0	6247.0	29278.0	60189.0	78359.0	93030.0	93445.0	92930.0	89743.0	93399.0	96550.0	108817.0	119975.0	140875.0	159964.0	195720.0	236726.0	313778.0	403952.0	573165.0	838405.0	1427072.0	2449297.0	5865940.0	23788859.0	5332952.0
	16.0	17.0	18.0	19.0	20.0	21.0	22.0	23.0	24.0	25.0	26.0	27.0	28.0	29.0	30.0	31.0	32.0	33.0	34.0	35.0	36.0	37.0	38.0	39.0	40.0
5-073_R1_001	13.0	287.0	2223.0	7601.0	15344.0	21920.0	29706.0	36474.0	47268.0	57146.0	72997.0	88527.0	117114.0	153195.0	228102.0	368766.0	921900.0	1907143.0	1136362.0	640026.0	883355.0	1377183.0	2876233.0	15565734.0	8475168.0
	13.0	14.0	15.0	16.0	17.0	18.0	19.0	20.0	21.0	22.0	23.0	24.0	25.0	26.0	27.0	28.0	29.0	30.0	31.0	32.0	33.0	34.0	35.0	36.0	37.0	38.0	39.0	40.0
5-073_R2_001	1.0	4.0	388.0	7010.0	34468.0	72348.0	96218.0	118585.0	128415.0	143110.0	155371.0	180036.0	195431.0	231808.0	257771.0	295336.0	339421.0	427259.0	495345.0	570643.0	606980.0	658150.0	744394.0	1117438.0	1870009.0	4396293.0	17375502.0	4512053.0
	16.0	17.0	18.0	19.0	20.0	21.0	22.0	23.0	24.0	25.0	26.0	27.0	28.0	29.0	30.0	31.0	32.0	33.0	34.0	35.0	36.0	37.0	38.0	39.0	40.0
5-074_R1_001	8.0	229.0	2081.0	7456.0	15289.0	21375.0	28077.0	32176.0	38940.0	43380.0	51871.0	59483.0	73754.0	88951.0	114994.0	149270.0	224231.0	370791.0	610451.0	725041.0	934052.0	1531257.0	3721498.0	19395683.0	8523697.0
	13.0	14.0	15.0	16.0	17.0	18.0	19.0	20.0	21.0	22.0	23.0	24.0	25.0	26.0	27.0	28.0	29.0	30.0	31.0	32.0	33.0	34.0	35.0	36.0	37.0	38.0	39.0	40.0
5-074_R2_001	1.0	21.0	413.0	4502.0	18632.0	43519.0	65738.0	81888.0	83373.0	87169.0	85156.0	85781.0	85352.0	94328.0	102283.0	117738.0	131272.0	160498.0	195818.0	267931.0	356194.0	504036.0	715343.0	1177638.0	1984063.0	4648892.0	19800489.0	5865967.0
	16.0	17.0	18.0	19.0	20.0	21.0	22.0	23.0	24.0	25.0	26.0	27.0	28.0	29.0	30.0	31.0	32.0	33.0	34.0	35.0	36.0	37.0	38.0	39.0	40.0
5-075_R1_001	8.0	128.0	1238.0	4484.0	9959.0	14563.0	18900.0	21833.0	25610.0	28930.0	34534.0	40335.0	48993.0	58883.0	77243.0	100162.0	148861.0	245613.0	411804.0	505648.0	664204.0	1087088.0	2679450.0	14900692.0	6777774.0
	14.0	15.0	16.0	17.0	18.0	19.0	20.0	21.0	22.0	23.0	24.0	25.0	26.0	27.0	28.0	29.0	30.0	31.0	32.0	33.0	34.0	35.0	36.0	37.0	38.0	39.0	40.0
5-075_R2_001	11.0	201.0	2553.0	11905.0	27638.0	43866.0	62942.0	76604.0	77625.0	70333.0	64388.0	57610.0	62252.0	67741.0	79759.0	91020.0	115317.0	146368.0	194484.0	245409.0	332213.0	463140.0	766571.0	1314611.0	3217113.0	15541934.0	4773329.0
	16.0	17.0	18.0	19.0	20.0	21.0	22.0	23.0	24.0	25.0	26.0	27.0	28.0	29.0	30.0	31.0	32.0	33.0	34.0	35.0	36.0	37.0	38.0	39.0	40.0
5-121_R1_001	11.0	226.0	2277.0	8000.0	15718.0	21217.0	27225.0	30843.0	36215.0	40901.0	48225.0	55446.0	68081.0	80154.0	102088.0	125939.0	170290.0	228976.0	354172.0	551218.0	956497.0	1602374.0	3891147.0	21254492.0	9968740.0
	14.0	15.0	16.0	17.0	18.0	19.0	20.0	21.0	22.0	23.0	24.0	25.0	26.0	27.0	28.0	29.0	30.0	31.0	32.0	33.0	34.0	35.0	36.0	37.0	38.0	39.0	40.0
5-121_R2_001	10.0	320.0	4112.0	19251.0	44635.0	62817.0	75823.0	76150.0	78812.0	76651.0	79737.0	82832.0	94015.0	102436.0	120242.0	134193.0	164668.0	198272.0	263594.0	343421.0	488830.0	714203.0	1218540.0	2097200.0	5034086.0	21827315.0	6238307.0
	16.0	17.0	18.0	19.0	20.0	21.0	22.0	23.0	24.0	25.0	26.0	27.0	28.0	29.0	30.0	31.0	32.0	33.0	34.0	35.0	36.0	37.0	38.0	39.0	40.0
5-122_R1_001	7.0	165.0	1422.0	5036.0	10167.0	14103.0	18114.0	20265.0	24171.0	26626.0	31415.0	35114.0	42514.0	50287.0	64299.0	80327.0	112451.0	168922.0	285723.0	376540.0	561650.0	977062.0	2399153.0	12550986.0	5632089.0
	13.0	14.0	15.0	16.0	17.0	18.0	19.0	20.0	21.0	22.0	23.0	24.0	25.0	26.0	27.0	28.0	29.0	30.0	31.0	32.0	33.0	34.0	35.0	36.0	37.0	38.0	39.0	40.0
5-122_R2_001	1.0	6.0	180.0	2409.0	11947.0	27076.0	37705.0	45873.0	48061.0	50673.0	49275.0	51855.0	53127.0	59878.0	65879.0	76783.0	87084.0	107579.0	130134.0	173246.0	223683.0	316910.0	460954.0	779347.0	1336770.0	3183640.0	12880540.0	3227993.0
	16.0	17.0	18.0	19.0	20.0	21.0	22.0	23.0	24.0	25.0	26.0	27.0	28.0	29.0	30.0	31.0	32.0	33.0	34.0	35.0	36.0	37.0	38.0	39.0	40.0
5-123_R1_001	5.0	237.0	2446.0	9053.0	17661.0	23136.0	28089.0	32088.0	37484.0	42018.0	50259.0	57986.0	71129.0	84207.0	109292.0	136804.0	191259.0	279397.0	473659.0	703744.0	1012263.0	1632075.0	4076764.0	23787257.0	11983939.0
	14.0	15.0	16.0	17.0	18.0	19.0	20.0	21.0	22.0	23.0	24.0	25.0	26.0	27.0	28.0	29.0	30.0	31.0	32.0	33.0	34.0	35.0	36.0	37.0	38.0	39.0	40.0
5-123_R2_001	12.0	339.0	5080.0	23611.0	51730.0	71250.0	84942.0	84920.0	87609.0	83906.0	86254.0	87136.0	99266.0	107748.0	126682.0	144031.0	175671.0	215708.0	290487.0	381670.0	545211.0	789233.0	1338590.0	2299696.0	5560410.0	24990030.0	7111029.0
	16.0	17.0	18.0	19.0	20.0	21.0	22.0	23.0	24.0	25.0	26.0	27.0	28.0	29.0	30.0	31.0	32.0	33.0	34.0	35.0	36.0	37.0	38.0	39.0	40.0
5-124_R1_001	8.0	170.0	1866.0	7452.0	17715.0	26493.0	34447.0	39135.0	45830.0	50408.0	60052.0	68160.0	84074.0	100395.0	130159.0	164597.0	232760.0	347568.0	640971.0	1077744.0	1583702.0	2319168.0	5136302.0	26884084.0	13673110.0
	14.0	15.0	16.0	17.0	18.0	19.0	20.0	21.0	22.0	23.0	24.0	25.0	26.0	27.0	28.0	29.0	30.0	31.0	32.0	33.0	34.0	35.0	36.0	37.0	38.0	39.0	40.0
5-124_R2_001	14.0	456.0	6477.0	30799.0	65369.0	85470.0	100897.0	100920.0	102662.0	99545.0	105260.0	109581.0	124099.0	136355.0	159494.0	181985.0	223172.0	270754.0	358588.0	472637.0	685198.0	1011640.0	1721079.0	2996116.0	7181186.0	28887851.0	7508766.0
	16.0	17.0	18.0	19.0	20.0	21.0	22.0	23.0	24.0	25.0	26.0	27.0	28.0	29.0	30.0	31.0	32.0	33.0	34.0	35.0	36.0	37.0	38.0	39.0	40.0
5-125_R1_001	7.0	173.0	1872.0	7139.0	15501.0	22578.0	29225.0	33187.0	38186.0	40911.0	48023.0	54019.0	66955.0	81557.0	108117.0	141691.0	218537.0	375946.0	649133.0	800774.0	1029406.0	1620291.0	3746174.0	20288317.0	9198506.0
	14.0	15.0	16.0	17.0	18.0	19.0	20.0	21.0	22.0	23.0	24.0	25.0	26.0	27.0	28.0	29.0	30.0	31.0	32.0	33.0	34.0	35.0	36.0	37.0	38.0	39.0	40.0
5-125_R2_001	15.0	327.0	4238.0	17502.0	40006.0	61469.0	81650.0	84226.0	86676.0	82326.0	79342.0	74128.0	78952.0	83516.0	97562.0	110842.0	138946.0	175002.0	245617.0	325415.0	458187.0	645208.0	1058197.0	1815256.0	4437770.0	21372967.0	6960883.0
	16.0	17.0	18.0	19.0	20.0	21.0	22.0	23.0	24.0	25.0	26.0	27.0	28.0	29.0	30.0	31.0	32.0	33.0	34.0	35.0	36.0	37.0	38.0	39.0	40.0
5-126_R1_001	10.0	244.0	2183.0	8516.0	19149.0	28314.0	36332.0	40598.0	47849.0	51405.0	60599.0	69797.0	88506.0	111393.0	156262.0	226661.0	443363.0	1036898.0	1268441.0	875840.0	1184495.0	1862322.0	3956522.0	21398818.0	10744974.0
	14.0	15.0	16.0	17.0	18.0	19.0	20.0	21.0	22.0	23.0	24.0	25.0	26.0	27.0	28.0	29.0	30.0	31.0	32.0	33.0	34.0	35.0	36.0	37.0	38.0	39.0	40.0
5-126_R2_001	15.0	521.0	7728.0	36401.0	76169.0	104090.0	128680.0	128916.0	134089.0	123578.0	116935.0	109093.0	115723.0	123762.0	142477.0	160644.0	201096.0	259548.0	369275.0	488868.0	661288.0	881100.0	1387489.0	2330847.0	5673050.0	23866435.0	6091674.0
	16.0	17.0	18.0	19.0	20.0	21.0	22.0	23.0	24.0	25.0	26.0	27.0	28.0	29.0	30.0	31.0	32.0	33.0	34.0	35.0	36.0	37.0	38.0	39.0	40.0
5-127_R1_001	12.0	340.0	2478.0	8091.0	17611.0	27822.0	41143.0	54544.0	70182.0	77718.0	91523.0	108815.0	143094.0	187032.0	270621.0	406254.0	785914.0	1924509.0	3656631.0	2440806.0	1156585.0	1347557.0	2582322.0	12424073.0	5823101.0
	14.0	15.0	16.0	17.0	18.0	19.0	20.0	21.0	22.0	23.0	24.0	25.0	26.0	27.0	28.0	29.0	30.0	31.0	32.0	33.0	34.0	35.0	36.0	37.0	38.0	39.0	40.0
5-127_R2_001	19.0	1048.0	16361.0	66610.0	138172.0	207535.0	282708.0	303821.0	325966.0	292025.0	226420.0	163987.0	140431.0	126820.0	131742.0	141632.0	190827.0	311036.0	565075.0	829133.0	1114785.0	1288874.0	1560504.0	2061330.0	4302290.0	15129773.0	3729854.0
	16.0	17.0	18.0	19.0	20.0	21.0	22.0	23.0	24.0	25.0	26.0	27.0	28.0	29.0	30.0	31.0	32.0	33.0	34.0	35.0	36.0	37.0	38.0	39.0	40.0
5-128_R1_001	6.0	180.0	2041.0	8129.0	16099.0	21689.0	27107.0	29728.0	35195.0	38997.0	47124.0	54241.0	66149.0	79525.0	99719.0	124221.0	168212.0	224090.0	340258.0	539564.0	961589.0	1699347.0	4183626.0	22042348.0	10040456.0
	13.0	14.0	15.0	16.0	17.0	18.0	19.0	20.0	21.0	22.0	23.0	24.0	25.0	26.0	27.0	28.0	29.0	30.0	31.0	32.0	33.0	34.0	35.0	36.0	37.0	38.0	39.0	40.0
5-128_R2_001	1.0	19.0	1002.0	19077.0	91957.0	149562.0	123163.0	110649.0	99883.0	91822.0	83763.0	85144.0	88115.0	101223.0	111994.0	134197.0	153367.0	186571.0	223311.0	293479.0	373265.0	520270.0	743949.0	1254379.0	2169042.0	5373264.0	23019062.0	5248110.0
	16.0	17.0	18.0	19.0	20.0	21.0	22.0	23.0	24.0	25.0	26.0	27.0	28.0	29.0	30.0	31.0	32.0	33.0	34.0	35.0	36.0	37.0	38.0	39.0	40.0
5-130_R1_001	10.0	263.0	2333.0	8642.0	17834.0	24317.0	30746.0	34731.0	40810.0	45626.0	54847.0	62380.0	76841.0	90605.0	116920.0	144836.0	199823.0	277455.0	437246.0	683843.0	1147326.0	1870044.0	4485455.0	25162164.0	12224974.0
	14.0	15.0	16.0	17.0	18.0	19.0	20.0	21.0	22.0	23.0	24.0	25.0	26.0	27.0	28.0	29.0	30.0	31.0	32.0	33.0	34.0	35.0	36.0	37.0	38.0	39.0	40.0
5-130_R2_001	9.0	368.0	4854.0	22881.0	51763.0	73200.0	90287.0	93776.0	97152.0	93989.0	95787.0	98080.0	110974.0	121449.0	142260.0	160778.0	197414.0	239014.0	320389.0	416363.0	584276.0	840639.0	1408283.0	2393008.0	5717157.0	26066030.0	7799891.0
	16.0	17.0	18.0	19.0	20.0	21.0	22.0	23.0	24.0	25.0	26.0	27.0	28.0	29.0	30.0	31.0	32.0	33.0	34.0	35.0	36.0	37.0	38.0	39.0	40.0
5-131_R1_001	8.0	207.0	2350.0	9012.0	18481.0	24433.0	29838.0	33584.0	39682.0	44369.0	52975.0	60626.0	74863.0	90447.0	117100.0	148864.0	214352.0	331850.0	585641.0	859429.0	1240919.0	1978313.0	4558398.0	26431092.0	14858854.0
	13.0	14.0	15.0	16.0	17.0	18.0	19.0	20.0	21.0	22.0	23.0	24.0	25.0	26.0	27.0	28.0	29.0	30.0	31.0	32.0	33.0	34.0	35.0	36.0	37.0	38.0	39.0	40.0
5-131_R2_001	1.0	8.0	342.0	4995.0	23352.0	49968.0	66840.0	80769.0	81091.0	83469.0	81146.0	82605.0	84595.0	96097.0	105171.0	124123.0	141361.0	174384.0	214632.0	290374.0	382776.0	547329.0	793481.0	1340697.0	2336231.0	5907498.0	29523980.0	9188372.0
	16.0	17.0	18.0	19.0	20.0	21.0	22.0	23.0	24.0	25.0	26.0	27.0	28.0	29.0	30.0	31.0	32.0	33.0	34.0	35.0	36.0	37.0	38.0	39.0	40.0
5-133_R1_001	3.0	109.0	1330.0	5076.0	10876.0	15736.0	20189.0	23588.0	28128.0	31633.0	38117.0	44060.0	54546.0	65626.0	86134.0	110512.0	164098.0	265706.0	437518.0	547403.0	754848.0	1250427.0	3020256.0	16450055.0	7632455.0
	13.0	14.0	15.0	16.0	17.0	18.0	19.0	20.0	21.0	22.0	23.0	24.0	25.0	26.0	27.0	28.0	29.0	30.0	31.0	32.0	33.0	34.0	35.0	36.0	37.0	38.0	39.0	40.0
5-133_R2_001	1.0	10.0	263.0	3357.0	14128.0	32089.0	47049.0	57225.0	57272.0	57834.0	56280.0	60403.0	63625.0	72173.0	79361.0	92463.0	102965.0	124208.0	146652.0	193560.0	252806.0	363692.0	537746.0	916669.0	1581183.0	3849971.0	17204156.0	5091288.0
	16.0	17.0	18.0	19.0	20.0	21.0	22.0	23.0	24.0	25.0	26.0	27.0	28.0	29.0	30.0	31.0	32.0	33.0	34.0	35.0	36.0	37.0	38.0	39.0	40.0
5-135_R1_001	3.0	82.0	920.0	3491.0	7292.0	10105.0	12643.0	14345.0	16758.0	18866.0	22372.0	25400.0	31284.0	38015.0	49591.0	64949.0	99980.0	182624.0	289502.0	317331.0	449134.0	753761.0	1760706.0	9434144.0	4477558.0
	14.0	15.0	16.0	17.0	18.0	19.0	20.0	21.0	22.0	23.0	24.0	25.0	26.0	27.0	28.0	29.0	30.0	31.0	32.0	33.0	34.0	35.0	36.0	37.0	38.0	39.0	40.0
5-135_R2_001	7.0	164.0	2296.0	10962.0	22758.0	29958.0	35665.0	35620.0	36284.0	35860.0	37397.0	38451.0	43570.0	47410.0	55419.0	63141.0	76569.0	92769.0	124930.0	163184.0	229852.0	327962.0	548241.0	947661.0	2363384.0	10285655.0	2425687.0
	16.0	17.0	18.0	19.0	20.0	21.0	22.0	23.0	24.0	25.0	26.0	27.0	28.0	29.0	30.0	31.0	32.0	33.0	34.0	35.0	36.0	37.0	38.0	39.0	40.0
5-181_R1_001	9.0	309.0	3120.0	11499.0	22941.0	29728.0	36016.0	39977.0	47548.0	52625.0	62673.0	72472.0	88062.0	105915.0	135871.0	171283.0	242464.0	360906.0	601167.0	855274.0	1273089.0	2120554.0	5231538.0	31427683.0	16974068.0
	14.0	15.0	16.0	17.0	18.0	19.0	20.0	21.0	22.0	23.0	24.0	25.0	26.0	27.0	28.0	29.0	30.0	31.0	32.0	33.0	34.0	35.0	36.0	37.0	38.0	39.0	40.0
5-181_R2_001	16.0	408.0	5728.0	27367.0	61374.0	84649.0	101076.0	100805.0	103908.0	100413.0	104581.0	107446.0	121675.0	134169.0	157300.0	178817.0	220826.0	265898.0	353992.0	462185.0	663587.0	975839.0	1675262.0	2919989.0	7148560.0	33358780.0	10532141.0
	16.0	17.0	18.0	19.0	20.0	21.0	22.0	23.0	24.0	25.0	26.0	27.0	28.0	29.0	30.0	31.0	32.0	33.0	34.0	35.0	36.0	37.0	38.0	39.0	40.0
5-182_R1_001	3.0	210.0	2356.0	10322.0	24962.0	39158.0	47734.0	46539.0	47635.0	47167.0	51366.0	55349.0	65657.0	76484.0	96790.0	120016.0	163205.0	222791.0	341100.0	527581.0	877744.0	1458241.0	3524343.0	19125847.0	8312055.0
	14.0	15.0	16.0	17.0	18.0	19.0	20.0	21.0	22.0	23.0	24.0	25.0	26.0	27.0	28.0	29.0	30.0	31.0	32.0	33.0	34.0	35.0	36.0	37.0	38.0	39.0	40.0
5-182_R2_001	12.0	384.0	4955.0	24034.0	50743.0	66989.0	80946.0	80667.0	81665.0	79636.0	83388.0	86226.0	97050.0	106038.0	123243.0	138590.0	167539.0	201069.0	261016.0	333149.0	466104.0	668565.0	1136131.0	1963751.0	4747934.0	19691998.0	4542833.0
	16.0	17.0	18.0	19.0	20.0	21.0	22.0	23.0	24.0	25.0	26.0	27.0	28.0	29.0	30.0	31.0	32.0	33.0	34.0	35.0	36.0	37.0	38.0	39.0	40.0
5-187_R1_001	8.0	258.0	2855.0	11228.0	24445.0	34900.0	44068.0	50876.0	60503.0	68297.0	82129.0	94290.0	116600.0	139198.0	179051.0	226091.0	316803.0	467500.0	841178.0	1414223.0	2122255.0	3170561.0	7150315.0	37557809.0	17848540.0
	14.0	15.0	16.0	17.0	18.0	19.0	20.0	21.0	22.0	23.0	24.0	25.0	26.0	27.0	28.0	29.0	30.0	31.0	32.0	33.0	34.0	35.0	36.0	37.0	38.0	39.0	40.0
5-187_R2_001	12.0	642.0	8117.0	39577.0	86736.0	118347.0	145216.0	146470.0	148001.0	142095.0	146570.0	150443.0	169358.0	186735.0	219665.0	247955.0	305351.0	368267.0	488919.0	632607.0	894764.0	1296048.0	2212307.0	3866286.0	9482965.0	39951745.0	10568783.0
	16.0	17.0	18.0	19.0	20.0	21.0	22.0	23.0	24.0	25.0	26.0	27.0	28.0	29.0	30.0	31.0	32.0	33.0	34.0	35.0	36.0	37.0	38.0	39.0	40.0
5-188_R1_001	4.0	218.0	2375.0	8734.0	16182.0	20725.0	25318.0	28036.0	32951.0	36911.0	44098.0	50802.0	62896.0	74804.0	95035.0	117849.0	159889.0	213643.0	324597.0	509803.0	907414.0	1594105.0	3881902.0	19945259.0	9109214.0
	14.0	15.0	16.0	17.0	18.0	19.0	20.0	21.0	22.0	23.0	24.0	25.0	26.0	27.0	28.0	29.0	30.0	31.0	32.0	33.0	34.0	35.0	36.0	37.0	38.0	39.0	40.0
5-188_R2_001	14.0	865.0	17317.0	82786.0	134965.0	114381.0	99238.0	86395.0	82666.0	79032.0	81800.0	85744.0	97885.0	107051.0	127586.0	144291.0	175232.0	207273.0	272929.0	355994.0	509006.0	737759.0	1243873.0	2135459.0	5119704.0	20439535.0	4723984.0
	16.0	17.0	18.0	19.0	20.0	21.0	22.0	23.0	24.0	25.0	26.0	27.0	28.0	29.0	30.0	31.0	32.0	33.0	34.0	35.0	36.0	37.0	38.0	39.0	40.0
5-189_R1_001	6.0	171.0	1840.0	6495.0	13074.0	18606.0	23215.0	26330.0	30979.0	34912.0	41729.0	49206.0	61085.0	71659.0	93216.0	113759.0	156158.0	214558.0	338295.0	517533.0	830598.0	1344402.0	3214407.0	17130041.0	7650670.0
	14.0	15.0	16.0	17.0	18.0	19.0	20.0	21.0	22.0	23.0	24.0	25.0	26.0	27.0	28.0	29.0	30.0	31.0	32.0	33.0	34.0	35.0	36.0	37.0	38.0	39.0	40.0
5-189_R2_001	11.0	305.0	4841.0	22977.0	48135.0	63490.0	76214.0	78889.0	80414.0	78203.0	85081.0	89685.0	101562.0	109351.0	127441.0	142003.0	173602.0	202316.0	255588.0	319153.0	441715.0	642306.0	1100744.0	1896836.0	4507980.0	17497928.0	3836174.0
	16.0	17.0	18.0	19.0	20.0	21.0	22.0	23.0	24.0	25.0	26.0	27.0	28.0	29.0	30.0	31.0	32.0	33.0	34.0	35.0	36.0	37.0	38.0	39.0	40.0
5-197_R1_001	16.0	332.0	3033.0	11522.0	24641.0	35259.0	44297.0	49143.0	57860.0	63783.0	75505.0	87672.0	110207.0	136072.0	183080.0	249860.0	433635.0	853644.0	1009847.0	895941.0	1358833.0	2264021.0	5137879.0	28315386.0	13743453.0
	14.0	15.0	16.0	17.0	18.0	19.0	20.0	21.0	22.0	23.0	24.0	25.0	26.0	27.0	28.0	29.0	30.0	31.0	32.0	33.0	34.0	35.0	36.0	37.0	38.0	39.0	40.0
5-197_R2_001	19.0	492.0	8112.0	39620.0	83614.0	110782.0	134870.0	136972.0	139539.0	133512.0	136368.0	139190.0	156320.0	170085.0	197224.0	219815.0	264991.0	321898.0	428505.0	547393.0	752213.0	1042423.0	1707937.0	2915344.0	7161756.0	30700766.0	7495161.0

