Sample	FastQC_mqc-generalstats-fastqc-percent_duplicates	FastQC_mqc-generalstats-fastqc-percent_gc	FastQC_mqc-generalstats-fastqc-avg_sequence_length	FastQC_mqc-generalstats-fastqc-percent_fails	FastQC_mqc-generalstats-fastqc-total_sequences
15-033_R1_001	81.5684595753159	44.0	150.0	27.27272727272727	46978803.0
15-033_R2_001	80.86791794098258	44.0	150.0	36.36363636363637	46978803.0
15-091_R1_001	79.94778792509683	42.0	150.0	27.27272727272727	44844801.0
15-091_R2_001	80.16459105183874	43.0	150.0	45.45454545454545	44844801.0
15-092_R1_001	79.86894655134876	43.0	150.0	27.27272727272727	49473567.0
15-092_R2_001	80.36397172671668	44.0	150.0	36.36363636363637	49473567.0
15-152_R1_001	78.94483385507947	44.0	150.0	27.27272727272727	32902125.0
15-152_R2_001	77.56107129393915	44.0	150.0	45.45454545454545	32902125.0
15-154_R1_001	80.78124488846112	43.0	150.0	27.27272727272727	50881500.0
15-154_R2_001	81.419486611915	43.0	150.0	45.45454545454545	50881500.0
15-161_R1_001	79.84317300605554	43.0	150.0	27.27272727272727	53205605.0
15-161_R2_001	80.43276467195061	43.0	150.0	45.45454545454545	53205605.0
25-046_R1_001	79.89252093778765	43.0	150.0	27.27272727272727	44456348.0
25-046_R2_001	80.67781929876585	43.0	150.0	36.36363636363637	44456348.0
25-047_R1_001	84.70405172431364	54.0	150.0	45.45454545454545	38555317.0
25-047_R2_001	81.84254208561788	61.0	150.0	54.54545454545454	38555317.0
25-048_R1_001	74.6998325534158	45.0	150.0	27.27272727272727	28073566.0
25-048_R2_001	74.94759967986492	45.0	150.0	45.45454545454545	28073566.0
25-049_R1_001	81.3919736225726	41.0	150.0	27.27272727272727	38621453.0
25-049_R2_001	79.70960025537042	41.0	150.0	45.45454545454545	38621453.0
25-050_R1_001	79.4641572404428	43.0	150.0	27.27272727272727	53096503.0
25-050_R2_001	80.31261522678994	43.0	150.0	36.36363636363637	53096503.0
25-051_R1_001	75.8980643753554	46.0	150.0	18.181818181818183	54025751.0
25-051_R2_001	76.48086252319345	47.0	150.0	45.45454545454545	54025751.0
25-052_R1_001	76.99332802962198	43.0	150.0	27.27272727272727	30427334.0
25-052_R2_001	76.54126849589305	43.0	150.0	45.45454545454545	30427334.0
25-053_R1_001	81.52688801793525	44.0	150.0	27.27272727272727	51745762.0
25-053_R2_001	82.09437163452051	44.0	150.0	45.45454545454545	51745762.0
25-054_R1_001	78.28084625683606	45.0	150.0	27.27272727272727	50701073.0
25-054_R2_001	78.98866755878277	45.0	150.0	36.36363636363637	50701073.0
25-055_R1_001	77.0124218032062	44.0	150.0	18.181818181818183	32933107.0
25-055_R2_001	77.95322237439046	45.0	150.0	36.36363636363637	32933107.0
25-056_R1_001	78.28927714763535	43.0	150.0	27.27272727272727	34438544.0
25-056_R2_001	77.13175296250492	44.0	150.0	45.45454545454545	34438544.0
25-058_R1_001	80.29146218156961	42.0	150.0	36.36363636363637	40283042.0
25-058_R2_001	80.44349803326648	43.0	150.0	45.45454545454545	40283042.0
25-059_R1_001	84.24653850911581	47.0	150.0	36.36363636363637	65914867.0
25-059_R2_001	83.98680573790413	47.0	150.0	45.45454545454545	65914867.0
25-060_R1_001	83.85812602179084	44.0	150.0	36.36363636363637	56349866.0
25-060_R2_001	83.8691603613527	45.0	150.0	45.45454545454545	56349866.0
25-109_R1_001	79.11638240762298	44.0	150.0	27.27272727272727	45138283.0
25-109_R2_001	79.94687921402887	44.0	150.0	45.45454545454545	45138283.0
25-110_R1_001	81.98453711323089	41.0	150.0	27.27272727272727	35508585.0
25-110_R2_001	82.5231021261601	41.0	150.0	36.36363636363637	35508585.0
25-112_R1_001	80.1052158696113	43.0	150.0	18.181818181818183	46964893.0
25-112_R2_001	80.41626264846657	43.0	150.0	27.27272727272727	46964893.0
25-113_R1_001	77.6007757590107	44.0	150.0	27.27272727272727	32410729.0
25-113_R2_001	77.90271062556914	45.0	150.0	45.45454545454545	32410729.0
25-114_R1_001	83.96963108738008	42.0	150.0	18.181818181818183	67866400.0
25-114_R2_001	83.71342395496181	43.0	150.0	36.36363636363637	67866400.0
25-115_R1_001	77.71012405035162	44.0	150.0	27.27272727272727	39222905.0
25-115_R2_001	78.57625550248437	45.0	150.0	36.36363636363637	39222905.0
25-116_R1_001	77.49605868701941	43.0	150.0	27.27272727272727	44276886.0
25-116_R2_001	78.18784953633214	44.0	150.0	45.45454545454545	44276886.0
25-117_R1_001	76.51657597248435	45.0	150.0	27.27272727272727	38909636.0
25-117_R2_001	76.19596549393025	45.0	150.0	45.45454545454545	38909636.0
25-119_R1_001	85.32194112413752	39.0	150.0	27.27272727272727	50999426.0
25-119_R2_001	85.20815571689705	39.0	150.0	18.181818181818183	50999426.0
25-120_R1_001	79.42891630425382	45.0	150.0	27.27272727272727	56223361.0
25-120_R2_001	79.13102313432883	45.0	150.0	45.45454545454545	56223361.0
25-167_R1_001	79.98911686046918	43.0	150.0	36.36363636363637	37431573.0
25-167_R2_001	78.50236168486865	43.0	150.0	45.45454545454545	37431573.0
25-168_R1_001	80.7912561796197	44.0	150.0	18.181818181818183	44104075.0
25-168_R2_001	80.5130864291591	44.0	150.0	36.36363636363637	44104075.0
25-169_R1_001	82.09729003242788	47.0	150.0	36.36363636363637	57727336.0
25-169_R2_001	81.9528274707963	48.0	150.0	45.45454545454545	57727336.0
25-170_R1_001	78.75583694952147	44.0	150.0	27.27272727272727	49733846.0
25-170_R2_001	79.29851070447779	44.0	150.0	45.45454545454545	49733846.0
25-171_R1_001	82.73862933337813	41.0	150.0	18.181818181818183	47552922.0
25-171_R2_001	82.70295359720949	41.0	150.0	27.27272727272727	47552922.0
25-172_R1_001	75.71553284800396	44.0	150.0	27.27272727272727	37267613.0
25-172_R2_001	76.27426934270956	45.0	150.0	45.45454545454545	37267613.0
25-174_R1_001	78.3606893683163	43.0	150.0	27.27272727272727	36240014.0
25-174_R2_001	78.87329234826865	43.0	150.0	45.45454545454545	36240014.0
25-175_R1_001	79.16357811678452	42.0	150.0	18.181818181818183	37714009.0
25-175_R2_001	79.2933671646226	42.0	150.0	36.36363636363637	37714009.0
25-177_R1_001	81.00526656471853	41.0	150.0	18.181818181818183	43793074.0
25-177_R2_001	80.7413858073991	41.0	150.0	27.27272727272727	43793074.0
25-179_R1_001	79.0674287322118	45.0	150.0	36.36363636363637	42313327.0
25-179_R2_001	79.5262002105897	46.0	150.0	45.45454545454545	42313327.0
25-180_R1_001	83.05448716472574	45.0	150.0	36.36363636363637	54512346.0
25-180_R2_001	83.08351397604889	47.0	150.0	54.54545454545454	54512346.0
25-185_R1_001	73.99874439283859	44.0	150.0	27.27272727272727	27001371.0
25-185_R2_001	74.5412358994436	44.0	150.0	45.45454545454545	27001371.0
25-186_R1_001	74.01541626112561	44.0	150.0	27.27272727272727	25992262.0
25-186_R2_001	74.46344714275385	45.0	150.0	45.45454545454545	25992262.0
25-193_R1_001	85.52324490957702	40.0	150.0	36.36363636363637	27463768.0
25-193_R2_001	84.75357675626253	40.0	150.0	36.36363636363637	27463768.0
25-194_R1_001	80.33444175516914	42.0	150.0	27.27272727272727	30767787.0
25-194_R2_001	78.81123651688651	43.0	150.0	45.45454545454545	30767787.0
25-195_R1_001	76.47325201054731	45.0	150.0	27.27272727272727	34083306.0
25-195_R2_001	78.02102104278221	45.0	150.0	45.45454545454545	34083306.0
25-202_R1_001	83.02592581782592	40.0	150.0	27.27272727272727	49247884.0
25-202_R2_001	83.4099511762928	40.0	150.0	36.36363636363637	49247884.0
25-203_R1_001	79.16295342375726	42.0	150.0	27.27272727272727	35893775.0
25-203_R2_001	77.63228337209378	43.0	150.0	45.45454545454545	35893775.0
5-002_R1_001	78.34507052568242	42.0	150.0	27.27272727272727	43638842.0
5-002_R2_001	78.97677371116225	42.0	150.0	45.45454545454545	43638842.0
5-003_R1_001	82.53961362898819	41.0	150.0	27.27272727272727	46712444.0
5-003_R2_001	82.85522491348513	41.0	150.0	36.36363636363637	46712444.0
5-004_R1_001	81.19823581656873	42.0	150.0	27.27272727272727	52045755.0
5-004_R2_001	81.91181888903907	42.0	150.0	45.45454545454545	52045755.0
5-005_R1_001	84.86800662060509	37.0	150.0	27.27272727272727	44362652.0
5-005_R2_001	84.87100241099574	37.0	150.0	18.181818181818183	44362652.0
5-006_R1_001	78.6680604759795	41.0	150.0	27.27272727272727	33639491.0
5-006_R2_001	78.3790256995739	42.0	150.0	45.45454545454545	33639491.0
5-007_R1_001	80.2746205671705	41.0	150.0	27.27272727272727	30362109.0
5-007_R2_001	80.65896509419267	41.0	150.0	27.27272727272727	30362109.0
5-008_R1_001	81.59037470426823	41.0	150.0	18.181818181818183	50630229.0
5-008_R2_001	81.64291405911155	40.0	150.0	18.181818181818183	50630229.0
5-009_R1_001	79.79663763526744	41.0	150.0	27.27272727272727	32811107.0
5-009_R2_001	79.7316124695651	41.0	150.0	36.36363636363637	32811107.0
5-010_R1_001	70.51463258988399	44.0	150.0	27.27272727272727	34495215.0
5-010_R2_001	72.30372333012656	45.0	150.0	45.45454545454545	34495215.0
5-012_R1_001	82.60173438969352	39.0	150.0	27.27272727272727	43132548.0
5-012_R2_001	82.40531217572965	39.0	150.0	18.181818181818183	43132548.0
5-014_R1_001	80.73099223125615	42.0	150.0	27.27272727272727	49165263.0
5-014_R2_001	81.25756132238357	42.0	150.0	45.45454545454545	49165263.0
5-015_R1_001	80.09789490521716	41.0	150.0	27.27272727272727	34105726.0
5-015_R2_001	81.01744727353174	41.0	150.0	45.45454545454545	34105726.0
5-061_R1_001	85.33370956588601	38.0	150.0	27.27272727272727	36937307.0
5-061_R2_001	85.18970728418351	38.0	150.0	27.27272727272727	36937307.0
5-063_R1_001	81.2703515291738	43.0	150.0	27.27272727272727	42677541.0
5-063_R2_001	81.48545182266335	43.0	150.0	36.36363636363637	42677541.0
5-066_R1_001	85.53184766731442	57.0	150.0	45.45454545454545	32128669.0
5-066_R2_001	81.64608251889005	66.0	150.0	54.54545454545454	32128669.0
5-067_R1_001	80.69932852120509	42.0	150.0	27.27272727272727	45059618.0
5-067_R2_001	80.8459472206185	41.0	150.0	45.45454545454545	45059618.0
5-069_R1_001	83.44160437376428	40.0	150.0	27.27272727272727	37654463.0
5-069_R2_001	82.84028770038023	40.0	150.0	27.27272727272727	37654463.0
5-071_R1_001	83.0542243352991	40.0	150.0	18.181818181818183	42689125.0
5-071_R2_001	83.11628101135744	40.0	150.0	18.181818181818183	42689125.0
5-073_R1_001	83.27550443808227	44.0	150.0	36.36363636363637	35029787.0
5-073_R2_001	82.71758289585023	44.0	150.0	54.54545454545454	35029787.0
5-074_R1_001	80.73429250787032	41.0	150.0	18.181818181818183	36764035.0
5-074_R2_001	81.24053764435646	41.0	150.0	27.27272727272727	36764035.0
5-075_R1_001	79.60369201933503	41.0	150.0	27.27272727272727	27906937.0
5-075_R2_001	80.56306747682257	41.0	150.0	45.45454545454545	27906937.0
5-121_R1_001	79.82413425859023	41.0	150.0	18.181818181818183	39640472.0
5-121_R2_001	80.33120841111318	41.0	150.0	27.27272727272727	39640472.0
5-122_R1_001	81.2247239818213	40.0	150.0	27.27272727272727	23488608.0
5-122_R2_001	80.98244130771708	40.0	150.0	27.27272727272727	23488608.0
5-123_R1_001	80.97626345872386	42.0	150.0	18.181818181818183	44842251.0
5-123_R2_001	81.44278363225294	42.0	150.0	36.36363636363637	44842251.0
5-124_R1_001	83.77004174585264	41.0	150.0	27.27272727272727	52726370.0
5-124_R2_001	83.54465114213446	41.0	150.0	45.45454545454545	52726370.0
5-125_R1_001	84.87542571930983	38.0	150.0	36.36363636363637	38616225.0
5-125_R2_001	85.14871572461055	39.0	150.0	36.36363636363637	38616225.0
5-126_R1_001	82.38444094036275	43.0	150.0	36.36363636363637	43719491.0
5-126_R2_001	82.63969081770213	44.0	150.0	45.45454545454545	43719491.0
5-127_R1_001	82.37805497349736	50.0	150.0	45.45454545454545	33648778.0
5-127_R2_001	81.01610776380349	55.0	150.0	54.54545454545454	33648778.0
5-128_R1_001	78.94403657511319	42.0	150.0	27.27272727272727	40849640.0
5-128_R2_001	78.66446019162183	43.0	150.0	45.45454545454545	40849640.0
5-130_R1_001	83.23704800418423	39.0	150.0	27.27272727272727	47240071.0
5-130_R2_001	83.63119914608102	39.0	150.0	27.27272727272727	47240071.0
5-131_R1_001	85.21319386286083	41.0	150.0	27.27272727272727	51805687.0
5-131_R2_001	84.3466293131449	41.0	150.0	27.27272727272727	51805687.0
5-133_R1_001	78.43594240480422	42.0	150.0	27.27272727272727	31058429.0
5-133_R2_001	79.37500277105966	42.0	150.0	45.45454545454545	31058429.0
5-135_R1_001	77.33372102264829	41.0	150.0	27.27272727272727	18080856.0
5-135_R2_001	77.35511843097382	41.0	150.0	45.45454545454545	18080856.0
5-181_R1_001	85.90521891646121	39.0	150.0	27.27272727272727	59966791.0
5-181_R2_001	85.81807573864498	39.0	150.0	27.27272727272727	59966791.0
5-182_R1_001	78.22323832375874	42.0	150.0	18.181818181818183	35284655.0
5-182_R2_001	78.91377536490504	43.0	150.0	27.27272727272727	35284655.0
5-187_R1_001	82.2457471927681	41.0	150.0	36.36363636363637	72023981.0
5-187_R2_001	82.3915710412639	41.0	150.0	36.36363636363637	72023981.0
5-188_R1_001	78.54776988479254	42.0	150.0	27.27272727272727	37262764.0
5-188_R2_001	78.28531764102188	42.0	150.0	45.45454545454545	37262764.0
5-189_R1_001	79.36041186944834	41.0	150.0	18.181818181818183	31982944.0
5-189_R2_001	79.47948885738211	41.0	150.0	36.36363636363637	31982944.0
5-197_R1_001	80.1449360365199	45.0	150.0	27.27272727272727	55144921.0
5-197_R2_001	80.55435306581026	45.0	150.0	45.45454545454545	55144921.0
