
SUMMARISING RUN PARAMETERS
==========================
Input filename: /vortexfs1/omics/tepolt/raw_reads/C_maenas/Cm_yrv_2023/15-091_R2_001.fastq.gz
Trimming mode: single-end
Trim Galore version: 0.6.6
Cutadapt version: 3.5
Python version: could not detect
Number of cores used for trimming: 8
Quality Phred score cutoff: 20
Quality encoding type selected: ASCII+33
Adapter sequence: 'AGATCGGAAGAGCGTCGTGTAGGGAAAGAGTGT' (user defined)
Maximum trimming error rate: 0.1 (default)
Minimum required adapter overlap (stringency): 1 bp
Minimum required sequence length before a sequence gets removed: 20 bp
Running FastQC on the data once trimming has completed
Running FastQC with the following extra arguments: --outdir /vortexfs1/scratch/yaamini.venkataraman/wc-green-crab/output/06b-trimgalore     --threads 28
Output file will be GZIP compressed


This is cutadapt 3.5 with Python 3.9.5
Command line parameters: -j 8 -e 0.1 -q 20 -O 1 -a AGATCGGAAGAGCGTCGTGTAGGGAAAGAGTGT /vortexfs1/omics/tepolt/raw_reads/C_maenas/Cm_yrv_2023/15-091_R2_001.fastq.gz
Processing reads on 8 cores in single-end mode ...
Finished in 99.53 s (2 µs/read; 27.03 M reads/minute).

=== Summary ===

Total reads processed:              44,844,801
Reads with adapters:                25,036,391 (55.8%)
Reads written (passing filters):    44,844,801 (100.0%)

Total basepairs processed: 6,726,720,150 bp
Quality-trimmed:              20,983,496 bp (0.3%)
Total written (filtered):  6,254,022,206 bp (93.0%)

=== Adapter 1 ===

Sequence: AGATCGGAAGAGCGTCGTGTAGGGAAAGAGTGT; Type: regular 3'; Length: 33; Trimmed: 25036391 times

Minimum overlap: 1
No. of allowed errors:
1-9 bp: 0; 10-19 bp: 1; 20-29 bp: 2; 30-33 bp: 3

Bases preceding removed adapters:
  A: 22.8%
  C: 30.6%
  G: 28.2%
  T: 18.4%
  none/other: 0.1%

Overview of removed sequences
length	count	expect	max.err	error counts
1	8442264	11211200.2	0	8442264
2	2204701	2802800.1	0	2204701
3	837797	700700.0	0	837797
4	385072	175175.0	0	385072
5	286015	43793.8	0	286015
6	253691	10948.4	0	253691
7	254840	2737.1	0	254840
8	245896	684.3	0	245896
9	237649	171.1	0	236730 919
10	241701	42.8	1	237112 4589
11	239124	10.7	1	234148 4976
12	250952	2.7	1	245187 5765
13	248404	0.7	1	243279 5125
14	253654	0.2	1	247125 6529
15	281905	0.0	1	274338 7567
16	251646	0.0	1	244437 7209
17	260923	0.0	1	250768 10155
18	260113	0.0	1	249595 10359 159
19	274450	0.0	1	261650 12607 193
20	270631	0.0	2	258400 10764 1467
21	231829	0.0	2	219949 10766 1114
22	240687	0.0	2	225809 13327 1551
23	259025	0.0	2	240819 15735 2471
24	274802	0.0	2	252918 19071 2813
25	252954	0.0	2	235085 15705 2164
26	255872	0.0	2	235450 17847 2575
27	283496	0.0	2	257614 21344 4528 10
28	227161	0.0	2	207492 16212 3279 178
29	241985	0.0	2	219324 19289 3276 96
30	227437	0.0	3	203862 18552 3658 1365
31	229541	0.0	3	206507 18439 3330 1265
32	230078	0.0	3	205400 19923 3462 1293
33	278594	0.0	3	241617 26339 7092 3546
34	228234	0.0	3	202250 20546 3987 1451
35	230548	0.0	3	208132 18136 3242 1038
36	208228	0.0	3	188787 16454 2329 658
37	230814	0.0	3	206477 20133 3277 927
38	233236	0.0	3	210219 18976 3104 937
39	226288	0.0	3	199884 21075 3945 1384
40	222599	0.0	3	198493 19751 3360 995
41	192561	0.0	3	174262 15395 2278 626
42	197577	0.0	3	177979 16092 2661 845
43	203500	0.0	3	180758 18323 3330 1089
44	186540	0.0	3	167661 15624 2485 770
45	216479	0.0	3	188622 21981 4285 1591
46	176707	0.0	3	157303 15573 2812 1019
47	172222	0.0	3	154730 14579 2232 681
48	188814	0.0	3	167565 17207 3023 1019
49	160959	0.0	3	144716 13613 2031 599
50	147720	0.0	3	132416 12456 2143 705
51	145423	0.0	3	129546 12872 2216 789
52	149714	0.0	3	132484 13783 2544 903
53	125649	0.0	3	113883 9772 1444 550
54	129321	0.0	3	115066 11428 2081 746
55	127912	0.0	3	114571 10850 1878 613
56	114605	0.0	3	103760 8808 1510 527
57	121108	0.0	3	107166 10933 2171 838
58	130868	0.0	3	115545 12364 2280 679
59	97072	0.0	3	86265 8745 1567 495
60	101396	0.0	3	90921 8668 1359 448
61	82600	0.0	3	75033 6350 928 289
62	84634	0.0	3	75889 7216 1159 370
63	71667	0.0	3	64958 5554 833 322
64	82196	0.0	3	73344 7243 1238 371
65	60366	0.0	3	55193 4337 628 208
66	64170	0.0	3	57540 5494 853 283
67	63285	0.0	3	56576 5520 891 298
68	53937	0.0	3	48369 4593 731 244
69	45118	0.0	3	40648 3713 566 191
70	57215	0.0	3	50807 5225 903 280
71	27478	0.0	3	24580 2380 366 152
72	34668	0.0	3	30917 3142 478 131
73	34568	0.0	3	30691 3192 515 170
74	34940	0.0	3	31257 3059 481 143
75	35621	0.0	3	32751 2390 363 117
76	10496	0.0	3	9119 1163 140 74
77	22100	0.0	3	20221 1526 264 89
78	21922	0.0	3	19836 1681 302 103
79	19851	0.0	3	17833 1597 292 129
80	18375	0.0	3	16418 1570 270 117
81	16816	0.0	3	14974 1481 270 91
82	14837	0.0	3	13188 1334 221 94
83	13290	0.0	3	11821 1168 222 79
84	12107	0.0	3	10746 1066 211 84
85	11261	0.0	3	10019 991 186 65
86	10725	0.0	3	9507 966 174 78
87	10159	0.0	3	9047 863 187 62
88	9407	0.0	3	8366 841 142 58
89	8692	0.0	3	7828 662 154 48
90	7831	0.0	3	7031 625 123 52
91	7422	0.0	3	6630 613 122 57
92	6850	0.0	3	6176 527 99 48
93	6005	0.0	3	5367 494 100 44
94	5346	0.0	3	4773 424 109 40
95	4758	0.0	3	4279 366 77 36
96	4370	0.0	3	3945 339 50 36
97	4469	0.0	3	4001 362 66 40
98	4167	0.0	3	3739 324 71 33
99	3765	0.0	3	3364 298 60 43
100	3392	0.0	3	3003 287 66 36
101	2890	0.0	3	2587 218 60 25
102	2529	0.0	3	2228 227 50 24
103	2458	0.0	3	2166 203 57 32
104	2138	0.0	3	1926 151 38 23
105	2016	0.0	3	1788 152 49 27
106	1877	0.0	3	1672 136 43 26
107	2042	0.0	3	1790 177 48 27
108	1929	0.0	3	1691 160 52 26
109	1687	0.0	3	1498 147 25 17
110	1417	0.0	3	1255 119 26 17
111	1382	0.0	3	1235 105 20 22
112	1099	0.0	3	962 88 35 14
113	922	0.0	3	784 92 36 10
114	858	0.0	3	755 71 23 9
115	744	0.0	3	620 65 37 22
116	750	0.0	3	645 77 18 10
117	638	0.0	3	567 54 11 6
118	698	0.0	3	620 55 16 7
119	560	0.0	3	473 58 20 9
120	619	0.0	3	499 68 32 20
121	504	0.0	3	405 50 34 15
122	397	0.0	3	328 38 20 11
123	312	0.0	3	270 25 8 9
124	240	0.0	3	202 24 9 5
125	236	0.0	3	196 26 8 6
126	188	0.0	3	148 20 11 9
127	222	0.0	3	193 17 8 4
128	201	0.0	3	166 21 9 5
129	199	0.0	3	152 25 13 9
130	391	0.0	3	270 53 33 35
131	9240	0.0	3	6598 1712 628 302
132	245	0.0	3	208 32 3 2
133	223	0.0	3	197 14 7 5
134	404	0.0	3	358 32 8 6
135	272	0.0	3	248 17 7
136	276	0.0	3	252 18 5 1
137	323	0.0	3	299 20 3 1
138	632	0.0	3	579 36 11 6
139	400	0.0	3	369 27 3 1
140	475	0.0	3	448 24 2 1
141	845	0.0	3	784 52 7 2
142	529	0.0	3	481 37 9 2
143	798	0.0	3	730 56 7 5
144	900	0.0	3	816 68 11 5
145	809	0.0	3	744 46 11 8
146	1250	0.0	3	1153 70 17 10
147	1189	0.0	3	1102 69 12 6
148	1050	0.0	3	960 71 13 6
149	378	0.0	3	290 43 27 18
150	12151	0.0	3	9827 1235 565 524

RUN STATISTICS FOR INPUT FILE: /vortexfs1/omics/tepolt/raw_reads/C_maenas/Cm_yrv_2023/15-091_R2_001.fastq.gz
=============================================
44844801 sequences processed in total
Sequences removed because they became shorter than the length cutoff of 20 bp:	43660 (0.1%)

