
SUMMARISING RUN PARAMETERS
==========================
Input filename: /vortexfs1/omics/tepolt/raw_reads/C_maenas/Cm_yrv_2023/15-033_R2_001.fastq.gz
Trimming mode: single-end
Trim Galore version: 0.6.6
Cutadapt version: 3.5
Python version: could not detect
Number of cores used for trimming: 8
Quality Phred score cutoff: 20
Quality encoding type selected: ASCII+33
Adapter sequence: 'AGATCGGAAGAGCGTCGTGTAGGGAAAGAGTGT' (user defined)
Maximum trimming error rate: 0.1 (default)
Minimum required adapter overlap (stringency): 1 bp
Minimum required sequence length before a sequence gets removed: 20 bp
Running FastQC on the data once trimming has completed
Running FastQC with the following extra arguments: --outdir /vortexfs1/scratch/yaamini.venkataraman/wc-green-crab/output/06b-trimgalore     --threads 28
Output file will be GZIP compressed


This is cutadapt 3.5 with Python 3.9.5
Command line parameters: -j 8 -e 0.1 -q 20 -O 1 -a AGATCGGAAGAGCGTCGTGTAGGGAAAGAGTGT /vortexfs1/omics/tepolt/raw_reads/C_maenas/Cm_yrv_2023/15-033_R2_001.fastq.gz
Processing reads on 8 cores in single-end mode ...
Finished in 104.50 s (2 µs/read; 26.97 M reads/minute).

=== Summary ===

Total reads processed:              46,978,803
Reads with adapters:                22,244,568 (47.4%)
Reads written (passing filters):    46,978,803 (100.0%)

Total basepairs processed: 7,046,820,450 bp
Quality-trimmed:              18,022,002 bp (0.3%)
Total written (filtered):  6,791,117,791 bp (96.4%)

=== Adapter 1 ===

Sequence: AGATCGGAAGAGCGTCGTGTAGGGAAAGAGTGT; Type: regular 3'; Length: 33; Trimmed: 22244568 times

Minimum overlap: 1
No. of allowed errors:
1-9 bp: 0; 10-19 bp: 1; 20-29 bp: 2; 30-33 bp: 3

Bases preceding removed adapters:
  A: 25.5%
  C: 29.8%
  G: 26.6%
  T: 18.0%
  none/other: 0.0%

Overview of removed sequences
length	count	expect	max.err	error counts
1	10253038	11744700.8	0	10253038
2	2740331	2936175.2	0	2740331
3	998747	734043.8	0	998747
4	418412	183510.9	0	418412
5	277719	45877.7	0	277719
6	235771	11469.4	0	235771
7	230161	2867.4	0	230161
8	223045	716.8	0	223045
9	212123	179.2	0	211268 855
10	211761	44.8	1	207801 3960
11	203775	11.2	1	199775 4000
12	208483	2.8	1	203826 4657
13	201889	0.7	1	198225 3664
14	209067	0.2	1	203892 5175
15	222152	0.0	1	216521 5631
16	197338	0.0	1	192098 5240
17	200508	0.0	1	193241 7267
18	194704	0.0	1	187747 6858 99
19	207137	0.0	1	198106 8907 124
20	194925	0.0	2	186920 7065 940
21	165521	0.0	2	157560 7197 764
22	164018	0.0	2	154598 8514 906
23	176290	0.0	2	164798 10067 1425
24	173060	0.0	2	160317 11078 1665
25	166450	0.0	2	155363 9841 1246
26	163660	0.0	2	151655 10497 1508
27	175400	0.0	2	160888 12053 2452 7
28	141373	0.0	2	130279 9291 1726 77
29	141067	0.0	2	129146 10230 1632 59
30	134683	0.0	3	121469 10169 2221 824
31	129901	0.0	3	118021 9324 1909 647
32	131776	0.0	3	118461 10718 1933 664
33	135546	0.0	3	121998 10611 2066 871
34	133768	0.0	3	119800 11351 1933 684
35	111290	0.0	3	102316 7590 1052 332
36	124029	0.0	3	110688 10575 1981 785
37	111063	0.0	3	99969 9040 1489 565
38	119468	0.0	3	107185 9896 1783 604
39	129047	0.0	3	115175 11022 2050 800
40	80771	0.0	3	72559 6674 1104 434
41	93180	0.0	3	83797 7437 1375 571
42	85821	0.0	3	78378 6172 973 298
43	89471	0.0	3	80133 7439 1366 533
44	79663	0.0	3	72230 6085 998 350
45	91299	0.0	3	80234 8705 1695 665
46	71263	0.0	3	63780 5971 1083 429
47	68483	0.0	3	61812 5516 871 284
48	73840	0.0	3	65896 6371 1137 436
49	62308	0.0	3	56420 4881 743 264
50	57170	0.0	3	51591 4537 752 290
51	54343	0.0	3	48908 4407 727 301
52	54036	0.0	3	48254 4555 885 342
53	44617	0.0	3	40634 3275 514 194
54	45173	0.0	3	40411 3799 702 261
55	45284	0.0	3	40729 3688 653 214
56	38531	0.0	3	35034 2833 467 197
57	39417	0.0	3	35220 3261 649 287
58	42103	0.0	3	37395 3737 711 260
59	31149	0.0	3	27764 2767 448 170
60	30673	0.0	3	27691 2428 395 159
61	26903	0.0	3	24439 2023 326 115
62	27312	0.0	3	24654 2169 365 124
63	20989	0.0	3	19072 1571 224 122
64	24552	0.0	3	21995 2058 363 136
65	16798	0.0	3	15410 1176 147 65
66	17801	0.0	3	15975 1467 264 95
67	17202	0.0	3	15412 1449 253 88
68	14356	0.0	3	12954 1148 195 59
69	12062	0.0	3	10907 958 139 58
70	14970	0.0	3	13336 1304 250 80
71	7031	0.0	3	6247 634 97 53
72	8752	0.0	3	7889 681 121 61
73	8661	0.0	3	7705 778 123 55
74	8342	0.0	3	7423 752 122 45
75	8501	0.0	3	7851 542 79 29
76	2466	0.0	3	2177 239 31 19
77	5421	0.0	3	4993 336 68 24
78	5205	0.0	3	4692 417 69 27
79	4615	0.0	3	4155 377 55 28
80	4215	0.0	3	3764 348 67 36
81	3707	0.0	3	3283 320 69 35
82	3305	0.0	3	2934 267 60 44
83	2926	0.0	3	2560 271 65 30
84	2574	0.0	3	2251 233 61 29
85	2302	0.0	3	2040 179 45 38
86	2237	0.0	3	1940 212 52 33
87	2259	0.0	3	1973 208 54 24
88	2058	0.0	3	1788 210 39 21
89	1970	0.0	3	1748 167 39 16
90	1740	0.0	3	1532 138 43 27
91	1574	0.0	3	1369 137 37 31
92	1408	0.0	3	1232 124 33 19
93	1276	0.0	3	1105 124 36 11
94	1154	0.0	3	994 105 29 26
95	1034	0.0	3	896 89 34 15
96	924	0.0	3	798 83 27 16
97	863	0.0	3	752 77 21 13
98	861	0.0	3	732 83 24 22
99	813	0.0	3	681 86 30 16
100	731	0.0	3	614 79 24 14
101	663	0.0	3	560 62 25 16
102	571	0.0	3	464 55 28 24
103	556	0.0	3	465 56 26 9
104	553	0.0	3	446 64 21 22
105	487	0.0	3	393 61 14 19
106	501	0.0	3	406 55 22 18
107	523	0.0	3	397 73 32 21
108	498	0.0	3	368 78 35 17
109	430	0.0	3	340 53 21 16
110	414	0.0	3	308 61 23 22
111	388	0.0	3	298 46 25 19
112	351	0.0	3	263 53 21 14
113	337	0.0	3	251 43 27 16
114	357	0.0	3	253 51 33 20
115	335	0.0	3	196 67 44 28
116	301	0.0	3	187 53 29 32
117	280	0.0	3	168 53 35 24
118	290	0.0	3	183 49 33 25
119	334	0.0	3	187 66 48 33
120	603	0.0	3	258 162 101 82
121	776	0.0	3	278 214 157 127
122	439	0.0	3	234 104 57 44
123	222	0.0	3	141 50 15 16
124	131	0.0	3	87 23 13 8
125	116	0.0	3	75 24 7 10
126	117	0.0	3	68 18 20 11
127	128	0.0	3	82 15 19 12
128	153	0.0	3	78 19 27 29
129	194	0.0	3	96 22 39 37
130	1405	0.0	3	607 304 264 230
131	80265	0.0	3	55594 15095 5977 3599
132	230	0.0	3	168 47 9 6
133	150	0.0	3	124 17 6 3
134	203	0.0	3	181 13 4 5
135	110	0.0	3	96 11 3
136	117	0.0	3	104 9 3 1
137	102	0.0	3	95 5 1 1
138	213	0.0	3	194 12 6 1
139	124	0.0	3	115 7 1 1
140	154	0.0	3	143 8 2 1
141	354	0.0	3	327 24 2 1
142	136	0.0	3	124 10 1 1
143	349	0.0	3	312 34 1 2
144	303	0.0	3	278 17 6 2
145	282	0.0	3	274 6 1 1
146	380	0.0	3	351 21 6 2
147	288	0.0	3	267 16 2 3
148	224	0.0	3	202 16 4 2
149	218	0.0	3	156 41 15 6
150	8952	0.0	3	7364 929 325 334

RUN STATISTICS FOR INPUT FILE: /vortexfs1/omics/tepolt/raw_reads/C_maenas/Cm_yrv_2023/15-033_R2_001.fastq.gz
=============================================
46978803 sequences processed in total
Sequences removed because they became shorter than the length cutoff of 20 bp:	102905 (0.2%)

