
SUMMARISING RUN PARAMETERS
==========================
Input filename: /vortexfs1/omics/tepolt/raw_reads/C_maenas/Cm_yrv_2023/15-092_R2_001.fastq.gz
Trimming mode: single-end
Trim Galore version: 0.6.6
Cutadapt version: 3.5
Python version: could not detect
Number of cores used for trimming: 8
Quality Phred score cutoff: 20
Quality encoding type selected: ASCII+33
Adapter sequence: 'AGATCGGAAGAGCGTCGTGTAGGGAAAGAGTGT' (user defined)
Maximum trimming error rate: 0.1 (default)
Minimum required adapter overlap (stringency): 1 bp
Minimum required sequence length before a sequence gets removed: 20 bp
Running FastQC on the data once trimming has completed
Running FastQC with the following extra arguments: --outdir /vortexfs1/scratch/yaamini.venkataraman/wc-green-crab/output/06b-trimgalore     --threads 28
Output file will be GZIP compressed


This is cutadapt 3.5 with Python 3.9.5
Command line parameters: -j 8 -e 0.1 -q 20 -O 1 -a AGATCGGAAGAGCGTCGTGTAGGGAAAGAGTGT /vortexfs1/omics/tepolt/raw_reads/C_maenas/Cm_yrv_2023/15-092_R2_001.fastq.gz
Processing reads on 8 cores in single-end mode ...
Finished in 108.97 s (2 µs/read; 27.24 M reads/minute).

=== Summary ===

Total reads processed:              49,473,567
Reads with adapters:                31,269,733 (63.2%)
Reads written (passing filters):    49,473,567 (100.0%)

Total basepairs processed: 7,421,035,050 bp
Quality-trimmed:              25,583,610 bp (0.3%)
Total written (filtered):  6,664,093,888 bp (89.8%)

=== Adapter 1 ===

Sequence: AGATCGGAAGAGCGTCGTGTAGGGAAAGAGTGT; Type: regular 3'; Length: 33; Trimmed: 31269733 times

Minimum overlap: 1
No. of allowed errors:
1-9 bp: 0; 10-19 bp: 1; 20-29 bp: 2; 30-33 bp: 3

Bases preceding removed adapters:
  A: 18.9%
  C: 29.8%
  G: 32.5%
  T: 18.8%
  none/other: 0.0%

Overview of removed sequences
length	count	expect	max.err	error counts
1	7735685	12368391.8	0	7735685
2	2175537	3092097.9	0	2175537
3	881325	773024.5	0	881325
4	440724	193256.1	0	440724
5	344645	48314.0	0	344645
6	315782	12078.5	0	315782
7	316564	3019.6	0	316564
8	313449	754.9	0	313449
9	304939	188.7	0	304015 924
10	313158	47.2	1	307208 5950
11	310741	11.8	1	304619 6122
12	329921	2.9	1	322185 7736
13	317760	0.7	1	311266 6494
14	330218	0.2	1	321422 8796
15	357895	0.0	1	348274 9621
16	327103	0.0	1	317474 9629
17	347618	0.0	1	333921 13697
18	351820	0.0	1	337207 14443 170
19	377348	0.0	1	359229 17854 265
20	363637	0.0	2	347403 14280 1954
21	319172	0.0	2	302315 15223 1634
22	334798	0.0	2	313553 19080 2165
23	367976	0.0	2	341655 22994 3327
24	392276	0.0	2	359829 28024 4423
25	356534	0.0	2	330891 22557 3086
26	360641	0.0	2	330454 26204 3983
27	395101	0.0	2	357312 30813 6962 14
28	342027	0.0	2	311316 25204 5168 339
29	341712	0.0	2	310330 27007 4225 150
30	336704	0.0	3	300132 27795 6402 2375
31	332478	0.0	3	299099 26336 5165 1878
32	343672	0.0	3	306719 29780 5312 1861
33	352208	0.0	3	318284 26911 5030 1983
34	390614	0.0	3	333566 41693 10688 4667
35	402088	0.0	3	359126 34100 6634 2228
36	315939	0.0	3	280603 28169 5278 1889
37	331539	0.0	3	296094 29038 4863 1544
38	355966	0.0	3	319334 29784 5122 1726
39	334592	0.0	3	297270 30042 5545 1735
40	343233	0.0	3	305182 31017 5359 1675
41	346943	0.0	3	305529 32849 6395 2170
42	292853	0.0	3	265828 22452 3465 1108
43	326435	0.0	3	291364 28349 5100 1622
44	307873	0.0	3	275501 26498 4379 1495
45	357999	0.0	3	311484 36493 7448 2574
46	300729	0.0	3	266546 27481 4927 1775
47	294335	0.0	3	262836 25715 4400 1384
48	322465	0.0	3	285482 29958 5263 1762
49	281498	0.0	3	252103 24410 3821 1164
50	260223	0.0	3	232831 22291 3826 1275
51	263219	0.0	3	234017 23212 4425 1565
52	270310	0.0	3	238426 25468 4844 1572
53	233099	0.0	3	210783 18331 2981 1004
54	240046	0.0	3	213102 21517 4010 1417
55	246452	0.0	3	219635 21394 4085 1338
56	214602	0.0	3	193979 16844 2801 978
57	234362	0.0	3	206225 22033 4477 1627
58	252282	0.0	3	223313 23497 4158 1314
59	166323	0.0	3	148220 14869 2396 838
60	189083	0.0	3	169378 16214 2615 876
61	165246	0.0	3	149809 12855 1959 623
62	159692	0.0	3	143145 13542 2242 763
63	133855	0.0	3	121028 10607 1617 603
64	159271	0.0	3	142506 13776 2264 725
65	121268	0.0	3	111021 8585 1212 450
66	125938	0.0	3	112876 10822 1715 525
67	125863	0.0	3	112672 10840 1779 572
68	106266	0.0	3	95419 8857 1490 500
69	89190	0.0	3	80775 7012 1063 340
70	117897	0.0	3	104863 10507 1910 617
71	55768	0.0	3	49835 4849 788 296
72	71217	0.0	3	63759 6095 985 378
73	71939	0.0	3	64012 6536 1060 331
74	73000	0.0	3	65404 6304 973 319
75	73267	0.0	3	67628 4682 737 220
76	21260	0.0	3	18589 2244 303 124
77	46273	0.0	3	42366 3181 529 197
78	46236	0.0	3	41899 3521 589 227
79	42180	0.0	3	37953 3399 592 236
80	38434	0.0	3	34516 3222 542 154
81	34163	0.0	3	30550 2894 529 190
82	30637	0.0	3	27347 2660 444 186
83	27290	0.0	3	24358 2332 438 162
84	25219	0.0	3	22491 2164 402 162
85	23059	0.0	3	20522 1995 394 148
86	22347	0.0	3	19930 1913 364 140
87	21093	0.0	3	18799 1784 352 158
88	19481	0.0	3	17376 1659 321 125
89	17492	0.0	3	15828 1309 247 108
90	16050	0.0	3	14563 1190 205 92
91	14415	0.0	3	12973 1143 214 85
92	13281	0.0	3	11949 1079 191 62
93	11578	0.0	3	10441 908 164 65
94	10170	0.0	3	9065 883 158 64
95	8854	0.0	3	7947 710 129 68
96	8662	0.0	3	7869 612 129 52
97	8457	0.0	3	7654 635 119 49
98	8009	0.0	3	7217 629 115 48
99	7395	0.0	3	6628 599 115 53
100	6291	0.0	3	5615 519 104 53
101	5560	0.0	3	4977 443 90 50
102	4799	0.0	3	4278 379 101 41
103	4402	0.0	3	3972 348 61 21
104	3625	0.0	3	3259 280 49 37
105	3337	0.0	3	2992 249 70 26
106	3353	0.0	3	3008 261 61 23
107	3386	0.0	3	3024 285 53 24
108	3109	0.0	3	2768 270 46 25
109	2877	0.0	3	2561 239 57 20
110	2603	0.0	3	2324 215 51 13
111	2222	0.0	3	1990 171 41 20
112	1827	0.0	3	1617 151 39 20
113	1507	0.0	3	1341 124 25 17
114	1345	0.0	3	1188 119 27 11
115	1130	0.0	3	994 88 32 16
116	1110	0.0	3	982 99 16 13
117	1006	0.0	3	891 81 22 12
118	891	0.0	3	780 78 22 11
119	884	0.0	3	781 69 24 10
120	832	0.0	3	706 86 24 16
121	917	0.0	3	738 101 45 33
122	603	0.0	3	525 50 18 10
123	454	0.0	3	390 47 11 6
124	359	0.0	3	313 30 9 7
125	297	0.0	3	261 21 11 4
126	284	0.0	3	253 21 5 5
127	227	0.0	3	194 21 5 7
128	277	0.0	3	225 24 16 12
129	292	0.0	3	245 25 11 11
130	526	0.0	3	350 81 55 40
131	13639	0.0	3	8887 2899 1224 629
132	342	0.0	3	302 22 18
133	355	0.0	3	317 29 4 5
134	411	0.0	3	361 40 8 2
135	312	0.0	3	287 22 1 2
136	352	0.0	3	323 24 5
137	413	0.0	3	379 26 7 1
138	1406	0.0	3	1330 62 12 2
139	431	0.0	3	389 35 6 1
140	519	0.0	3	483 32 3 1
141	884	0.0	3	822 51 9 2
142	561	0.0	3	525 28 7 1
143	886	0.0	3	814 63 9
144	924	0.0	3	847 61 14 2
145	861	0.0	3	793 46 13 9
146	1506	0.0	3	1387 95 16 8
147	1335	0.0	3	1235 78 16 6
148	776	0.0	3	712 54 4 6
149	206	0.0	3	135 46 13 12
150	5300	0.0	3	3922 573 376 429

RUN STATISTICS FOR INPUT FILE: /vortexfs1/omics/tepolt/raw_reads/C_maenas/Cm_yrv_2023/15-092_R2_001.fastq.gz
=============================================
49473567 sequences processed in total
Sequences removed because they became shorter than the length cutoff of 20 bp:	42565 (0.1%)

