
SUMMARISING RUN PARAMETERS
==========================
Input filename: /vortexfs1/omics/tepolt/raw_reads/C_maenas/Cm_yrv_2023/15-152_R2_001.fastq.gz
Trimming mode: single-end
Trim Galore version: 0.6.6
Cutadapt version: 3.5
Python version: could not detect
Number of cores used for trimming: 8
Quality Phred score cutoff: 20
Quality encoding type selected: ASCII+33
Adapter sequence: 'AGATCGGAAGAGCGTCGTGTAGGGAAAGAGTGT' (user defined)
Maximum trimming error rate: 0.1 (default)
Minimum required adapter overlap (stringency): 1 bp
Minimum required sequence length before a sequence gets removed: 20 bp
Running FastQC on the data once trimming has completed
Running FastQC with the following extra arguments: --outdir /vortexfs1/scratch/yaamini.venkataraman/wc-green-crab/output/06b-trimgalore     --threads 28
Output file will be GZIP compressed


This is cutadapt 3.5 with Python 3.9.5
Command line parameters: -j 8 -e 0.1 -q 20 -O 1 -a AGATCGGAAGAGCGTCGTGTAGGGAAAGAGTGT /vortexfs1/omics/tepolt/raw_reads/C_maenas/Cm_yrv_2023/15-152_R2_001.fastq.gz
Processing reads on 8 cores in single-end mode ...
Finished in 78.77 s (2 µs/read; 25.06 M reads/minute).

=== Summary ===

Total reads processed:              32,902,125
Reads with adapters:                17,362,782 (52.8%)
Reads written (passing filters):    32,902,125 (100.0%)

Total basepairs processed: 4,935,318,750 bp
Quality-trimmed:              28,620,756 bp (0.6%)
Total written (filtered):  4,661,535,973 bp (94.5%)

=== Adapter 1 ===

Sequence: AGATCGGAAGAGCGTCGTGTAGGGAAAGAGTGT; Type: regular 3'; Length: 33; Trimmed: 17362782 times

Minimum overlap: 1
No. of allowed errors:
1-9 bp: 0; 10-19 bp: 1; 20-29 bp: 2; 30-33 bp: 3

Bases preceding removed adapters:
  A: 23.3%
  C: 32.4%
  G: 26.5%
  T: 17.8%
  none/other: 0.1%

Overview of removed sequences
length	count	expect	max.err	error counts
1	6469962	8225531.2	0	6469962
2	1751487	2056382.8	0	1751487
3	674034	514095.7	0	674034
4	318536	128523.9	0	318536
5	232479	32131.0	0	232479
6	208641	8032.7	0	208641
7	206978	2008.2	0	206978
8	199939	502.0	0	199939
9	195209	125.5	0	194471 738
10	196992	31.4	1	192945 4047
11	192777	7.8	1	188584 4193
12	199767	2.0	1	194814 4953
13	197028	0.5	1	192548 4480
14	206314	0.1	1	200723 5591
15	222169	0.0	1	215752 6417
16	195228	0.0	1	189134 6094
17	199013	0.0	1	190499 8514
18	194350	0.0	1	185976 8242 132
19	206120	0.0	1	195949 10039 132
20	198537	0.0	2	189085 8262 1190
21	169137	0.0	2	159872 8369 896
22	170672	0.0	2	159598 9904 1170
23	179444	0.0	2	165997 11695 1752
24	187275	0.0	2	171002 14034 2239
25	168577	0.0	2	156023 10902 1652
26	174221	0.0	2	159430 12801 1990
27	190665	0.0	2	172524 14937 3194 10
28	149042	0.0	2	135630 11064 2198 150
29	157118	0.0	2	141499 13231 2335 53
30	147005	0.0	3	130820 12795 2435 955
31	145978	0.0	3	130576 12305 2287 810
32	145915	0.0	3	129479 13090 2470 876
33	170882	0.0	3	148094 16693 4297 1798
34	142904	0.0	3	126114 13373 2519 898
35	136703	0.0	3	122423 11531 2059 690
36	121715	0.0	3	109457 10268 1501 489
37	133425	0.0	3	118295 12414 2083 633
38	131656	0.0	3	117805 11315 1896 640
39	125467	0.0	3	110087 12090 2468 822
40	121473	0.0	3	107342 11472 2039 620
41	103050	0.0	3	92569 8787 1301 393
42	104953	0.0	3	93560 9173 1696 524
43	103936	0.0	3	91745 9729 1862 600
44	94102	0.0	3	83762 8449 1458 433
45	106171	0.0	3	91857 11175 2325 814
46	86961	0.0	3	76701 8212 1508 540
47	81828	0.0	3	72715 7508 1216 389
48	88606	0.0	3	78025 8465 1612 504
49	73276	0.0	3	65334 6583 1066 293
50	66963	0.0	3	59330 6171 1102 360
51	65454	0.0	3	57678 6225 1120 431
52	65081	0.0	3	57055 6346 1273 407
53	53505	0.0	3	47992 4524 710 279
54	54902	0.0	3	48433 5129 1000 340
55	53718	0.0	3	47742 4811 872 293
56	47762	0.0	3	42869 3957 667 269
57	48465	0.0	3	42630 4542 941 352
58	52116	0.0	3	45237 5439 1096 344
59	38625	0.0	3	33868 3805 721 231
60	40197	0.0	3	35689 3724 610 174
61	32698	0.0	3	29331 2799 433 135
62	32733	0.0	3	29096 2957 507 173
63	27439	0.0	3	24620 2299 379 141
64	30119	0.0	3	26663 2810 489 157
65	20703	0.0	3	18769 1594 250 90
66	21885	0.0	3	19393 2033 336 123
67	20849	0.0	3	18477 1933 330 109
68	17855	0.0	3	15836 1663 275 81
69	14606	0.0	3	13091 1221 220 74
70	18671	0.0	3	16362 1870 340 99
71	8391	0.0	3	7337 838 157 59
72	10646	0.0	3	9423 977 195 51
73	10559	0.0	3	9247 1086 172 54
74	10758	0.0	3	9504 1020 171 63
75	10320	0.0	3	9380 776 119 45
76	2969	0.0	3	2571 333 45 20
77	6488	0.0	3	5823 551 90 24
78	6254	0.0	3	5591 536 88 39
79	5746	0.0	3	5147 481 80 38
80	4983	0.0	3	4373 469 92 49
81	4491	0.0	3	3944 444 73 30
82	3954	0.0	3	3469 377 71 37
83	3564	0.0	3	3119 322 86 37
84	3137	0.0	3	2744 300 65 28
85	2915	0.0	3	2525 296 66 28
86	2870	0.0	3	2480 290 70 30
87	2544	0.0	3	2181 268 65 30
88	2475	0.0	3	2183 231 41 20
89	2177	0.0	3	1935 172 48 22
90	1979	0.0	3	1692 207 53 27
91	1725	0.0	3	1499 166 39 21
92	1654	0.0	3	1422 165 47 20
93	1438	0.0	3	1269 132 24 13
94	1244	0.0	3	1078 121 27 18
95	1127	0.0	3	988 104 22 13
96	1046	0.0	3	898 111 24 13
97	997	0.0	3	889 87 14 7
98	981	0.0	3	852 89 27 13
99	906	0.0	3	793 80 23 10
100	849	0.0	3	720 89 30 10
101	712	0.0	3	573 80 36 23
102	651	0.0	3	542 77 21 11
103	585	0.0	3	495 60 20 10
104	520	0.0	3	438 53 18 11
105	472	0.0	3	408 35 16 13
106	468	0.0	3	396 45 13 14
107	491	0.0	3	417 49 17 8
108	459	0.0	3	346 74 27 12
109	414	0.0	3	338 51 12 13
110	392	0.0	3	320 43 23 6
111	318	0.0	3	252 39 16 11
112	299	0.0	3	230 42 15 12
113	279	0.0	3	209 35 23 12
114	240	0.0	3	184 23 16 17
115	247	0.0	3	180 34 21 12
116	234	0.0	3	174 29 19 12
117	204	0.0	3	145 32 12 15
118	198	0.0	3	143 30 15 10
119	178	0.0	3	118 27 21 12
120	262	0.0	3	140 66 35 21
121	271	0.0	3	127 62 48 34
122	210	0.0	3	123 40 27 20
123	135	0.0	3	106 17 8 4
124	99	0.0	3	72 14 9 4
125	75	0.0	3	59 7 6 3
126	74	0.0	3	50 14 4 6
127	78	0.0	3	56 11 8 3
128	110	0.0	3	77 13 15 5
129	87	0.0	3	55 11 9 12
130	453	0.0	3	232 100 64 57
131	20342	0.0	3	14024 4006 1523 789
132	110	0.0	3	84 20 4 2
133	80	0.0	3	68 6 4 2
134	197	0.0	3	187 8 2
135	108	0.0	3	89 14 3 2
136	69	0.0	3	61 7 1
137	107	0.0	3	97 9 1
138	220	0.0	3	197 20 2 1
139	95	0.0	3	88 6 0 1
140	127	0.0	3	119 8
141	271	0.0	3	248 17 3 3
142	132	0.0	3	120 9 2 1
143	200	0.0	3	181 16 3
144	242	0.0	3	217 20 3 2
145	171	0.0	3	154 12 1 4
146	261	0.0	3	232 26 2 1
147	237	0.0	3	212 17 6 2
148	213	0.0	3	192 16 5
149	244	0.0	3	164 32 27 21
150	8891	0.0	3	7065 884 479 463

RUN STATISTICS FOR INPUT FILE: /vortexfs1/omics/tepolt/raw_reads/C_maenas/Cm_yrv_2023/15-152_R2_001.fastq.gz
=============================================
32902125 sequences processed in total
Sequences removed because they became shorter than the length cutoff of 20 bp:	65777 (0.2%)

