
SUMMARISING RUN PARAMETERS
==========================
Input filename: /vortexfs1/omics/tepolt/raw_reads/C_maenas/Cm_yrv_2023/15-154_R2_001.fastq.gz
Trimming mode: single-end
Trim Galore version: 0.6.6
Cutadapt version: 3.5
Python version: could not detect
Number of cores used for trimming: 8
Quality Phred score cutoff: 20
Quality encoding type selected: ASCII+33
Adapter sequence: 'AGATCGGAAGAGCGTCGTGTAGGGAAAGAGTGT' (user defined)
Maximum trimming error rate: 0.1 (default)
Minimum required adapter overlap (stringency): 1 bp
Minimum required sequence length before a sequence gets removed: 20 bp
Running FastQC on the data once trimming has completed
Running FastQC with the following extra arguments: --outdir /vortexfs1/scratch/yaamini.venkataraman/wc-green-crab/output/06b-trimgalore     --threads 28
Output file will be GZIP compressed


This is cutadapt 3.5 with Python 3.9.5
Command line parameters: -j 8 -e 0.1 -q 20 -O 1 -a AGATCGGAAGAGCGTCGTGTAGGGAAAGAGTGT /vortexfs1/omics/tepolt/raw_reads/C_maenas/Cm_yrv_2023/15-154_R2_001.fastq.gz
Processing reads on 8 cores in single-end mode ...
Finished in 115.19 s (2 µs/read; 26.50 M reads/minute).

=== Summary ===

Total reads processed:              50,881,500
Reads with adapters:                26,830,490 (52.7%)
Reads written (passing filters):    50,881,500 (100.0%)

Total basepairs processed: 7,632,225,000 bp
Quality-trimmed:              24,094,390 bp (0.3%)
Total written (filtered):  7,233,087,319 bp (94.8%)

=== Adapter 1 ===

Sequence: AGATCGGAAGAGCGTCGTGTAGGGAAAGAGTGT; Type: regular 3'; Length: 33; Trimmed: 26830490 times

Minimum overlap: 1
No. of allowed errors:
1-9 bp: 0; 10-19 bp: 1; 20-29 bp: 2; 30-33 bp: 3

Bases preceding removed adapters:
  A: 23.7%
  C: 29.8%
  G: 26.5%
  T: 19.9%
  none/other: 0.1%

Overview of removed sequences
length	count	expect	max.err	error counts
1	10343665	12720375.0	0	10343665
2	2839373	3180093.8	0	2839373
3	1028668	795023.4	0	1028668
4	478101	198755.9	0	478101
5	335677	49689.0	0	335677
6	297263	12422.2	0	297263
7	296271	3105.6	0	296271
8	285666	776.4	0	285666
9	280456	194.1	0	279379 1077
10	285047	48.5	1	279787 5260
11	277307	12.1	1	272242 5065
12	286093	3.0	1	279645 6448
13	272800	0.8	1	267557 5243
14	278126	0.2	1	270837 7289
15	298952	0.0	1	290991 7961
16	276149	0.0	1	268438 7711
17	289465	0.0	1	278046 11419
18	281421	0.0	1	269959 11320 142
19	305808	0.0	1	291536 14073 199
20	278946	0.0	2	266475 10987 1484
21	243443	0.0	2	230830 11484 1129
22	250567	0.0	2	234758 14164 1645
23	253953	0.0	2	235328 16159 2466
24	278763	0.0	2	255676 19961 3126
25	259445	0.0	2	240643 16607 2195
26	259528	0.0	2	238037 18683 2808
27	282813	0.0	2	255936 22099 4766 12
28	223552	0.0	2	203243 16597 3473 239
29	235712	0.0	2	213095 19235 3274 108
30	226162	0.0	3	201341 19248 3972 1601
31	210575	0.0	3	190235 16360 2892 1088
32	217339	0.0	3	192440 19633 3856 1410
33	243321	0.0	3	215059 21563 4724 1975
34	194720	0.0	3	172941 17590 3170 1019
35	210181	0.0	3	186814 17770 3794 1803
36	351654	0.0	3	304320 36901 8057 2376
37	118711	0.0	3	101442 13616 2634 1019
38	265670	0.0	3	238384 22458 3795 1033
39	131573	0.0	3	116679 12423 1913 558
40	198696	0.0	3	180481 15361 2236 618
41	118304	0.0	3	106272 10223 1408 401
42	149619	0.0	3	135867 11614 1633 505
43	170313	0.0	3	152825 14454 2303 731
44	131550	0.0	3	118634 10789 1632 495
45	209544	0.0	3	185903 19182 3357 1102
46	112019	0.0	3	99091 10558 1764 606
47	107573	0.0	3	96731 9050 1390 402
48	160053	0.0	3	143002 14066 2227 758
49	100431	0.0	3	90969 7956 1142 364
50	102204	0.0	3	91737 8567 1410 490
51	102720	0.0	3	92084 8715 1449 472
52	113977	0.0	3	101703 10066 1686 522
53	68814	0.0	3	62428 5285 797 304
54	93084	0.0	3	82916 8188 1464 516
55	88838	0.0	3	80248 7115 1114 361
56	72651	0.0	3	65968 5450 921 312
57	90791	0.0	3	80575 8206 1461 549
58	99298	0.0	3	89433 8193 1288 384
59	64235	0.0	3	57406 5643 903 283
60	57390	0.0	3	52018 4399 694 279
61	44210	0.0	3	40038 3509 491 172
62	61671	0.0	3	55957 4744 736 234
63	32564	0.0	3	29137 2770 458 199
64	59571	0.0	3	54293 4375 694 209
65	28520	0.0	3	25886 2183 323 128
66	34969	0.0	3	31552 2827 458 132
67	38843	0.0	3	35116 3116 464 147
68	26145	0.0	3	23445 2185 392 123
69	18489	0.0	3	16456 1699 228 106
70	37014	0.0	3	33642 2764 475 133
71	7403	0.0	3	6064 1071 191 77
72	18161	0.0	3	16274 1512 284 91
73	18816	0.0	3	16797 1665 269 85
74	19314	0.0	3	17349 1629 251 85
75	18894	0.0	3	17408 1227 188 71
76	5819	0.0	3	5052 653 79 35
77	10345	0.0	3	9330 824 123 68
78	11587	0.0	3	10431 937 165 54
79	10594	0.0	3	9461 913 159 61
80	9762	0.0	3	8706 832 162 62
81	8938	0.0	3	7906 808 149 75
82	7646	0.0	3	6791 660 137 58
83	6761	0.0	3	5977 609 127 48
84	6074	0.0	3	5352 564 104 54
85	5662	0.0	3	4996 519 95 52
86	5749	0.0	3	5064 538 111 36
87	5357	0.0	3	4771 451 92 43
88	4782	0.0	3	4194 462 89 37
89	4345	0.0	3	3935 311 66 33
90	4017	0.0	3	3593 337 57 30
91	3650	0.0	3	3244 299 73 34
92	3433	0.0	3	3030 295 69 39
93	2836	0.0	3	2513 247 51 25
94	2612	0.0	3	2327 219 44 22
95	2286	0.0	3	2014 199 48 25
96	2248	0.0	3	2009 173 44 22
97	2151	0.0	3	1900 186 38 27
98	1991	0.0	3	1755 177 32 27
99	1883	0.0	3	1652 155 54 22
100	1641	0.0	3	1409 159 42 31
101	1540	0.0	3	1333 148 37 22
102	1259	0.0	3	1078 128 38 15
103	1231	0.0	3	1064 109 30 28
104	1052	0.0	3	892 106 40 14
105	995	0.0	3	877 66 33 19
106	992	0.0	3	874 86 20 12
107	973	0.0	3	847 78 26 22
108	906	0.0	3	787 84 19 16
109	795	0.0	3	680 79 26 10
110	765	0.0	3	660 65 27 13
111	681	0.0	3	589 59 23 10
112	575	0.0	3	475 57 22 21
113	504	0.0	3	404 65 19 16
114	494	0.0	3	412 56 20 6
115	398	0.0	3	322 46 22 8
116	380	0.0	3	312 49 10 9
117	373	0.0	3	294 45 20 14
118	403	0.0	3	327 43 21 12
119	330	0.0	3	269 28 23 10
120	318	0.0	3	226 51 26 15
121	305	0.0	3	214 52 27 12
122	280	0.0	3	218 42 13 7
123	205	0.0	3	174 21 5 5
124	161	0.0	3	127 20 6 8
125	132	0.0	3	101 16 9 6
126	127	0.0	3	97 18 11 1
127	154	0.0	3	126 17 6 5
128	122	0.0	3	95 18 6 3
129	174	0.0	3	143 17 9 5
130	271	0.0	3	183 43 29 16
131	5409	0.0	3	3643 1109 455 202
132	182	0.0	3	152 22 5 3
133	171	0.0	3	130 25 12 4
134	383	0.0	3	346 29 5 3
135	234	0.0	3	208 15 8 3
136	195	0.0	3	170 19 4 2
137	267	0.0	3	247 15 2 3
138	495	0.0	3	452 34 4 5
139	261	0.0	3	241 19 1
140	351	0.0	3	315 26 5 5
141	927	0.0	3	847 59 8 13
142	397	0.0	3	365 25 4 3
143	662	0.0	3	603 44 10 5
144	569	0.0	3	515 43 7 4
145	536	0.0	3	491 33 9 3
146	866	0.0	3	800 48 12 6
147	831	0.0	3	718 83 17 13
148	625	0.0	3	562 47 7 9
149	475	0.0	3	261 93 66 55
150	17966	0.0	3	10022 3828 2616 1500

RUN STATISTICS FOR INPUT FILE: /vortexfs1/omics/tepolt/raw_reads/C_maenas/Cm_yrv_2023/15-154_R2_001.fastq.gz
=============================================
50881500 sequences processed in total
Sequences removed because they became shorter than the length cutoff of 20 bp:	43801 (0.1%)

