
SUMMARISING RUN PARAMETERS
==========================
Input filename: /vortexfs1/omics/tepolt/raw_reads/C_maenas/Cm_yrv_2023/15-161_R2_001.fastq.gz
Trimming mode: single-end
Trim Galore version: 0.6.6
Cutadapt version: 3.5
Python version: could not detect
Number of cores used for trimming: 8
Quality Phred score cutoff: 20
Quality encoding type selected: ASCII+33
Adapter sequence: 'AGATCGGAAGAGCGTCGTGTAGGGAAAGAGTGT' (user defined)
Maximum trimming error rate: 0.1 (default)
Minimum required adapter overlap (stringency): 1 bp
Minimum required sequence length before a sequence gets removed: 20 bp
Running FastQC on the data once trimming has completed
Running FastQC with the following extra arguments: --outdir /vortexfs1/scratch/yaamini.venkataraman/wc-green-crab/output/06b-trimgalore     --threads 28
Output file will be GZIP compressed


This is cutadapt 3.5 with Python 3.9.5
Command line parameters: -j 8 -e 0.1 -q 20 -O 1 -a AGATCGGAAGAGCGTCGTGTAGGGAAAGAGTGT /vortexfs1/omics/tepolt/raw_reads/C_maenas/Cm_yrv_2023/15-161_R2_001.fastq.gz
Processing reads on 8 cores in single-end mode ...
Finished in 125.38 s (2 µs/read; 25.46 M reads/minute).

=== Summary ===

Total reads processed:              53,205,605
Reads with adapters:                30,294,348 (56.9%)
Reads written (passing filters):    53,205,605 (100.0%)

Total basepairs processed: 7,980,840,750 bp
Quality-trimmed:              26,073,037 bp (0.3%)
Total written (filtered):  7,386,164,309 bp (92.5%)

=== Adapter 1 ===

Sequence: AGATCGGAAGAGCGTCGTGTAGGGAAAGAGTGT; Type: regular 3'; Length: 33; Trimmed: 30294348 times

Minimum overlap: 1
No. of allowed errors:
1-9 bp: 0; 10-19 bp: 1; 20-29 bp: 2; 30-33 bp: 3

Bases preceding removed adapters:
  A: 21.8%
  C: 31.5%
  G: 28.2%
  T: 18.5%
  none/other: 0.1%

Overview of removed sequences
length	count	expect	max.err	error counts
1	9644723	13301401.2	0	9644723
2	2601985	3325350.3	0	2601985
3	990486	831337.6	0	990486
4	464785	207834.4	0	464785
5	348842	51958.6	0	348842
6	311588	12989.6	0	311588
7	313261	3247.4	0	313261
8	299952	811.9	0	299952
9	294404	203.0	0	293335 1069
10	301623	50.7	1	295586 6037
11	299231	12.7	1	293278 5953
12	316912	3.2	1	309342 7570
13	305278	0.8	1	298833 6445
14	318411	0.2	1	309587 8824
15	353212	0.0	1	343299 9913
16	311354	0.0	1	301921 9433
17	327727	0.0	1	314004 13723
18	325381	0.0	1	311451 13721 209
19	358608	0.0	1	340665 17722 221
20	326035	0.0	2	310947 13223 1865
21	293664	0.0	2	277709 14377 1578
22	300946	0.0	2	281111 17674 2161
23	325362	0.0	2	301181 21101 3080
24	351364	0.0	2	320979 26068 4317
25	313776	0.0	2	290110 20708 2958
26	325946	0.0	2	297600 24442 3904
27	351469	0.0	2	316247 28529 6660 33
28	300497	0.0	2	272274 23013 4804 406
29	303933	0.0	2	274039 25319 4444 131
30	318839	0.0	3	281578 28458 6462 2341
31	265281	0.0	3	239563 20561 3745 1412
32	306639	0.0	3	267692 30061 6537 2349
33	318723	0.0	3	283674 27829 5341 1879
34	279688	0.0	3	246596 26284 5090 1718
35	294741	0.0	3	263218 24767 4836 1920
36	375020	0.0	3	320702 41746 9517 3055
37	296021	0.0	3	258027 29738 6199 2057
38	296343	0.0	3	268511 23516 3419 897
39	218446	0.0	3	196825 17979 2776 866
40	259554	0.0	3	231592 22702 3945 1315
41	263343	0.0	3	232114 25144 4567 1518
42	271130	0.0	3	236254 26862 5950 2064
43	269731	0.0	3	236661 26377 5042 1651
44	231492	0.0	3	204889 21482 3887 1234
45	322874	0.0	3	278902 34593 7168 2211
46	206246	0.0	3	180318 20524 4028 1376
47	202106	0.0	3	179256 18515 3235 1100
48	256947	0.0	3	225854 25131 4549 1413
49	191375	0.0	3	170815 16932 2747 881
50	183884	0.0	3	163283 16505 3092 1004
51	186265	0.0	3	164363 17328 3439 1135
52	205113	0.0	3	179549 20187 4089 1288
53	142315	0.0	3	127947 11794 1874 700
54	169992	0.0	3	149062 16517 3265 1148
55	166341	0.0	3	147966 14859 2722 794
56	142406	0.0	3	127974 11587 2147 698
57	167692	0.0	3	145893 17124 3533 1142
58	184211	0.0	3	162613 17636 3118 844
59	110251	0.0	3	97086 10651 1921 593
60	136566	0.0	3	122159 11772 2058 577
61	92318	0.0	3	83259 7476 1197 386
62	108225	0.0	3	96936 9210 1595 484
63	79335	0.0	3	71144 6697 1117 377
64	109894	0.0	3	98446 9331 1607 510
65	66065	0.0	3	60064 4967 771 263
66	75464	0.0	3	67238 6676 1165 385
67	80806	0.0	3	72072 7017 1300 417
68	59336	0.0	3	52779 5297 941 319
69	46335	0.0	3	41477 3949 661 248
70	78857	0.0	3	70553 6633 1256 415
71	21733	0.0	3	18531 2555 475 172
72	39890	0.0	3	35378 3594 679 239
73	41410	0.0	3	36581 3902 721 206
74	42507	0.0	3	37506 4071 702 228
75	42711	0.0	3	38858 3169 524 160
76	13778	0.0	3	12091 1385 216 86
77	24267	0.0	3	22018 1826 306 117
78	25743	0.0	3	23101 2137 382 123
79	23817	0.0	3	21251 2031 395 140
80	21321	0.0	3	18941 1889 357 134
81	19235	0.0	3	16978 1775 332 150
82	16860	0.0	3	14904 1543 285 128
83	14935	0.0	3	13075 1433 316 111
84	13779	0.0	3	12184 1249 254 92
85	12359	0.0	3	10872 1166 227 94
86	12329	0.0	3	10776 1188 267 98
87	11237	0.0	3	9885 1077 195 80
88	10399	0.0	3	9135 981 212 71
89	9262	0.0	3	8291 742 159 70
90	8513	0.0	3	7628 675 145 65
91	7509	0.0	3	6680 661 116 52
92	6938	0.0	3	6132 643 109 54
93	5979	0.0	3	5325 509 102 43
94	5258	0.0	3	4700 434 86 38
95	4495	0.0	3	3987 393 74 41
96	4226	0.0	3	3718 377 92 39
97	4100	0.0	3	3615 365 90 30
98	3993	0.0	3	3517 356 86 34
99	3493	0.0	3	3049 326 86 32
100	3112	0.0	3	2723 283 66 40
101	2729	0.0	3	2334 275 75 45
102	2373	0.0	3	2014 246 64 49
103	2229	0.0	3	1935 204 55 35
104	1844	0.0	3	1575 180 62 27
105	1722	0.0	3	1485 161 46 30
106	1641	0.0	3	1433 132 50 26
107	1700	0.0	3	1434 178 55 33
108	1519	0.0	3	1230 179 70 40
109	1349	0.0	3	1164 116 46 23
110	1181	0.0	3	994 123 41 23
111	990	0.0	3	834 109 31 16
112	884	0.0	3	724 95 42 23
113	714	0.0	3	579 83 39 13
114	763	0.0	3	631 73 37 22
115	668	0.0	3	515 83 39 31
116	630	0.0	3	480 65 53 32
117	498	0.0	3	377 81 24 16
118	491	0.0	3	383 56 33 19
119	504	0.0	3	374 67 36 27
120	649	0.0	3	350 131 88 80
121	698	0.0	3	368 150 100 80
122	463	0.0	3	268 108 50 37
123	280	0.0	3	214 33 18 15
124	216	0.0	3	161 30 15 10
125	225	0.0	3	169 28 16 12
126	188	0.0	3	143 21 9 15
127	207	0.0	3	142 27 23 15
128	232	0.0	3	130 50 28 24
129	245	0.0	3	151 28 37 29
130	1183	0.0	3	485 301 234 163
131	50291	0.0	3	29807 12349 5328 2807
132	258	0.0	3	212 35 7 4
133	211	0.0	3	168 25 13 5
134	402	0.0	3	357 34 7 4
135	206	0.0	3	179 20 7
136	201	0.0	3	181 16 2 2
137	224	0.0	3	198 20 4 2
138	515	0.0	3	468 38 8 1
139	230	0.0	3	206 19 4 1
140	324	0.0	3	306 14 3 1
141	684	0.0	3	630 46 4 4
142	334	0.0	3	308 23 2 1
143	601	0.0	3	551 37 7 6
144	572	0.0	3	528 32 7 5
145	527	0.0	3	476 38 6 7
146	840	0.0	3	777 51 9 3
147	729	0.0	3	678 34 10 7
148	564	0.0	3	497 49 13 5
149	367	0.0	3	238 49 38 42
150	15100	0.0	3	10441 2055 1424 1180

RUN STATISTICS FOR INPUT FILE: /vortexfs1/omics/tepolt/raw_reads/C_maenas/Cm_yrv_2023/15-161_R2_001.fastq.gz
=============================================
53205605 sequences processed in total
Sequences removed because they became shorter than the length cutoff of 20 bp:	85808 (0.2%)

