
SUMMARISING RUN PARAMETERS
==========================
Input filename: /vortexfs1/omics/tepolt/raw_reads/C_maenas/Cm_yrv_2023/25-053_R2_001.fastq.gz
Trimming mode: single-end
Trim Galore version: 0.6.6
Cutadapt version: 3.5
Python version: could not detect
Number of cores used for trimming: 8
Quality Phred score cutoff: 20
Quality encoding type selected: ASCII+33
Adapter sequence: 'AGATCGGAAGAGCGTCGTGTAGGGAAAGAGTGT' (user defined)
Maximum trimming error rate: 0.1 (default)
Minimum required adapter overlap (stringency): 1 bp
Minimum required sequence length before a sequence gets removed: 20 bp
Running FastQC on the data once trimming has completed
Running FastQC with the following extra arguments: --outdir /vortexfs1/scratch/yaamini.venkataraman/wc-green-crab/output/06b-trimgalore     --threads 28
Output file will be GZIP compressed


This is cutadapt 3.5 with Python 3.9.5
Command line parameters: -j 8 -e 0.1 -q 20 -O 1 -a AGATCGGAAGAGCGTCGTGTAGGGAAAGAGTGT /vortexfs1/omics/tepolt/raw_reads/C_maenas/Cm_yrv_2023/25-053_R2_001.fastq.gz
Processing reads on 8 cores in single-end mode ...
Finished in 116.53 s (2 µs/read; 26.64 M reads/minute).

=== Summary ===

Total reads processed:              51,745,762
Reads with adapters:                26,753,462 (51.7%)
Reads written (passing filters):    51,745,762 (100.0%)

Total basepairs processed: 7,761,864,300 bp
Quality-trimmed:              22,501,634 bp (0.3%)
Total written (filtered):  7,276,795,494 bp (93.8%)

=== Adapter 1 ===

Sequence: AGATCGGAAGAGCGTCGTGTAGGGAAAGAGTGT; Type: regular 3'; Length: 33; Trimmed: 26753462 times

Minimum overlap: 1
No. of allowed errors:
1-9 bp: 0; 10-19 bp: 1; 20-29 bp: 2; 30-33 bp: 3

Bases preceding removed adapters:
  A: 22.8%
  C: 31.3%
  G: 27.4%
  T: 18.4%
  none/other: 0.1%

Overview of removed sequences
length	count	expect	max.err	error counts
1	10148837	12936440.5	0	10148837
2	2742847	3234110.1	0	2742847
3	1005128	808527.5	0	1005128
4	435564	202131.9	0	435564
5	305891	50533.0	0	305891
6	267686	12633.2	0	267686
7	265833	3158.3	0	265833
8	253435	789.6	0	253435
9	247993	197.4	0	247058 935
10	253985	49.3	1	249356 4629
11	250367	12.3	1	245575 4792
12	258734	3.1	1	252928 5806
13	248440	0.8	1	243703 4737
14	254959	0.2	1	248574 6385
15	271278	0.0	1	264173 7105
16	239665	0.0	1	233121 6544
17	249344	0.0	1	239756 9588
18	245004	0.0	1	235533 9360 111
19	268808	0.0	1	256423 12230 155
20	244003	0.0	2	233452 9294 1257
21	218391	0.0	2	207371 9949 1071
22	220740	0.0	2	207202 12185 1353
23	232752	0.0	2	216750 14097 1905
24	247607	0.0	2	227698 17081 2828
25	217849	0.0	2	202847 13297 1705
26	224322	0.0	2	206310 15686 2326
27	240898	0.0	2	218983 17956 3944 15
28	199949	0.0	2	182914 14018 2780 237
29	200758	0.0	2	182309 15885 2496 68
30	208060	0.0	3	185627 17196 3859 1378
31	178923	0.0	3	163036 12824 2257 806
32	200305	0.0	3	177019 18232 3722 1332
33	190080	0.0	3	172906 14063 2340 771
34	240533	0.0	3	209246 23961 5349 1977
35	148429	0.0	3	134611 11326 1890 602
36	194642	0.0	3	171704 17990 3703 1245
37	181606	0.0	3	160798 16702 3102 1004
38	176610	0.0	3	158410 14735 2669 796
39	157667	0.0	3	142379 12778 1906 604
40	206085	0.0	3	180654 20038 4081 1312
41	129476	0.0	3	116026 10925 1937 588
42	150595	0.0	3	135780 12167 2016 632
43	158960	0.0	3	140452 14666 2866 976
44	145240	0.0	3	129837 12475 2212 716
45	170500	0.0	3	147893 17554 3817 1236
46	138162	0.0	3	122340 12604 2412 806
47	130820	0.0	3	116866 11311 2016 627
48	150773	0.0	3	132780 14301 2785 907
49	125540	0.0	3	112041 11021 1869 609
50	119306	0.0	3	106295 10490 1892 629
51	118401	0.0	3	104689 10788 2164 760
52	124960	0.0	3	109541 12187 2433 799
53	102081	0.0	3	91966 8275 1363 477
54	108016	0.0	3	95548 9884 1918 666
55	111288	0.0	3	98780 9895 1989 624
56	99979	0.0	3	90304 7831 1376 468
57	111153	0.0	3	97358 10748 2268 779
58	125264	0.0	3	110047 12195 2290 732
59	84320	0.0	3	74593 7873 1378 476
60	94433	0.0	3	84400 8205 1389 439
61	82579	0.0	3	74375 6725 1122 357
62	83210	0.0	3	74297 7225 1267 421
63	68174	0.0	3	61547 5465 878 284
64	86936	0.0	3	77181 7930 1382 443
65	63117	0.0	3	57579 4588 714 236
66	68191	0.0	3	60664 6165 1034 328
67	70995	0.0	3	63090 6368 1151 386
68	60125	0.0	3	53811 5164 864 286
69	50570	0.0	3	45450 4231 678 211
70	73105	0.0	3	64886 6688 1167 364
71	30831	0.0	3	27260 2917 482 172
72	44119	0.0	3	39212 4020 656 231
73	46908	0.0	3	41471 4440 761 236
74	48406	0.0	3	42950 4497 702 257
75	51564	0.0	3	47345 3431 608 180
76	15361	0.0	3	13471 1561 232 97
77	33082	0.0	3	30215 2374 370 123
78	33434	0.0	3	30250 2582 456 146
79	30698	0.0	3	27574 2528 442 154
80	29749	0.0	3	26569 2574 433 173
81	27612	0.0	3	24563 2426 438 185
82	25056	0.0	3	22169 2189 451 247
83	23118	0.0	3	20085 2175 556 302
84	20374	0.0	3	17998 1825 388 163
85	19067	0.0	3	16964 1634 328 141
86	18610	0.0	3	16503 1677 306 124
87	18257	0.0	3	16228 1600 309 120
88	16849	0.0	3	14992 1475 272 110
89	15919	0.0	3	14369 1220 235 95
90	14413	0.0	3	12991 1092 239 91
91	13038	0.0	3	11713 1046 195 84
92	11533	0.0	3	10340 946 181 66
93	9856	0.0	3	8843 817 136 60
94	8656	0.0	3	7679 783 139 55
95	7800	0.0	3	6948 661 133 58
96	7366	0.0	3	6611 593 107 55
97	6700	0.0	3	5963 576 111 50
98	6552	0.0	3	5890 501 109 52
99	6044	0.0	3	5350 507 122 65
100	5295	0.0	3	4715 432 97 51
101	4558	0.0	3	4008 390 106 54
102	4272	0.0	3	3607 400 168 97
103	3755	0.0	3	3250 349 98 58
104	3116	0.0	3	2721 282 66 47
105	2737	0.0	3	2376 249 76 36
106	2654	0.0	3	2267 242 94 51
107	2987	0.0	3	2508 320 101 58
108	3165	0.0	3	2236 474 259 196
109	2169	0.0	3	1840 235 68 26
110	2116	0.0	3	1724 224 97 71
111	1685	0.0	3	1388 166 84 47
112	1658	0.0	3	1284 213 100 61
113	1369	0.0	3	1079 145 81 64
114	1378	0.0	3	1054 175 94 55
115	1388	0.0	3	871 240 175 102
116	1239	0.0	3	831 182 150 76
117	1078	0.0	3	712 164 108 94
118	1116	0.0	3	742 193 106 75
119	1065	0.0	3	669 197 115 84
120	2089	0.0	3	836 571 420 262
121	2036	0.0	3	769 515 432 320
122	1446	0.0	3	727 377 204 138
123	632	0.0	3	436 109 52 35
124	457	0.0	3	350 54 32 21
125	405	0.0	3	293 52 31 29
126	429	0.0	3	304 51 47 27
127	454	0.0	3	319 48 42 45
128	544	0.0	3	273 90 93 88
129	616	0.0	3	302 86 106 122
130	4655	0.0	3	2179 943 807 726
131	265051	0.0	3	164421 61714 25574 13342
132	1782	0.0	3	1332 288 105 57
133	641	0.0	3	494 108 24 15
134	745	0.0	3	654 64 16 11
135	569	0.0	3	485 60 17 7
136	341	0.0	3	294 37 8 2
137	461	0.0	3	410 38 7 6
138	770	0.0	3	717 41 10 2
139	476	0.0	3	427 43 6
140	491	0.0	3	451 34 5 1
141	969	0.0	3	918 44 6 1
142	524	0.0	3	488 30 5 1
143	689	0.0	3	637 40 8 4
144	878	0.0	3	804 61 8 5
145	789	0.0	3	727 49 7 6
146	1103	0.0	3	1014 73 12 4
147	952	0.0	3	882 53 11 6
148	1044	0.0	3	940 82 15 7
149	747	0.0	3	559 119 39 30
150	20629	0.0	3	17127 2089 749 664

RUN STATISTICS FOR INPUT FILE: /vortexfs1/omics/tepolt/raw_reads/C_maenas/Cm_yrv_2023/25-053_R2_001.fastq.gz
=============================================
51745762 sequences processed in total
Sequences removed because they became shorter than the length cutoff of 20 bp:	317782 (0.6%)

