
SUMMARISING RUN PARAMETERS
==========================
Input filename: /vortexfs1/omics/tepolt/raw_reads/C_maenas/Cm_yrv_2023/25-052_R2_001.fastq.gz
Trimming mode: single-end
Trim Galore version: 0.6.6
Cutadapt version: 3.5
Python version: could not detect
Number of cores used for trimming: 8
Quality Phred score cutoff: 20
Quality encoding type selected: ASCII+33
Adapter sequence: 'AGATCGGAAGAGCGTCGTGTAGGGAAAGAGTGT' (user defined)
Maximum trimming error rate: 0.1 (default)
Minimum required adapter overlap (stringency): 1 bp
Minimum required sequence length before a sequence gets removed: 20 bp
Running FastQC on the data once trimming has completed
Running FastQC with the following extra arguments: --outdir /vortexfs1/scratch/yaamini.venkataraman/wc-green-crab/output/06b-trimgalore     --threads 28
Output file will be GZIP compressed


This is cutadapt 3.5 with Python 3.9.5
Command line parameters: -j 8 -e 0.1 -q 20 -O 1 -a AGATCGGAAGAGCGTCGTGTAGGGAAAGAGTGT /vortexfs1/omics/tepolt/raw_reads/C_maenas/Cm_yrv_2023/25-052_R2_001.fastq.gz
Processing reads on 8 cores in single-end mode ...
Finished in 72.38 s (2 µs/read; 25.22 M reads/minute).

=== Summary ===

Total reads processed:              30,427,334
Reads with adapters:                14,295,210 (47.0%)
Reads written (passing filters):    30,427,334 (100.0%)

Total basepairs processed: 4,564,100,100 bp
Quality-trimmed:              14,176,060 bp (0.3%)
Total written (filtered):  4,397,084,553 bp (96.3%)

=== Adapter 1 ===

Sequence: AGATCGGAAGAGCGTCGTGTAGGGAAAGAGTGT; Type: regular 3'; Length: 33; Trimmed: 14295210 times

Minimum overlap: 1
No. of allowed errors:
1-9 bp: 0; 10-19 bp: 1; 20-29 bp: 2; 30-33 bp: 3

Bases preceding removed adapters:
  A: 25.9%
  C: 28.8%
  G: 25.3%
  T: 19.9%
  none/other: 0.1%

Overview of removed sequences
length	count	expect	max.err	error counts
1	6766609	7606833.5	0	6766609
2	1774227	1901708.4	0	1774227
3	625418	475427.1	0	625418
4	242733	118856.8	0	242733
5	153327	29714.2	0	153327
6	128935	7428.5	0	128935
7	126696	1857.1	0	126696
8	120200	464.3	0	120200
9	117971	116.1	0	117371 600
10	119745	29.0	1	117328 2417
11	117438	7.3	1	114844 2594
12	121581	1.8	1	118759 2822
13	115287	0.5	1	113085 2202
14	118729	0.1	1	115610 3119
15	126663	0.0	1	123382 3281
16	113507	0.0	1	110302 3205
17	117749	0.0	1	113202 4547
18	114637	0.0	1	110093 4495 49
19	125247	0.0	1	119594 5583 70
20	117399	0.0	2	112431 4342 626
21	100668	0.0	2	95517 4623 528
22	101086	0.0	2	94976 5453 657
23	108146	0.0	2	100562 6587 997
24	107945	0.0	2	99573 7211 1161
25	103353	0.0	2	96133 6374 846
26	101618	0.0	2	93709 6782 1127
27	109683	0.0	2	100005 7956 1717 5
28	89536	0.0	2	82329 5989 1167 51
29	88878	0.0	2	81026 6661 1161 30
30	87703	0.0	3	78679 6758 1645 621
31	85362	0.0	3	77018 6485 1390 469
32	86997	0.0	3	77607 7427 1435 528
33	89525	0.0	3	80014 7364 1491 656
34	89291	0.0	3	79430 7892 1481 488
35	73044	0.0	3	66902 5146 749 247
36	82589	0.0	3	73377 7239 1387 586
37	74791	0.0	3	66927 6358 1116 390
38	80323	0.0	3	71623 6919 1297 484
39	87169	0.0	3	77304 7804 1469 592
40	55995	0.0	3	49958 4846 854 337
41	64315	0.0	3	57584 5291 972 468
42	60768	0.0	3	55563 4297 673 235
43	63897	0.0	3	56802 5641 1038 416
44	56062	0.0	3	50431 4634 716 281
45	65828	0.0	3	57591 6345 1334 558
46	50734	0.0	3	45239 4325 817 353
47	49110	0.0	3	44148 4091 649 222
48	53368	0.0	3	47480 4727 857 304
49	45060	0.0	3	40585 3639 616 220
50	40845	0.0	3	36636 3395 600 214
51	40580	0.0	3	36103 3539 662 276
52	40697	0.0	3	35930 3734 728 305
53	33417	0.0	3	30297 2562 406 152
54	34286	0.0	3	30520 2931 580 255
55	34400	0.0	3	30730 2910 557 203
56	29588	0.0	3	26735 2255 422 176
57	30097	0.0	3	26652 2684 558 203
58	33222	0.0	3	29358 3058 616 190
59	22728	0.0	3	20204 2015 389 120
60	23680	0.0	3	21282 1944 316 138
61	19705	0.0	3	17925 1465 244 71
62	20164	0.0	3	18121 1643 272 128
63	16353	0.0	3	14899 1155 224 75
64	19121	0.0	3	17135 1571 295 120
65	13433	0.0	3	12327 915 142 49
66	14163	0.0	3	12727 1160 217 59
67	13467	0.0	3	12049 1152 192 74
68	11185	0.0	3	10004 972 157 52
69	9528	0.0	3	8632 749 98 49
70	12259	0.0	3	10885 1091 200 83
71	5653	0.0	3	5041 497 84 31
72	7365	0.0	3	6585 630 99 51
73	7195	0.0	3	6390 635 116 54
74	7066	0.0	3	6287 650 85 44
75	7317	0.0	3	6749 472 67 29
76	2073	0.0	3	1790 227 28 28
77	4493	0.0	3	4083 329 59 22
78	4461	0.0	3	4036 336 61 28
79	4078	0.0	3	3655 316 74 33
80	3481	0.0	3	3122 263 57 39
81	3224	0.0	3	2839 283 69 33
82	2966	0.0	3	2645 247 52 22
83	2437	0.0	3	2142 221 49 25
84	2262	0.0	3	1985 212 44 21
85	2088	0.0	3	1841 186 39 22
86	1998	0.0	3	1738 188 46 26
87	1946	0.0	3	1678 198 51 19
88	1806	0.0	3	1577 167 45 17
89	1626	0.0	3	1432 144 35 15
90	1517	0.0	3	1370 100 31 16
91	1346	0.0	3	1182 116 36 12
92	1176	0.0	3	1032 104 27 13
93	1059	0.0	3	947 83 15 14
94	916	0.0	3	810 70 22 14
95	877	0.0	3	772 74 17 14
96	711	0.0	3	610 69 23 9
97	684	0.0	3	587 72 11 14
98	641	0.0	3	554 62 18 7
99	611	0.0	3	536 48 18 9
100	591	0.0	3	504 57 16 14
101	526	0.0	3	445 50 15 16
102	444	0.0	3	368 41 21 14
103	447	0.0	3	366 52 20 9
104	398	0.0	3	332 36 19 11
105	343	0.0	3	285 34 17 7
106	309	0.0	3	255 35 10 9
107	404	0.0	3	327 50 13 14
108	308	0.0	3	259 31 9 9
109	271	0.0	3	210 34 14 13
110	250	0.0	3	200 30 9 11
111	243	0.0	3	190 34 11 8
112	222	0.0	3	182 23 12 5
113	212	0.0	3	178 21 6 7
114	208	0.0	3	170 24 8 6
115	171	0.0	3	132 22 12 5
116	150	0.0	3	120 19 6 5
117	156	0.0	3	117 23 11 5
118	148	0.0	3	112 23 7 6
119	126	0.0	3	93 22 5 6
120	121	0.0	3	99 12 7 3
121	131	0.0	3	101 14 10 6
122	86	0.0	3	69 12 3 2
123	89	0.0	3	66 11 8 4
124	81	0.0	3	63 9 6 3
125	79	0.0	3	66 7 3 3
126	51	0.0	3	40 6 4 1
127	64	0.0	3	48 7 7 2
128	66	0.0	3	56 6 2 2
129	55	0.0	3	39 7 5 4
130	104	0.0	3	68 11 18 7
131	1504	0.0	3	894 362 161 87
132	62	0.0	3	52 7 2 1
133	63	0.0	3	50 9 2 2
134	159	0.0	3	148 7 3 1
135	69	0.0	3	62 6 1
136	64	0.0	3	58 5 1
137	81	0.0	3	77 1 3
138	161	0.0	3	151 10
139	85	0.0	3	72 10 3
140	113	0.0	3	104 6 3
141	187	0.0	3	168 18 1
142	104	0.0	3	101 3
143	175	0.0	3	165 9 1
144	194	0.0	3	183 8 3
145	171	0.0	3	161 7 1 2
146	269	0.0	3	248 14 7
147	271	0.0	3	250 15 6
148	196	0.0	3	169 21 3 3
149	212	0.0	3	123 56 22 11
150	11283	0.0	3	9200 1118 569 396

RUN STATISTICS FOR INPUT FILE: /vortexfs1/omics/tepolt/raw_reads/C_maenas/Cm_yrv_2023/25-052_R2_001.fastq.gz
=============================================
30427334 sequences processed in total
Sequences removed because they became shorter than the length cutoff of 20 bp:	21956 (0.1%)

