
SUMMARISING RUN PARAMETERS
==========================
Input filename: /vortexfs1/omics/tepolt/raw_reads/C_maenas/Cm_yrv_2023/25-055_R2_001.fastq.gz
Trimming mode: single-end
Trim Galore version: 0.6.6
Cutadapt version: 3.5
Python version: could not detect
Number of cores used for trimming: 8
Quality Phred score cutoff: 20
Quality encoding type selected: ASCII+33
Adapter sequence: 'AGATCGGAAGAGCGTCGTGTAGGGAAAGAGTGT' (user defined)
Maximum trimming error rate: 0.1 (default)
Minimum required adapter overlap (stringency): 1 bp
Minimum required sequence length before a sequence gets removed: 20 bp
Running FastQC on the data once trimming has completed
Running FastQC with the following extra arguments: --outdir /vortexfs1/scratch/yaamini.venkataraman/wc-green-crab/output/06b-trimgalore     --threads 28
Output file will be GZIP compressed


This is cutadapt 3.5 with Python 3.9.5
Command line parameters: -j 8 -e 0.1 -q 20 -O 1 -a AGATCGGAAGAGCGTCGTGTAGGGAAAGAGTGT /vortexfs1/omics/tepolt/raw_reads/C_maenas/Cm_yrv_2023/25-055_R2_001.fastq.gz
Processing reads on 8 cores in single-end mode ...
Finished in 78.91 s (2 µs/read; 25.04 M reads/minute).

=== Summary ===

Total reads processed:              32,933,107
Reads with adapters:                14,035,520 (42.6%)
Reads written (passing filters):    32,933,107 (100.0%)

Total basepairs processed: 4,939,966,050 bp
Quality-trimmed:              14,214,372 bp (0.3%)
Total written (filtered):  4,814,252,050 bp (97.5%)

=== Adapter 1 ===

Sequence: AGATCGGAAGAGCGTCGTGTAGGGAAAGAGTGT; Type: regular 3'; Length: 33; Trimmed: 14035520 times

Minimum overlap: 1
No. of allowed errors:
1-9 bp: 0; 10-19 bp: 1; 20-29 bp: 2; 30-33 bp: 3

Bases preceding removed adapters:
  A: 27.7%
  C: 28.7%
  G: 23.7%
  T: 19.8%
  none/other: 0.2%

Overview of removed sequences
length	count	expect	max.err	error counts
1	7538921	8233276.8	0	7538921
2	2012822	2058319.2	0	2012822
3	687677	514579.8	0	687677
4	244792	128644.9	0	244792
5	140535	32161.2	0	140535
6	112825	8040.3	0	112825
7	108674	2010.1	0	108674
8	101781	502.5	0	101781
9	99516	125.6	0	98941 575
10	100298	31.4	1	98113 2185
11	97818	7.9	1	95669 2149
12	99457	2.0	1	97117 2340
13	93231	0.5	1	91398 1833
14	94586	0.1	1	92243 2343
15	99634	0.0	1	96943 2691
16	89067	0.0	1	86569 2498
17	90694	0.0	1	87392 3302
18	88214	0.0	1	84854 3310 50
19	94802	0.0	1	90518 4233 51
20	88495	0.0	2	84741 3312 442
21	74500	0.0	2	70845 3287 368
22	75632	0.0	2	70920 4243 469
23	77495	0.0	2	72141 4721 633
24	79203	0.0	2	73080 5325 798
25	74600	0.0	2	69441 4613 546
26	73297	0.0	2	67660 4919 718
27	78389	0.0	2	71500 5710 1175 4
28	63739	0.0	2	58519 4332 845 43
29	62150	0.0	2	56704 4684 736 26
30	61124	0.0	3	54928 4656 1112 428
31	58975	0.0	3	53141 4549 920 365
32	59010	0.0	3	52718 5007 918 367
33	60053	0.0	3	53777 4777 1043 456
34	59563	0.0	3	52987 5331 939 306
35	48948	0.0	3	44886 3448 476 138
36	54431	0.0	3	48254 4895 921 361
37	48931	0.0	3	43822 4166 691 252
38	51397	0.0	3	45914 4357 841 285
39	55512	0.0	3	49219 4989 944 360
40	35591	0.0	3	31753 3124 538 176
41	40074	0.0	3	35798 3341 666 269
42	37816	0.0	3	34537 2719 413 147
43	39620	0.0	3	35201 3525 654 240
44	34504	0.0	3	31052 2853 441 158
45	40787	0.0	3	35700 3973 796 318
46	30101	0.0	3	26709 2706 501 185
47	29613	0.0	3	26611 2511 379 112
48	31682	0.0	3	28110 2842 520 210
49	27194	0.0	3	24416 2316 340 122
50	24517	0.0	3	21964 2033 377 143
51	23614	0.0	3	20968 2069 390 187
52	23948	0.0	3	21215 2165 410 158
53	19368	0.0	3	17493 1550 226 99
54	20180	0.0	3	17901 1775 348 156
55	19181	0.0	3	17027 1717 304 133
56	16950	0.0	3	15303 1313 241 93
57	17188	0.0	3	15185 1542 313 148
58	18792	0.0	3	16580 1763 326 123
59	12642	0.0	3	11239 1148 179 76
60	13232	0.0	3	11892 1094 187 59
61	11045	0.0	3	10010 861 132 42
62	11334	0.0	3	10116 958 180 80
63	9053	0.0	3	8187 709 111 46
64	10725	0.0	3	9549 927 173 76
65	7887	0.0	3	7214 561 76 36
66	7995	0.0	3	7150 698 113 34
67	7939	0.0	3	7038 720 127 54
68	6301	0.0	3	5595 567 102 37
69	5241	0.0	3	4699 446 63 33
70	6832	0.0	3	6051 634 104 43
71	3430	0.0	3	3064 286 58 22
72	4379	0.0	3	3877 399 81 22
73	4355	0.0	3	3836 397 91 31
74	4313	0.0	3	3804 405 64 40
75	4483	0.0	3	4074 325 64 20
76	1327	0.0	3	1153 143 19 12
77	2656	0.0	3	2422 178 34 22
78	2699	0.0	3	2440 198 40 21
79	2445	0.0	3	2147 230 46 22
80	2316	0.0	3	2042 209 39 26
81	2138	0.0	3	1861 193 61 23
82	1853	0.0	3	1602 185 40 26
83	1742	0.0	3	1498 178 40 26
84	1558	0.0	3	1322 172 37 27
85	1370	0.0	3	1173 143 30 24
86	1438	0.0	3	1218 155 42 23
87	1346	0.0	3	1147 135 40 24
88	1288	0.0	3	1115 136 21 16
89	1243	0.0	3	1106 94 28 15
90	1156	0.0	3	1023 89 26 18
91	1058	0.0	3	914 97 26 21
92	972	0.0	3	828 98 26 20
93	901	0.0	3	753 88 37 23
94	812	0.0	3	686 82 26 18
95	716	0.0	3	596 80 23 17
96	707	0.0	3	589 75 21 22
97	642	0.0	3	552 60 18 12
98	649	0.0	3	543 68 15 23
99	617	0.0	3	511 63 23 20
100	593	0.0	3	502 51 21 19
101	543	0.0	3	473 41 17 12
102	497	0.0	3	409 56 17 15
103	496	0.0	3	415 50 14 17
104	422	0.0	3	355 47 8 12
105	391	0.0	3	318 38 23 12
106	388	0.0	3	314 49 15 10
107	384	0.0	3	301 51 16 16
108	360	0.0	3	292 45 10 13
109	338	0.0	3	271 42 14 11
110	330	0.0	3	265 38 17 10
111	309	0.0	3	257 37 10 5
112	319	0.0	3	257 40 15 7
113	293	0.0	3	231 39 10 13
114	264	0.0	3	231 19 10 4
115	234	0.0	3	183 22 16 13
116	235	0.0	3	184 27 10 14
117	227	0.0	3	178 21 17 11
118	225	0.0	3	187 17 14 7
119	220	0.0	3	167 31 13 9
120	185	0.0	3	151 20 10 4
121	185	0.0	3	133 24 20 8
122	139	0.0	3	101 23 7 8
123	181	0.0	3	141 21 11 8
124	112	0.0	3	85 15 5 7
125	108	0.0	3	85 16 4 3
126	111	0.0	3	84 15 7 5
127	83	0.0	3	61 9 9 4
128	106	0.0	3	81 17 5 3
129	101	0.0	3	77 13 5 6
130	295	0.0	3	246 24 17 8
131	1192	0.0	3	797 237 114 44
132	162	0.0	3	113 26 17 6
133	155	0.0	3	112 20 17 6
134	478	0.0	3	420 45 6 7
135	172	0.0	3	123 36 6 7
136	150	0.0	3	131 14 4 1
137	204	0.0	3	182 14 5 3
138	357	0.0	3	326 26 4 1
139	168	0.0	3	154 11 3
140	228	0.0	3	218 8 1 1
141	541	0.0	3	493 38 7 3
142	265	0.0	3	238 23 2 2
143	357	0.0	3	330 22 2 3
144	453	0.0	3	403 38 10 2
145	395	0.0	3	364 26 2 3
146	506	0.0	3	464 28 9 5
147	459	0.0	3	422 26 7 4
148	455	0.0	3	413 30 8 4
149	403	0.0	3	295 65 26 17
150	23403	0.0	3	20117 2126 669 491

RUN STATISTICS FOR INPUT FILE: /vortexfs1/omics/tepolt/raw_reads/C_maenas/Cm_yrv_2023/25-055_R2_001.fastq.gz
=============================================
32933107 sequences processed in total
Sequences removed because they became shorter than the length cutoff of 20 bp:	36375 (0.1%)

