
SUMMARISING RUN PARAMETERS
==========================
Input filename: /vortexfs1/omics/tepolt/raw_reads/C_maenas/Cm_yrv_2023/25-056_R2_001.fastq.gz
Trimming mode: single-end
Trim Galore version: 0.6.6
Cutadapt version: 3.5
Python version: could not detect
Number of cores used for trimming: 8
Quality Phred score cutoff: 20
Quality encoding type selected: ASCII+33
Adapter sequence: 'AGATCGGAAGAGCGTCGTGTAGGGAAAGAGTGT' (user defined)
Maximum trimming error rate: 0.1 (default)
Minimum required adapter overlap (stringency): 1 bp
Minimum required sequence length before a sequence gets removed: 20 bp
Running FastQC on the data once trimming has completed
Running FastQC with the following extra arguments: --outdir /vortexfs1/scratch/yaamini.venkataraman/wc-green-crab/output/06b-trimgalore     --threads 28
Output file will be GZIP compressed


This is cutadapt 3.5 with Python 3.9.5
Command line parameters: -j 8 -e 0.1 -q 20 -O 1 -a AGATCGGAAGAGCGTCGTGTAGGGAAAGAGTGT /vortexfs1/omics/tepolt/raw_reads/C_maenas/Cm_yrv_2023/25-056_R2_001.fastq.gz
Processing reads on 8 cores in single-end mode ...
Finished in 79.98 s (2 µs/read; 25.84 M reads/minute).

=== Summary ===

Total reads processed:              34,438,544
Reads with adapters:                17,315,154 (50.3%)
Reads written (passing filters):    34,438,544 (100.0%)

Total basepairs processed: 5,165,781,600 bp
Quality-trimmed:              29,483,190 bp (0.6%)
Total written (filtered):  4,909,809,573 bp (95.0%)

=== Adapter 1 ===

Sequence: AGATCGGAAGAGCGTCGTGTAGGGAAAGAGTGT; Type: regular 3'; Length: 33; Trimmed: 17315154 times

Minimum overlap: 1
No. of allowed errors:
1-9 bp: 0; 10-19 bp: 1; 20-29 bp: 2; 30-33 bp: 3

Bases preceding removed adapters:
  A: 23.9%
  C: 30.9%
  G: 27.4%
  T: 17.8%
  none/other: 0.1%

Overview of removed sequences
length	count	expect	max.err	error counts
1	7025971	8609636.0	0	7025971
2	1891360	2152409.0	0	1891360
3	712542	538102.2	0	712542
4	321133	134525.6	0	321133
5	227422	33631.4	0	227422
6	198492	8407.8	0	198492
7	195365	2102.0	0	195365
8	190131	525.5	0	190131
9	181356	131.4	0	180621 735
10	182840	32.8	1	178908 3932
11	176876	8.2	1	172897 3979
12	184304	2.1	1	179648 4656
13	177714	0.5	1	173743 3971
14	185297	0.1	1	179884 5413
15	200853	0.0	1	194721 6132
16	174471	0.0	1	168688 5783
17	179490	0.0	1	171613 7877
18	173768	0.0	1	165918 7748 102
19	189752	0.0	1	179603 10006 143
20	169027	0.0	2	160481 7449 1097
21	151499	0.0	2	142641 7939 919
22	152095	0.0	2	141596 9261 1238
23	164145	0.0	2	151186 11051 1908
24	172647	0.0	2	156811 13430 2406
25	150251	0.0	2	138355 10316 1580
26	155443	0.0	2	140997 12405 2041
27	165184	0.0	2	148233 13770 3171 10
28	136783	0.0	2	123312 10964 2304 203
29	137073	0.0	2	122823 12098 2076 76
30	142481	0.0	3	125001 13353 3022 1105
31	112889	0.0	3	101677 9003 1612 597
32	132361	0.0	3	114049 14156 3093 1063
33	135238	0.0	3	119850 12194 2369 825
34	116690	0.0	3	101904 11748 2302 736
35	119183	0.0	3	105533 10645 2101 904
36	148624	0.0	3	125955 17181 4127 1361
37	113069	0.0	3	97500 12225 2502 842
38	116283	0.0	3	104704 9599 1550 430
39	81079	0.0	3	72583 7034 1115 347
40	96712	0.0	3	85414 9063 1677 558
41	96553	0.0	3	84259 9651 1990 653
42	97104	0.0	3	83432 10409 2391 872
43	92610	0.0	3	80575 9530 1906 599
44	80596	0.0	3	70466 8078 1528 524
45	106893	0.0	3	91367 11947 2700 879
46	70691	0.0	3	61235 7475 1513 468
47	64976	0.0	3	56912 6425 1203 436
48	82185	0.0	3	71375 8688 1600 522
49	59697	0.0	3	52819 5633 951 294
50	58207	0.0	3	51118 5569 1099 421
51	57199	0.0	3	49777 5813 1211 398
52	61783	0.0	3	53357 6546 1412 468
53	42345	0.0	3	37697 3767 654 227
54	49123	0.0	3	42368 5304 1076 375
55	48218	0.0	3	42396 4636 907 279
56	40163	0.0	3	35852 3458 632 221
57	46250	0.0	3	39899 4881 1098 372
58	51712	0.0	3	44759 5541 1075 337
59	31009	0.0	3	26945 3257 590 217
60	38433	0.0	3	33937 3669 625 202
61	25137	0.0	3	22376 2270 364 127
62	28904	0.0	3	25530 2704 488 182
63	21117	0.0	3	18683 1982 334 118
64	29005	0.0	3	25735 2652 458 160
65	16148	0.0	3	14542 1314 212 80
66	19135	0.0	3	16821 1873 335 106
67	20085	0.0	3	17621 1988 352 124
68	14448	0.0	3	12752 1328 289 79
69	11315	0.0	3	9978 1069 204 64
70	19335	0.0	3	17077 1795 330 133
71	4746	0.0	3	3918 653 131 44
72	9355	0.0	3	8194 909 183 69
73	9774	0.0	3	8475 1026 209 64
74	9878	0.0	3	8609 1025 184 60
75	9898	0.0	3	8899 800 156 43
76	3277	0.0	3	2846 341 61 29
77	5714	0.0	3	5136 452 106 20
78	5850	0.0	3	5198 506 101 45
79	5471	0.0	3	4835 497 108 31
80	4946	0.0	3	4323 486 89 48
81	4519	0.0	3	3874 498 101 46
82	3946	0.0	3	3395 412 96 43
83	3461	0.0	3	2960 376 87 38
84	3260	0.0	3	2786 347 92 35
85	2966	0.0	3	2538 329 61 38
86	2823	0.0	3	2410 319 61 33
87	2814	0.0	3	2425 304 60 25
88	2436	0.0	3	2113 238 63 22
89	2252	0.0	3	1989 195 47 21
90	2130	0.0	3	1877 188 45 20
91	1872	0.0	3	1612 198 38 24
92	1785	0.0	3	1542 189 38 16
93	1516	0.0	3	1311 150 34 21
94	1382	0.0	3	1193 140 34 15
95	1174	0.0	3	1014 122 25 13
96	1089	0.0	3	951 106 24 8
97	1067	0.0	3	919 118 25 5
98	1052	0.0	3	896 109 32 15
99	985	0.0	3	846 103 28 8
100	884	0.0	3	760 90 19 15
101	799	0.0	3	658 90 30 21
102	957	0.0	3	689 164 70 34
103	731	0.0	3	592 88 34 17
104	641	0.0	3	534 71 22 14
105	577	0.0	3	484 67 18 8
106	616	0.0	3	480 59 46 31
107	691	0.0	3	515 94 57 25
108	805	0.0	3	482 150 109 64
109	494	0.0	3	380 69 24 21
110	526	0.0	3	371 88 47 20
111	428	0.0	3	342 46 29 11
112	417	0.0	3	312 50 37 18
113	364	0.0	3	263 56 28 17
114	363	0.0	3	266 54 26 17
115	480	0.0	3	219 114 83 64
116	345	0.0	3	219 61 29 36
117	311	0.0	3	204 39 36 32
118	302	0.0	3	184 52 48 18
119	314	0.0	3	182 61 42 29
120	767	0.0	3	246 224 174 123
121	761	0.0	3	258 184 182 137
122	543	0.0	3	232 146 93 72
123	222	0.0	3	133 46 26 17
124	151	0.0	3	100 22 16 13
125	357	0.0	3	221 61 44 31
126	149	0.0	3	85 26 17 21
127	210	0.0	3	129 37 24 20
128	178	0.0	3	79 32 30 37
129	239	0.0	3	101 43 48 47
130	1302	0.0	3	502 331 257 212
131	57068	0.0	3	33386 14423 6183 3076
132	277	0.0	3	215 37 17 8
133	166	0.0	3	137 18 8 3
134	189	0.0	3	167 19 3
135	130	0.0	3	107 20 2 1
136	110	0.0	3	96 8 3 3
137	145	0.0	3	127 14 2 2
138	251	0.0	3	220 22 8 1
139	158	0.0	3	137 12 7 2
140	194	0.0	3	172 21 1
141	363	0.0	3	317 36 7 3
142	211	0.0	3	187 21 2 1
143	320	0.0	3	292 21 4 3
144	310	0.0	3	286 23 0 1
145	307	0.0	3	273 26 6 2
146	387	0.0	3	347 34 3 3
147	340	0.0	3	308 28 3 1
148	310	0.0	3	276 23 10 1
149	232	0.0	3	172 35 11 14
150	8055	0.0	3	6693 816 287 259

RUN STATISTICS FOR INPUT FILE: /vortexfs1/omics/tepolt/raw_reads/C_maenas/Cm_yrv_2023/25-056_R2_001.fastq.gz
=============================================
34438544 sequences processed in total
Sequences removed because they became shorter than the length cutoff of 20 bp:	104795 (0.3%)

