
SUMMARISING RUN PARAMETERS
==========================
Input filename: /vortexfs1/omics/tepolt/raw_reads/C_maenas/Cm_yrv_2023/25-050_R2_001.fastq.gz
Trimming mode: single-end
Trim Galore version: 0.6.6
Cutadapt version: 3.5
Python version: could not detect
Number of cores used for trimming: 8
Quality Phred score cutoff: 20
Quality encoding type selected: ASCII+33
Adapter sequence: 'AGATCGGAAGAGCGTCGTGTAGGGAAAGAGTGT' (user defined)
Maximum trimming error rate: 0.1 (default)
Minimum required adapter overlap (stringency): 1 bp
Minimum required sequence length before a sequence gets removed: 20 bp
Running FastQC on the data once trimming has completed
Running FastQC with the following extra arguments: --outdir /vortexfs1/scratch/yaamini.venkataraman/wc-green-crab/output/06b-trimgalore     --threads 28
Output file will be GZIP compressed


This is cutadapt 3.5 with Python 3.9.5
Command line parameters: -j 8 -e 0.1 -q 20 -O 1 -a AGATCGGAAGAGCGTCGTGTAGGGAAAGAGTGT /vortexfs1/omics/tepolt/raw_reads/C_maenas/Cm_yrv_2023/25-050_R2_001.fastq.gz
Processing reads on 8 cores in single-end mode ...
Finished in 120.76 s (2 µs/read; 26.38 M reads/minute).

=== Summary ===

Total reads processed:              53,096,503
Reads with adapters:                25,862,101 (48.7%)
Reads written (passing filters):    53,096,503 (100.0%)

Total basepairs processed: 7,964,475,450 bp
Quality-trimmed:              21,683,613 bp (0.3%)
Total written (filtered):  7,636,272,256 bp (95.9%)

=== Adapter 1 ===

Sequence: AGATCGGAAGAGCGTCGTGTAGGGAAAGAGTGT; Type: regular 3'; Length: 33; Trimmed: 25862101 times

Minimum overlap: 1
No. of allowed errors:
1-9 bp: 0; 10-19 bp: 1; 20-29 bp: 2; 30-33 bp: 3

Bases preceding removed adapters:
  A: 24.6%
  C: 28.9%
  G: 27.9%
  T: 18.6%
  none/other: 0.0%

Overview of removed sequences
length	count	expect	max.err	error counts
1	11315054	13274125.8	0	11315054
2	3074633	3318531.4	0	3074633
3	1119969	829632.9	0	1119969
4	465240	207408.2	0	465240
5	314374	51852.1	0	314374
6	268021	12963.0	0	268021
7	263972	3240.8	0	263972
8	253268	810.2	0	253268
9	242258	202.5	0	241206 1052
10	244095	50.6	1	239473 4622
11	239028	12.7	1	234125 4903
12	244516	3.2	1	239047 5469
13	236379	0.8	1	231812 4567
14	239273	0.2	1	233326 5947
15	259527	0.0	1	252962 6565
16	230338	0.0	1	223852 6486
17	237865	0.0	1	229113 8752
18	234789	0.0	1	225845 8827 117
19	245346	0.0	1	234563 10624 159
20	233897	0.0	2	223953 8812 1132
21	198921	0.0	2	189158 8883 880
22	203377	0.0	2	191353 10839 1185
23	216998	0.0	2	202553 12589 1856
24	222581	0.0	2	205428 14964 2189
25	200799	0.0	2	187137 12166 1496
26	202410	0.0	2	186694 13780 1936
27	217314	0.0	2	198588 15504 3214 8
28	181234	0.0	2	165896 12798 2353 187
29	179161	0.0	2	163319 13746 2031 65
30	172856	0.0	3	155194 13635 2920 1107
31	166232	0.0	3	150711 12286 2386 849
32	167566	0.0	3	150398 13952 2394 822
33	167923	0.0	3	152179 12625 2227 892
34	180829	0.0	3	156106 18235 4508 1980
35	183927	0.0	3	165571 14890 2578 888
36	141605	0.0	3	127016 11698 2124 767
37	144920	0.0	3	130256 12066 1934 664
38	155382	0.0	3	140235 12408 2074 665
39	141361	0.0	3	126449 12107 2142 663
40	140816	0.0	3	125972 12108 2070 666
41	139199	0.0	3	123399 12709 2322 769
42	114859	0.0	3	104724 8572 1201 362
43	123934	0.0	3	111029 10540 1778 587
44	114168	0.0	3	102752 9369 1553 494
45	128790	0.0	3	112749 12684 2480 877
46	106162	0.0	3	94529 9416 1610 607
47	101356	0.0	3	90823 8659 1407 467
48	109298	0.0	3	97228 9814 1678 578
49	93331	0.0	3	84208 7564 1191 368
50	84560	0.0	3	75881 7122 1145 412
51	81761	0.0	3	73049 7024 1239 449
52	81847	0.0	3	72700 7308 1374 465
53	68825	0.0	3	62365 5404 792 264
54	69125	0.0	3	61724 5874 1114 413
55	69815	0.0	3	62558 5773 1091 393
56	59975	0.0	3	54502 4423 774 276
57	62795	0.0	3	55663 5574 1107 451
58	66613	0.0	3	58983 6158 1111 361
59	47981	0.0	3	42892 4156 699 234
60	48234	0.0	3	43285 4117 607 225
61	43933	0.0	3	39824 3366 559 184
62	41470	0.0	3	37267 3441 551 211
63	32622	0.0	3	29604 2474 392 152
64	38138	0.0	3	34112 3292 550 184
65	28323	0.0	3	25924 1951 331 117
66	28847	0.0	3	25937 2420 365 125
67	28601	0.0	3	25662 2417 377 145
68	24153	0.0	3	21751 1941 339 122
69	19847	0.0	3	17950 1606 211 80
70	25312	0.0	3	22453 2328 405 126
71	11726	0.0	3	10474 988 176 88
72	14693	0.0	3	13173 1216 240 64
73	14719	0.0	3	13082 1345 215 77
74	14714	0.0	3	13136 1314 194 70
75	14482	0.0	3	13307 949 174 52
76	4171	0.0	3	3645 431 68 27
77	9064	0.0	3	8271 638 111 44
78	8952	0.0	3	8082 691 120 59
79	8301	0.0	3	7426 688 137 50
80	7279	0.0	3	6480 625 120 54
81	6572	0.0	3	5857 560 105 50
82	5784	0.0	3	5095 532 111 46
83	4965	0.0	3	4331 468 114 52
84	4294	0.0	3	3782 397 80 35
85	4045	0.0	3	3547 385 77 36
86	3918	0.0	3	3427 377 76 38
87	3578	0.0	3	3156 316 64 42
88	3339	0.0	3	2967 283 59 30
89	3081	0.0	3	2761 241 47 32
90	2730	0.0	3	2403 232 59 36
91	2473	0.0	3	2195 193 62 23
92	2308	0.0	3	2041 196 41 30
93	1927	0.0	3	1692 170 39 26
94	1684	0.0	3	1488 141 34 21
95	1494	0.0	3	1296 138 33 27
96	1405	0.0	3	1228 121 39 17
97	1377	0.0	3	1195 135 36 11
98	1336	0.0	3	1151 133 37 15
99	1194	0.0	3	1031 105 45 13
100	1062	0.0	3	926 90 26 20
101	984	0.0	3	857 92 23 12
102	868	0.0	3	734 81 31 22
103	792	0.0	3	655 86 30 21
104	748	0.0	3	631 73 25 19
105	610	0.0	3	503 59 30 18
106	597	0.0	3	490 69 23 15
107	726	0.0	3	613 76 21 16
108	624	0.0	3	475 90 36 23
109	507	0.0	3	418 56 21 12
110	531	0.0	3	434 58 23 16
111	418	0.0	3	328 56 19 15
112	413	0.0	3	315 57 26 15
113	371	0.0	3	287 47 19 18
114	351	0.0	3	283 49 10 9
115	330	0.0	3	239 33 33 25
116	334	0.0	3	224 53 34 23
117	273	0.0	3	181 38 36 18
118	318	0.0	3	217 53 33 15
119	283	0.0	3	199 44 26 14
120	383	0.0	3	197 96 58 32
121	534	0.0	3	252 122 96 64
122	285	0.0	3	147 75 42 21
123	197	0.0	3	138 33 20 6
124	134	0.0	3	100 19 6 9
125	127	0.0	3	88 14 16 9
126	124	0.0	3	76 30 10 8
127	102	0.0	3	69 15 9 9
128	134	0.0	3	89 23 10 12
129	166	0.0	3	94 24 24 24
130	770	0.0	3	353 155 137 125
131	37118	0.0	3	23698 8207 3407 1806
132	171	0.0	3	126 32 7 6
133	132	0.0	3	107 18 5 2
134	229	0.0	3	201 23 4 1
135	135	0.0	3	116 16 2 1
136	111	0.0	3	94 14 2 1
137	149	0.0	3	134 11 3 1
138	213	0.0	3	192 16 4 1
139	148	0.0	3	140 7 1
140	180	0.0	3	162 17 0 1
141	386	0.0	3	359 23 2 2
142	184	0.0	3	168 11 5
143	349	0.0	3	331 14 3 1
144	319	0.0	3	302 13 3 1
145	319	0.0	3	297 17 4 1
146	525	0.0	3	479 34 7 5
147	500	0.0	3	463 28 5 4
148	390	0.0	3	366 15 6 3
149	216	0.0	3	157 33 16 10
150	8698	0.0	3	7331 780 289 298

RUN STATISTICS FOR INPUT FILE: /vortexfs1/omics/tepolt/raw_reads/C_maenas/Cm_yrv_2023/25-050_R2_001.fastq.gz
=============================================
53096503 sequences processed in total
Sequences removed because they became shorter than the length cutoff of 20 bp:	61119 (0.1%)

