
SUMMARISING RUN PARAMETERS
==========================
Input filename: /vortexfs1/omics/tepolt/raw_reads/C_maenas/Cm_yrv_2023/25-060_R2_001.fastq.gz
Trimming mode: single-end
Trim Galore version: 0.6.6
Cutadapt version: 3.5
Python version: could not detect
Number of cores used for trimming: 8
Quality Phred score cutoff: 20
Quality encoding type selected: ASCII+33
Adapter sequence: 'AGATCGGAAGAGCGTCGTGTAGGGAAAGAGTGT' (user defined)
Maximum trimming error rate: 0.1 (default)
Minimum required adapter overlap (stringency): 1 bp
Minimum required sequence length before a sequence gets removed: 20 bp
Running FastQC on the data once trimming has completed
Running FastQC with the following extra arguments: --outdir /vortexfs1/scratch/yaamini.venkataraman/wc-green-crab/output/06b-trimgalore     --threads 28
Output file will be GZIP compressed


This is cutadapt 3.5 with Python 3.9.5
Command line parameters: -j 8 -e 0.1 -q 20 -O 1 -a AGATCGGAAGAGCGTCGTGTAGGGAAAGAGTGT /vortexfs1/omics/tepolt/raw_reads/C_maenas/Cm_yrv_2023/25-060_R2_001.fastq.gz
Processing reads on 8 cores in single-end mode ...
Finished in 122.67 s (2 µs/read; 27.56 M reads/minute).

=== Summary ===

Total reads processed:              56,349,866
Reads with adapters:                28,894,183 (51.3%)
Reads written (passing filters):    56,349,866 (100.0%)

Total basepairs processed: 8,452,479,900 bp
Quality-trimmed:              33,965,192 bp (0.4%)
Total written (filtered):  7,889,111,015 bp (93.3%)

=== Adapter 1 ===

Sequence: AGATCGGAAGAGCGTCGTGTAGGGAAAGAGTGT; Type: regular 3'; Length: 33; Trimmed: 28894183 times

Minimum overlap: 1
No. of allowed errors:
1-9 bp: 0; 10-19 bp: 1; 20-29 bp: 2; 30-33 bp: 3

Bases preceding removed adapters:
  A: 22.4%
  C: 29.5%
  G: 27.9%
  T: 19.9%
  none/other: 0.3%

Overview of removed sequences
length	count	expect	max.err	error counts
1	10477317	14087466.5	0	10477317
2	2817812	3521866.6	0	2817812
3	1034989	880466.7	0	1034989
4	456250	220116.7	0	456250
5	323046	55029.2	0	323046
6	282604	13757.3	0	282604
7	279867	3439.3	0	279867
8	267575	859.8	0	267575
9	263164	215.0	0	262101 1063
10	266719	53.7	1	261219 5500
11	260397	13.4	1	254964 5433
12	269316	3.4	1	262881 6435
13	255860	0.8	1	250458 5402
14	266482	0.2	1	259182 7300
15	283512	0.1	1	275543 7969
16	258367	0.0	1	250471 7896
17	265812	0.0	1	254864 10948
18	263752	0.0	1	252599 11002 151
19	291882	0.0	1	277482 14210 190
20	266189	0.0	2	253571 11023 1595
21	236061	0.0	2	223330 11444 1287
22	239141	0.0	2	223495 13954 1692
23	249922	0.0	2	231440 15809 2673
24	267341	0.0	2	244424 19662 3255
25	241045	0.0	2	222744 15897 2404
26	246254	0.0	2	225092 18190 2972
27	268231	0.0	2	241317 21803 5100 11
28	215906	0.0	2	195732 16460 3496 218
29	225413	0.0	2	202495 19284 3541 93
30	217528	0.0	3	193091 18790 4061 1586
31	210633	0.0	3	189099 17075 3199 1260
32	216625	0.0	3	191729 19753 3756 1387
33	252511	0.0	3	220091 24060 5893 2467
34	196953	0.0	3	172982 18728 3881 1362
35	213975	0.0	3	189047 18715 4142 2071
36	383816	0.0	3	327778 42964 10131 2943
37	120102	0.0	3	100704 15023 3147 1228
38	289602	0.0	3	257144 26237 4788 1433
39	137596	0.0	3	120802 13904 2228 662
40	219139	0.0	3	197470 18156 2760 753
41	130488	0.0	3	116906 11315 1708 559
42	168272	0.0	3	152044 13469 2105 654
43	193275	0.0	3	172497 17000 2925 853
44	160381	0.0	3	143923 13661 2131 666
45	254055	0.0	3	224156 24093 4412 1394
46	146207	0.0	3	128929 13942 2495 841
47	132283	0.0	3	118503 11350 1792 638
48	205549	0.0	3	182850 18512 3158 1029
49	127940	0.0	3	115150 10718 1544 528
50	138522	0.0	3	123954 11856 2026 686
51	144245	0.0	3	128562 12647 2300 736
52	167689	0.0	3	148569 15394 2796 930
53	102101	0.0	3	92379 7935 1309 478
54	143133	0.0	3	126954 13041 2326 812
55	138023	0.0	3	124283 11292 1870 578
56	117898	0.0	3	106872 8940 1550 536
57	159087	0.0	3	140450 14900 2729 1008
58	192330	0.0	3	173023 16008 2529 770
59	100820	0.0	3	89073 9663 1570 514
60	114324	0.0	3	103538 8821 1416 549
61	89301	0.0	3	80818 7041 1066 376
62	130150	0.0	3	117845 10113 1685 507
63	69750	0.0	3	62287 6093 962 408
64	135446	0.0	3	123516 9863 1584 483
65	64188	0.0	3	58025 5065 766 332
66	87925	0.0	3	79179 7236 1194 316
67	100537	0.0	3	90694 8135 1318 390
68	71591	0.0	3	64201 5994 1032 364
69	51078	0.0	3	45234 4798 754 292
70	115232	0.0	3	104496 8779 1464 493
71	22014	0.0	3	17751 3383 640 240
72	59044	0.0	3	52861 5051 843 289
73	68325	0.0	3	60830 6220 940 335
74	72282	0.0	3	64689 6296 977 320
75	72868	0.0	3	66973 4859 778 258
76	21423	0.0	3	18530 2381 354 158
77	42556	0.0	3	38695 3133 524 204
78	50256	0.0	3	45358 3974 689 235
79	48203	0.0	3	43245 3994 683 281
80	45841	0.0	3	40866 4000 699 276
81	43196	0.0	3	38475 3787 668 266
82	40058	0.0	3	35621 3513 659 265
83	36228	0.0	3	31898 3441 656 233
84	32650	0.0	3	28881 2966 573 230
85	31263	0.0	3	27677 2885 502 199
86	30459	0.0	3	27022 2698 533 206
87	30823	0.0	3	27488 2635 502 198
88	28779	0.0	3	25587 2540 448 204
89	26708	0.0	3	24068 2085 389 166
90	23797	0.0	3	21507 1845 327 118
91	22368	0.0	3	20063 1830 359 116
92	19537	0.0	3	17475 1633 317 112
93	16648	0.0	3	14966 1359 227 96
94	15013	0.0	3	13484 1205 223 101
95	12582	0.0	3	11237 1051 195 99
96	11665	0.0	3	10502 914 165 84
97	10795	0.0	3	9644 897 184 70
98	10409	0.0	3	9347 842 141 79
99	9587	0.0	3	8422 850 229 86
100	8428	0.0	3	7388 730 201 109
101	7190	0.0	3	6324 614 161 91
102	6251	0.0	3	5486 562 121 82
103	5559	0.0	3	4834 504 161 60
104	4475	0.0	3	3920 417 94 44
105	3904	0.0	3	3456 335 78 35
106	3540	0.0	3	3085 323 90 42
107	3472	0.0	3	3018 313 91 50
108	2963	0.0	3	2546 277 77 63
109	2657	0.0	3	2279 274 64 40
110	2579	0.0	3	2242 223 72 42
111	2115	0.0	3	1832 184 65 34
112	1712	0.0	3	1440 185 57 30
113	1418	0.0	3	1194 126 63 35
114	1460	0.0	3	1250 146 43 21
115	1034	0.0	3	853 113 47 21
116	1064	0.0	3	883 120 33 28
117	837	0.0	3	669 110 27 31
118	891	0.0	3	726 109 38 18
119	814	0.0	3	636 122 33 23
120	771	0.0	3	599 97 40 35
121	883	0.0	3	550 179 94 60
122	581	0.0	3	423 94 46 18
123	721	0.0	3	544 98 50 29
124	361	0.0	3	293 47 14 7
125	307	0.0	3	239 34 16 18
126	357	0.0	3	273 48 18 18
127	310	0.0	3	245 36 18 11
128	368	0.0	3	260 45 36 27
129	347	0.0	3	254 36 29 28
130	1236	0.0	3	734 217 171 114
131	24670	0.0	3	15405 5371 2424 1470
132	582	0.0	3	459 81 24 18
133	433	0.0	3	352 50 24 7
134	1862	0.0	3	1682 131 26 23
135	695	0.0	3	604 61 23 7
136	428	0.0	3	380 33 10 5
137	634	0.0	3	554 59 13 8
138	1438	0.0	3	1329 77 21 11
139	483	0.0	3	431 38 9 5
140	557	0.0	3	508 37 8 4
141	1436	0.0	3	1318 93 19 6
142	578	0.0	3	534 34 6 4
143	883	0.0	3	799 59 18 7
144	1051	0.0	3	973 59 14 5
145	900	0.0	3	821 55 14 10
146	1443	0.0	3	1298 117 17 11
147	1096	0.0	3	954 79 39 24
148	947	0.0	3	787 99 37 24
149	1721	0.0	3	803 432 306 180
150	77838	0.0	3	42977 16028 11782 7051

RUN STATISTICS FOR INPUT FILE: /vortexfs1/omics/tepolt/raw_reads/C_maenas/Cm_yrv_2023/25-060_R2_001.fastq.gz
=============================================
56349866 sequences processed in total
Sequences removed because they became shorter than the length cutoff of 20 bp:	140952 (0.3%)

