
SUMMARISING RUN PARAMETERS
==========================
Input filename: /vortexfs1/omics/tepolt/raw_reads/C_maenas/Cm_yrv_2023/25-058_R2_001.fastq.gz
Trimming mode: single-end
Trim Galore version: 0.6.6
Cutadapt version: 3.5
Python version: could not detect
Number of cores used for trimming: 8
Quality Phred score cutoff: 20
Quality encoding type selected: ASCII+33
Adapter sequence: 'AGATCGGAAGAGCGTCGTGTAGGGAAAGAGTGT' (user defined)
Maximum trimming error rate: 0.1 (default)
Minimum required adapter overlap (stringency): 1 bp
Minimum required sequence length before a sequence gets removed: 20 bp
Running FastQC on the data once trimming has completed
Running FastQC with the following extra arguments: --outdir /vortexfs1/scratch/yaamini.venkataraman/wc-green-crab/output/06b-trimgalore     --threads 28
Output file will be GZIP compressed


This is cutadapt 3.5 with Python 3.9.5
Command line parameters: -j 8 -e 0.1 -q 20 -O 1 -a AGATCGGAAGAGCGTCGTGTAGGGAAAGAGTGT /vortexfs1/omics/tepolt/raw_reads/C_maenas/Cm_yrv_2023/25-058_R2_001.fastq.gz
Processing reads on 8 cores in single-end mode ...
Finished in 84.80 s (2 µs/read; 28.50 M reads/minute).

=== Summary ===

Total reads processed:              40,283,042
Reads with adapters:                22,589,716 (56.1%)
Reads written (passing filters):    40,283,042 (100.0%)

Total basepairs processed: 6,042,456,300 bp
Quality-trimmed:              23,473,067 bp (0.4%)
Total written (filtered):  5,609,905,030 bp (92.8%)

=== Adapter 1 ===

Sequence: AGATCGGAAGAGCGTCGTGTAGGGAAAGAGTGT; Type: regular 3'; Length: 33; Trimmed: 22589716 times

Minimum overlap: 1
No. of allowed errors:
1-9 bp: 0; 10-19 bp: 1; 20-29 bp: 2; 30-33 bp: 3

Bases preceding removed adapters:
  A: 23.0%
  C: 30.0%
  G: 27.0%
  T: 19.6%
  none/other: 0.4%

Overview of removed sequences
length	count	expect	max.err	error counts
1	7441144	10070760.5	0	7441144
2	1947573	2517690.1	0	1947573
3	750002	629422.5	0	750002
4	365654	157355.6	0	365654
5	274504	39338.9	0	274504
6	248395	9834.7	0	248395
7	246251	2458.7	0	246251
8	236000	614.7	0	236000
9	228329	153.7	0	227587 742
10	233482	38.4	1	228952 4530
11	228831	9.6	1	224254 4577
12	241951	2.4	1	236196 5755
13	233893	0.6	1	228923 4970
14	245070	0.2	1	238344 6726
15	269536	0.0	1	262059 7477
16	241662	0.0	1	234719 6943
17	251199	0.0	1	240911 10288
18	251788	0.0	1	241434 10201 153
19	272736	0.0	1	259270 13262 204
20	253498	0.0	2	241636 10375 1487
21	222301	0.0	2	210275 10776 1250
22	227893	0.0	2	213357 12961 1575
23	242773	0.0	2	224815 15255 2703
24	258201	0.0	2	236513 18671 3017
25	237544	0.0	2	220135 15150 2259
26	242102	0.0	2	221883 17406 2813
27	265811	0.0	2	239734 21236 4828 13
28	213028	0.0	2	193336 16019 3455 218
29	225043	0.0	2	202797 18801 3351 94
30	218937	0.0	3	194200 19076 3999 1662
31	205427	0.0	3	184832 16442 3033 1120
32	214834	0.0	3	189518 19706 4067 1543
33	244439	0.0	3	214250 22637 5337 2215
34	199003	0.0	3	175619 18456 3645 1283
35	215074	0.0	3	190173 18767 4104 2030
36	361986	0.0	3	310795 39482 9051 2658
37	133449	0.0	3	113893 15185 3056 1315
38	286251	0.0	3	255845 24663 4480 1263
39	136254	0.0	3	120054 13465 2077 658
40	219674	0.0	3	199172 17099 2632 771
41	125152	0.0	3	112096 10885 1622 549
42	161355	0.0	3	146193 12480 2084 598
43	188036	0.0	3	168053 16291 2831 861
44	149178	0.0	3	133852 12654 2018 654
45	243192	0.0	3	214957 22652 4255 1328
46	131869	0.0	3	116088 12758 2228 795
47	124520	0.0	3	111778 10618 1566 558
48	188994	0.0	3	168667 16636 2783 908
49	116223	0.0	3	104818 9551 1412 442
50	120726	0.0	3	108203 10114 1756 653
51	122965	0.0	3	109626 10738 1922 679
52	140609	0.0	3	124893 12648 2332 736
53	83497	0.0	3	75604 6498 983 412
54	114774	0.0	3	101751 10378 1918 727
55	109681	0.0	3	98781 8928 1492 480
56	89527	0.0	3	80955 6953 1168 451
57	114707	0.0	3	101303 10650 1990 764
58	134821	0.0	3	121765 10826 1703 527
59	68979	0.0	3	60980 6604 995 400
60	76142	0.0	3	68980 5829 958 375
61	57639	0.0	3	52143 4556 689 251
62	81667	0.0	3	73831 6440 1019 377
63	41070	0.0	3	36653 3553 589 275
64	75404	0.0	3	68508 5670 920 306
65	35064	0.0	3	31560 2872 460 172
66	45972	0.0	3	41256 3917 583 216
67	52261	0.0	3	47204 4156 659 242
68	35351	0.0	3	31575 3046 524 206
69	24704	0.0	3	21989 2208 358 149
70	50734	0.0	3	46073 3780 679 202
71	9598	0.0	3	7807 1389 279 123
72	23920	0.0	3	21406 2017 366 131
73	26134	0.0	3	23218 2385 386 145
74	27204	0.0	3	24193 2454 420 137
75	26804	0.0	3	24453 1912 321 118
76	7958	0.0	3	6833 927 140 58
77	14646	0.0	3	13270 1078 219 79
78	16802	0.0	3	15140 1312 266 84
79	15878	0.0	3	14129 1399 245 105
80	14066	0.0	3	12562 1175 236 93
81	12813	0.0	3	11329 1149 230 105
82	11341	0.0	3	10038 962 232 109
83	10105	0.0	3	8821 974 197 113
84	8799	0.0	3	7713 826 185 75
85	8507	0.0	3	7453 813 172 69
86	8371	0.0	3	7344 796 144 87
87	8110	0.0	3	7104 753 162 91
88	7731	0.0	3	6763 732 163 73
89	6731	0.0	3	6034 539 100 58
90	6202	0.0	3	5533 487 121 61
91	5730	0.0	3	5117 466 90 57
92	5120	0.0	3	4468 487 101 64
93	4371	0.0	3	3892 360 77 42
94	3907	0.0	3	3453 340 73 41
95	3563	0.0	3	3108 348 66 41
96	3248	0.0	3	2877 267 63 41
97	3323	0.0	3	2894 315 82 32
98	3002	0.0	3	2628 288 58 28
99	2957	0.0	3	2495 312 108 42
100	2583	0.0	3	2228 237 74 44
101	2295	0.0	3	1963 223 66 43
102	2056	0.0	3	1740 207 76 33
103	1972	0.0	3	1699 175 67 31
104	1734	0.0	3	1437 176 68 53
105	1571	0.0	3	1316 164 61 30
106	1531	0.0	3	1244 182 65 40
107	1587	0.0	3	1346 153 59 29
108	1369	0.0	3	1115 166 56 32
109	1275	0.0	3	1061 140 47 27
110	1222	0.0	3	998 145 52 27
111	1011	0.0	3	836 103 51 21
112	885	0.0	3	722 100 41 22
113	752	0.0	3	589 88 46 29
114	740	0.0	3	579 85 51 25
115	619	0.0	3	455 96 48 20
116	631	0.0	3	477 94 38 22
117	564	0.0	3	438 63 40 23
118	590	0.0	3	447 83 33 27
119	478	0.0	3	354 77 24 23
120	561	0.0	3	361 94 60 46
121	600	0.0	3	371 117 71 41
122	418	0.0	3	291 74 37 16
123	356	0.0	3	272 56 17 11
124	188	0.0	3	147 25 7 9
125	211	0.0	3	147 40 16 8
126	169	0.0	3	111 23 17 18
127	205	0.0	3	157 21 16 11
128	198	0.0	3	138 30 14 16
129	206	0.0	3	138 26 19 23
130	847	0.0	3	482 169 129 67
131	22340	0.0	3	14688 4736 1906 1010
132	242	0.0	3	179 40 8 15
133	169	0.0	3	120 27 17 5
134	707	0.0	3	616 62 21 8
135	265	0.0	3	223 30 8 4
136	188	0.0	3	152 22 11 3
137	253	0.0	3	212 35 5 1
138	907	0.0	3	834 64 7 2
139	252	0.0	3	223 22 5 2
140	257	0.0	3	232 21 3 1
141	822	0.0	3	757 50 10 5
142	265	0.0	3	241 19 4 1
143	444	0.0	3	395 38 8 3
144	414	0.0	3	369 32 5 8
145	370	0.0	3	327 21 16 6
146	528	0.0	3	465 41 14 8
147	507	0.0	3	397 39 49 22
148	583	0.0	3	465 56 42 20
149	1393	0.0	3	377 410 380 226
150	86110	0.0	3	21341 28549 24077 12143

RUN STATISTICS FOR INPUT FILE: /vortexfs1/omics/tepolt/raw_reads/C_maenas/Cm_yrv_2023/25-058_R2_001.fastq.gz
=============================================
40283042 sequences processed in total
Sequences removed because they became shorter than the length cutoff of 20 bp:	129189 (0.3%)

