
SUMMARISING RUN PARAMETERS
==========================
Input filename: /vortexfs1/omics/tepolt/raw_reads/C_maenas/Cm_yrv_2023/25-059_R2_001.fastq.gz
Trimming mode: single-end
Trim Galore version: 0.6.6
Cutadapt version: 3.5
Python version: could not detect
Number of cores used for trimming: 8
Quality Phred score cutoff: 20
Quality encoding type selected: ASCII+33
Adapter sequence: 'AGATCGGAAGAGCGTCGTGTAGGGAAAGAGTGT' (user defined)
Maximum trimming error rate: 0.1 (default)
Minimum required adapter overlap (stringency): 1 bp
Minimum required sequence length before a sequence gets removed: 20 bp
Running FastQC on the data once trimming has completed
Running FastQC with the following extra arguments: --outdir /vortexfs1/scratch/yaamini.venkataraman/wc-green-crab/output/06b-trimgalore     --threads 28
Output file will be GZIP compressed


This is cutadapt 3.5 with Python 3.9.5
Command line parameters: -j 8 -e 0.1 -q 20 -O 1 -a AGATCGGAAGAGCGTCGTGTAGGGAAAGAGTGT /vortexfs1/omics/tepolt/raw_reads/C_maenas/Cm_yrv_2023/25-059_R2_001.fastq.gz
Processing reads on 8 cores in single-end mode ...
Finished in 152.00 s (2 µs/read; 26.02 M reads/minute).

=== Summary ===

Total reads processed:              65,914,867
Reads with adapters:                35,639,704 (54.1%)
Reads written (passing filters):    65,914,867 (100.0%)

Total basepairs processed: 9,887,230,050 bp
Quality-trimmed:              34,484,675 bp (0.3%)
Total written (filtered):  9,042,981,275 bp (91.5%)

=== Adapter 1 ===

Sequence: AGATCGGAAGAGCGTCGTGTAGGGAAAGAGTGT; Type: regular 3'; Length: 33; Trimmed: 35639704 times

Minimum overlap: 1
No. of allowed errors:
1-9 bp: 0; 10-19 bp: 1; 20-29 bp: 2; 30-33 bp: 3

Bases preceding removed adapters:
  A: 20.8%
  C: 32.6%
  G: 28.7%
  T: 17.7%
  none/other: 0.2%

Overview of removed sequences
length	count	expect	max.err	error counts
1	11420416	16478716.8	0	11420416
2	3229729	4119679.2	0	3229729
3	1188506	1029919.8	0	1188506
4	542920	257479.9	0	542920
5	396940	64370.0	0	396940
6	351990	16092.5	0	351990
7	352130	4023.1	0	352130
8	339247	1005.8	0	339247
9	334855	251.4	0	333638 1217
10	343719	62.9	1	337403 6316
11	340328	15.7	1	333530 6798
12	348226	3.9	1	340205 8021
13	335483	1.0	1	328683 6800
14	343604	0.2	1	334732 8872
15	366514	0.1	1	356577 9937
16	336920	0.0	1	327199 9721
17	348945	0.0	1	335231 13714
18	344445	0.0	1	330342 13879 224
19	376206	0.0	1	358286 17646 274
20	347138	0.0	2	331399 13770 1969
21	307226	0.0	2	291322 14330 1574
22	321901	0.0	2	301885 17883 2133
23	322746	0.0	2	298608 19923 4215
24	354634	0.0	2	324531 25845 4258
25	315041	0.0	2	291385 20280 3376
26	319341	0.0	2	292458 23098 3785
27	347729	0.0	2	313660 27372 6673 24
28	294490	0.0	2	266092 22373 5500 525
29	288383	0.0	2	260740 23448 3948 247
30	295994	0.0	3	261454 25084 6464 2992
31	277947	0.0	3	249975 21613 4635 1724
32	291000	0.0	3	256635 26315 5582 2468
33	306329	0.0	3	267803 27008 7289 4229
34	277842	0.0	3	246073 24812 5067 1890
35	294331	0.0	3	260666 23920 6252 3493
36	305483	0.0	3	266593 26975 7458 4457
37	259669	0.0	3	229249 21872 5451 3097
38	267610	0.0	3	238871 20651 5081 3007
39	304488	0.0	3	263937 27445 7936 5170
40	234239	0.0	3	204625 19629 5732 4253
41	258297	0.0	3	224104 23001 6781 4411
42	224266	0.0	3	202730 16422 3494 1620
43	241514	0.0	3	214341 19650 5039 2484
44	221846	0.0	3	197860 17653 4201 2132
45	259983	0.0	3	223995 24524 7174 4290
46	220739	0.0	3	193278 18159 6004 3298
47	204052	0.0	3	181768 15737 4507 2040
48	233425	0.0	3	204211 19657 6185 3372
49	198388	0.0	3	176990 15465 4159 1774
50	188733	0.0	3	167520 15172 3933 2108
51	186127	0.0	3	164352 15470 4136 2169
52	190630	0.0	3	167199 16516 4433 2482
53	165168	0.0	3	148050 12317 3064 1737
54	181565	0.0	3	159068 15418 4327 2752
55	184039	0.0	3	163339 14705 3941 2054
56	165536	0.0	3	148596 11901 3232 1807
57	189349	0.0	3	163763 16953 5255 3378
58	209747	0.0	3	184465 17898 4952 2432
59	137139	0.0	3	121541 11279 2813 1506
60	159733	0.0	3	140952 13071 3585 2125
61	138552	0.0	3	124871 10042 2373 1266
62	137373	0.0	3	122537 10808 2678 1350
63	121207	0.0	3	108087 9194 2474 1452
64	146755	0.0	3	130302 11936 2998 1519
65	108811	0.0	3	99095 7234 1627 855
66	116105	0.0	3	103606 9069 2266 1164
67	117502	0.0	3	104575 9343 2353 1231
68	104056	0.0	3	92798 7961 2144 1153
69	88407	0.0	3	79493 6539 1564 811
70	123079	0.0	3	108687 10243 2760 1389
71	58161	0.0	3	51576 4805 1104 676
72	78291	0.0	3	69423 6325 1673 870
73	82700	0.0	3	72862 7085 1873 880
74	84549	0.0	3	74933 6930 1791 895
75	87970	0.0	3	80775 5121 1384 690
76	25746	0.0	3	22342 2525 547 332
77	59163	0.0	3	53533 3939 1098 593
78	60154	0.0	3	54044 4265 1194 651
79	56573	0.0	3	50341 4266 1250 716
80	54441	0.0	3	48116 4158 1335 832
81	51566	0.0	3	45124 4094 1349 999
82	48687	0.0	3	41288 4142 1612 1645
83	46084	0.0	3	37819 4281 1956 2028
84	39940	0.0	3	34461 3393 1189 897
85	37133	0.0	3	32463 3046 994 630
86	36629	0.0	3	32057 3001 937 634
87	35567	0.0	3	31268 2780 894 625
88	34147	0.0	3	29991 2793 821 542
89	31574	0.0	3	28213 2151 742 468
90	28769	0.0	3	25662 2097 598 412
91	26412	0.0	3	23366 2006 623 417
92	23955	0.0	3	21194 1836 574 351
93	20896	0.0	3	18380 1650 549 317
94	18212	0.0	3	16092 1424 430 266
95	16728	0.0	3	14722 1299 443 264
96	15237	0.0	3	13415 1153 393 276
97	14489	0.0	3	12647 1156 374 312
98	14266	0.0	3	12202 1179 507 378
99	13549	0.0	3	11419 1207 503 420
100	12323	0.0	3	10372 1117 448 386
101	11250	0.0	3	9338 1011 447 454
102	13332	0.0	3	9701 1847 962 822
103	9334	0.0	3	7550 1001 449 334
104	8276	0.0	3	6778 839 349 310
105	7485	0.0	3	6197 706 317 265
106	7435	0.0	3	5835 823 392 385
107	11451	0.0	3	9013 1318 571 549
108	11167	0.0	3	6443 2060 1288 1376
109	6008	0.0	3	4772 621 321 294
110	5727	0.0	3	4190 696 389 452
111	5049	0.0	3	3771 552 356 370
112	4639	0.0	3	3309 583 340 407
113	4012	0.0	3	2966 452 282 312
114	4854	0.0	3	3538 539 363 414
115	5419	0.0	3	2772 811 796 1040
116	4587	0.0	3	2565 666 579 777
117	4299	0.0	3	2519 640 490 650
118	5624	0.0	3	2841 912 859 1012
119	5356	0.0	3	2460 928 869 1099
120	7762	0.0	3	2957 1348 1467 1990
121	9913	0.0	3	3419 1894 2009 2591
122	7894	0.0	3	3520 1602 1312 1460
123	2523	0.0	3	1616 340 291 276
124	1356	0.0	3	946 159 109 142
125	1150	0.0	3	765 137 109 139
126	1116	0.0	3	687 127 112 190
127	1260	0.0	3	776 160 118 206
128	1801	0.0	3	767 261 288 485
129	2066	0.0	3	832 316 341 577
130	18301	0.0	3	8116 3002 2900 4283
131	946414	0.0	3	605271 146254 106302 88587
132	5407	0.0	3	4018 739 335 315
133	1837	0.0	3	1373 258 119 87
134	2746	0.0	3	2388 226 79 53
135	1786	0.0	3	1492 181 67 46
136	776	0.0	3	657 62 25 32
137	993	0.0	3	879 67 26 21
138	2453	0.0	3	2204 143 71 35
139	884	0.0	3	777 69 24 14
140	907	0.0	3	816 60 15 16
141	2430	0.0	3	2170 175 52 33
142	985	0.0	3	896 56 17 16
143	1362	0.0	3	1233 92 27 10
144	1329	0.0	3	1238 57 17 17
145	1190	0.0	3	1073 87 15 15
146	1542	0.0	3	1363 115 31 33
147	1314	0.0	3	1151 93 38 32
148	1486	0.0	3	1313 105 33 35
149	1947	0.0	3	1278 362 149 158
150	60752	0.0	3	45862 6257 3779 4854

RUN STATISTICS FOR INPUT FILE: /vortexfs1/omics/tepolt/raw_reads/C_maenas/Cm_yrv_2023/25-059_R2_001.fastq.gz
=============================================
65914867 sequences processed in total
Sequences removed because they became shorter than the length cutoff of 20 bp:	1080765 (1.6%)

