
SUMMARISING RUN PARAMETERS
==========================
Input filename: /vortexfs1/omics/tepolt/raw_reads/C_maenas/Cm_yrv_2023/25-047_R2_001.fastq.gz
Trimming mode: single-end
Trim Galore version: 0.6.6
Cutadapt version: 3.5
Python version: could not detect
Number of cores used for trimming: 8
Quality Phred score cutoff: 20
Quality encoding type selected: ASCII+33
Adapter sequence: 'AGATCGGAAGAGCGTCGTGTAGGGAAAGAGTGT' (user defined)
Maximum trimming error rate: 0.1 (default)
Minimum required adapter overlap (stringency): 1 bp
Minimum required sequence length before a sequence gets removed: 20 bp
Running FastQC on the data once trimming has completed
Running FastQC with the following extra arguments: --outdir /vortexfs1/scratch/yaamini.venkataraman/wc-green-crab/output/06b-trimgalore     --threads 28
Output file will be GZIP compressed


This is cutadapt 3.5 with Python 3.9.5
Command line parameters: -j 8 -e 0.1 -q 20 -O 1 -a AGATCGGAAGAGCGTCGTGTAGGGAAAGAGTGT /vortexfs1/omics/tepolt/raw_reads/C_maenas/Cm_yrv_2023/25-047_R2_001.fastq.gz
Processing reads on 8 cores in single-end mode ...
Finished in 73.76 s (2 µs/read; 31.36 M reads/minute).

=== Summary ===

Total reads processed:              38,555,317
Reads with adapters:                17,823,311 (46.2%)
Reads written (passing filters):    38,555,317 (100.0%)

Total basepairs processed: 5,783,297,550 bp
Quality-trimmed:              26,735,927 bp (0.5%)
Total written (filtered):  5,077,694,611 bp (87.8%)

=== Adapter 1 ===

Sequence: AGATCGGAAGAGCGTCGTGTAGGGAAAGAGTGT; Type: regular 3'; Length: 33; Trimmed: 17823311 times

Minimum overlap: 1
No. of allowed errors:
1-9 bp: 0; 10-19 bp: 1; 20-29 bp: 2; 30-33 bp: 3

Bases preceding removed adapters:
  A: 18.0%
  C: 33.6%
  G: 29.9%
  T: 16.9%
  none/other: 1.6%

Overview of removed sequences
length	count	expect	max.err	error counts
1	3613373	9638829.2	0	3613373
2	989431	2409707.3	0	989431
3	388984	602426.8	0	388984
4	181512	150606.7	0	181512
5	138930	37651.7	0	138930
6	124334	9412.9	0	124334
7	123754	2353.2	0	123754
8	117975	588.3	0	117975
9	117080	147.1	0	116668 412
10	119531	36.8	1	117171 2360
11	119951	9.2	1	117415 2536
12	126131	2.3	1	122883 3248
13	126155	0.6	1	123409 2746
14	131645	0.1	1	127993 3652
15	144367	0.0	1	140474 3893
16	128529	0.0	1	124663 3866
17	134677	0.0	1	129136 5541
18	133447	0.0	1	127796 5569 82
19	147677	0.0	1	140269 7298 110
20	143124	0.0	2	136260 6013 851
21	122492	0.0	2	115933 5887 672
22	128553	0.0	2	120120 7503 930
23	137964	0.0	2	127740 8835 1389
24	150027	0.0	2	136978 11102 1947
25	134270	0.0	2	124154 8764 1352
26	140480	0.0	2	128277 10489 1714
27	153549	0.0	2	137594 12710 3232 13
28	130944	0.0	2	118562 9935 2277 170
29	132208	0.0	2	119481 10906 1748 73
30	134325	0.0	3	119493 11173 2631 1028
31	134064	0.0	3	120359 10619 2223 863
32	137365	0.0	3	122104 12142 2262 857
33	140320	0.0	3	125713 11239 2218 1150
34	161454	0.0	3	135296 18158 5268 2732
35	164921	0.0	3	146288 14509 3007 1117
36	131392	0.0	3	116114 11952 2380 946
37	137243	0.0	3	122277 12174 2116 676
38	148257	0.0	3	132455 12720 2301 781
39	142893	0.0	3	126554 13091 2445 803
40	147387	0.0	3	130690 13481 2467 749
41	153196	0.0	3	133862 15180 3074 1080
42	130367	0.0	3	118019 10298 1562 488
43	147954	0.0	3	131515 13194 2431 814
44	142643	0.0	3	127534 12349 2079 681
45	171244	0.0	3	148194 17876 3811 1363
46	142595	0.0	3	125952 13249 2480 914
47	142705	0.0	3	127185 12651 2134 735
48	165540	0.0	3	146267 15483 2834 956
49	144366	0.0	3	129150 12486 2087 643
50	135941	0.0	3	121481 11784 1994 682
51	140112	0.0	3	123873 12884 2506 849
52	152347	0.0	3	133751 14766 2857 973
53	131155	0.0	3	118057 10751 1714 633
54	142813	0.0	3	126360 13113 2455 885
55	153010	0.0	3	136133 13460 2529 888
56	139703	0.0	3	126032 11010 1970 691
57	161238	0.0	3	141241 15544 3213 1240
58	180380	0.0	3	158167 17778 3362 1073
59	140208	0.0	3	124115 12993 2306 794
60	154065	0.0	3	136832 14083 2365 785
61	141535	0.0	3	127867 11341 1757 570
62	141846	0.0	3	126610 12378 2175 683
63	125033	0.0	3	112757 10131 1584 561
64	160318	0.0	3	142893 14282 2342 801
65	127971	0.0	3	116717 9434 1384 436
66	141277	0.0	3	126487 12226 1979 585
67	148409	0.0	3	132497 13017 2205 690
68	134880	0.0	3	121038 11364 1856 622
69	115985	0.0	3	105078 9123 1346 438
70	164462	0.0	3	146165 14782 2661 854
71	83159	0.0	3	74191 7310 1229 429
72	113428	0.0	3	101423 9804 1652 549
73	126215	0.0	3	112114 11673 1827 601
74	135660	0.0	3	121259 12039 1779 583
75	149645	0.0	3	138312 9351 1484 498
76	45699	0.0	3	39822 4929 678 270
77	105774	0.0	3	96937 7207 1174 456
78	111375	0.0	3	101186 8363 1338 488
79	109336	0.0	3	98622 8675 1471 568
80	106050	0.0	3	95278 8779 1436 557
81	103041	0.0	3	92216 8786 1474 565
82	99946	0.0	3	89562 8403 1442 539
83	94894	0.0	3	84450 8379 1504 561
84	91088	0.0	3	81308 7823 1388 569
85	91436	0.0	3	81645 7799 1499 493
86	94401	0.0	3	84403 8113 1364 521
87	95434	0.0	3	85786 7751 1350 547
88	91509	0.0	3	82373 7376 1274 486
89	88574	0.0	3	80694 6393 1069 418
90	83034	0.0	3	75292 6179 1122 441
91	80495	0.0	3	72692 6278 1104 421
92	76758	0.0	3	69310 5948 1071 429
93	67637	0.0	3	61382 5112 838 305
94	63357	0.0	3	57322 4869 841 325
95	59080	0.0	3	53238 4698 822 322
96	56576	0.0	3	51305 4267 725 279
97	55594	0.0	3	50180 4352 770 292
98	55092	0.0	3	49995 4070 723 304
99	51471	0.0	3	46297 4045 778 351
100	46658	0.0	3	41850 3679 760 369
101	41326	0.0	3	37016 3347 648 315
102	35375	0.0	3	31698 2809 609 259
103	31719	0.0	3	28338 2549 593 239
104	27938	0.0	3	24919 2301 500 218
105	24711	0.0	3	22089 1987 431 204
106	23267	0.0	3	20889 1795 395 188
107	22622	0.0	3	20060 1931 442 189
108	20540	0.0	3	18310 1653 419 158
109	18975	0.0	3	16980 1470 346 179
110	17383	0.0	3	15461 1435 310 177
111	14399	0.0	3	12629 1165 385 220
112	12498	0.0	3	10780 1209 340 169
113	10075	0.0	3	8782 884 280 129
114	9082	0.0	3	7855 789 280 158
115	8034	0.0	3	6866 800 230 138
116	7875	0.0	3	6435 890 339 211
117	6371	0.0	3	5119 737 313 202
118	6300	0.0	3	5178 719 263 140
119	5572	0.0	3	4600 601 223 148
120	5452	0.0	3	4247 690 309 206
121	6416	0.0	3	4447 1044 592 333
122	4660	0.0	3	3323 776 360 201
123	3719	0.0	3	3040 465 146 68
124	2183	0.0	3	1789 265 87 42
125	1622	0.0	3	1378 158 61 25
126	1239	0.0	3	1042 129 36 32
127	1509	0.0	3	1350 120 26 13
128	1366	0.0	3	1164 133 41 28
129	1964	0.0	3	1610 218 76 60
130	2951	0.0	3	2452 318 114 67
131	22393	0.0	3	13068 6378 2040 907
132	1698	0.0	3	1407 207 59 25
133	1327	0.0	3	1152 130 29 16
134	12067	0.0	3	11110 753 141 63
135	2566	0.0	3	2291 198 47 30
136	1428	0.0	3	1258 121 21 28
137	2869	0.0	3	2588 219 45 17
138	7659	0.0	3	7094 438 106 21
139	2422	0.0	3	2242 146 20 14
140	2396	0.0	3	2185 172 30 9
141	7040	0.0	3	6453 482 72 33
142	3691	0.0	3	3419 218 43 11
143	3948	0.0	3	3641 243 43 21
144	3788	0.0	3	3467 252 41 28
145	3135	0.0	3	2824 244 44 23
146	4595	0.0	3	4166 321 69 39
147	3558	0.0	3	3217 235 64 42
148	4104	0.0	3	3647 331 81 45
149	6040	0.0	3	4774 672 349 245
150	283015	0.0	3	244416 23224 7580 7795

RUN STATISTICS FOR INPUT FILE: /vortexfs1/omics/tepolt/raw_reads/C_maenas/Cm_yrv_2023/25-047_R2_001.fastq.gz
=============================================
38555317 sequences processed in total
Sequences removed because they became shorter than the length cutoff of 20 bp:	416803 (1.1%)

