
SUMMARISING RUN PARAMETERS
==========================
Input filename: /vortexfs1/omics/tepolt/raw_reads/C_maenas/Cm_yrv_2023/25-051_R2_001.fastq.gz
Trimming mode: single-end
Trim Galore version: 0.6.6
Cutadapt version: 3.5
Python version: could not detect
Number of cores used for trimming: 8
Quality Phred score cutoff: 20
Quality encoding type selected: ASCII+33
Adapter sequence: 'AGATCGGAAGAGCGTCGTGTAGGGAAAGAGTGT' (user defined)
Maximum trimming error rate: 0.1 (default)
Minimum required adapter overlap (stringency): 1 bp
Minimum required sequence length before a sequence gets removed: 20 bp
Running FastQC on the data once trimming has completed
Running FastQC with the following extra arguments: --outdir /vortexfs1/scratch/yaamini.venkataraman/wc-green-crab/output/06b-trimgalore     --threads 28
Output file will be GZIP compressed


This is cutadapt 3.5 with Python 3.9.5
Command line parameters: -j 8 -e 0.1 -q 20 -O 1 -a AGATCGGAAGAGCGTCGTGTAGGGAAAGAGTGT /vortexfs1/omics/tepolt/raw_reads/C_maenas/Cm_yrv_2023/25-051_R2_001.fastq.gz
Processing reads on 8 cores in single-end mode ...
Finished in 124.03 s (2 µs/read; 26.13 M reads/minute).

=== Summary ===

Total reads processed:              54,025,751
Reads with adapters:                30,244,512 (56.0%)
Reads written (passing filters):    54,025,751 (100.0%)

Total basepairs processed: 8,103,862,650 bp
Quality-trimmed:              28,394,534 bp (0.4%)
Total written (filtered):  7,400,948,447 bp (91.3%)

=== Adapter 1 ===

Sequence: AGATCGGAAGAGCGTCGTGTAGGGAAAGAGTGT; Type: regular 3'; Length: 33; Trimmed: 30244512 times

Minimum overlap: 1
No. of allowed errors:
1-9 bp: 0; 10-19 bp: 1; 20-29 bp: 2; 30-33 bp: 3

Bases preceding removed adapters:
  A: 19.7%
  C: 35.7%
  G: 27.7%
  T: 16.7%
  none/other: 0.1%

Overview of removed sequences
length	count	expect	max.err	error counts
1	9184051	13506437.8	0	9184051
2	2549423	3376609.4	0	2549423
3	1050987	844152.4	0	1050987
4	446030	211038.1	0	446030
5	324762	52759.5	0	324762
6	296576	13189.9	0	296576
7	294327	3297.5	0	294327
8	290924	824.4	0	290924
9	288979	206.1	0	288047 932
10	296440	51.5	1	290921 5519
11	295037	12.9	1	289337 5700
12	305721	3.2	1	298852 6869
13	295463	0.8	1	289341 6122
14	304824	0.2	1	296903 7921
15	312717	0.1	1	304476 8241
16	291701	0.0	1	283249 8452
17	298889	0.0	1	287820 11069
18	292927	0.0	1	281172 11596 159
19	295450	0.0	1	282835 12426 189
20	342066	0.0	2	325745 14275 2046
21	256017	0.0	2	242432 12219 1366
22	279390	0.0	2	260349 17176 1865
23	286027	0.0	2	264097 19534 2396
24	306380	0.0	2	280011 23156 3213
25	269575	0.0	2	249245 18129 2201
26	280205	0.0	2	255872 21430 2903
27	304827	0.0	2	274707 24991 5108 21
28	252581	0.0	2	229461 19108 3723 289
29	261941	0.0	2	236905 21481 3457 98
30	253265	0.0	3	227159 20698 3920 1488
31	269497	0.0	3	238032 24001 5313 2151
32	256818	0.0	3	229093 22726 3721 1278
33	281672	0.0	3	250834 24063 4920 1855
34	237575	0.0	3	211262 21439 3652 1222
35	251455	0.0	3	226862 19905 3435 1253
36	262904	0.0	3	228915 26109 5699 2181
37	267823	0.0	3	231730 27767 6008 2318
38	240122	0.0	3	214563 20322 3758 1479
39	225000	0.0	3	200611 19949 3302 1138
40	242283	0.0	3	213144 23264 4305 1570
41	227521	0.0	3	198973 21816 4763 1969
42	221378	0.0	3	201005 17202 2399 772
43	234357	0.0	3	207398 21612 3979 1368
44	216018	0.0	3	193036 19093 2911 978
45	248422	0.0	3	214499 26460 5464 1999
46	203519	0.0	3	179918 18730 3549 1322
47	197688	0.0	3	176141 17831 2770 946
48	215982	0.0	3	190081 20652 3928 1321
49	188914	0.0	3	168524 16330 3151 909
50	183896	0.0	3	164044 16290 2642 920
51	189016	0.0	3	167364 17323 3241 1088
52	196084	0.0	3	172618 18781 3516 1169
53	168123	0.0	3	151412 13788 2150 773
54	177056	0.0	3	156894 16171 2953 1038
55	184066	0.0	3	163690 16287 3032 1057
56	157179	0.0	3	142206 12129 2115 729
57	171814	0.0	3	150789 16397 3354 1274
58	198443	0.0	3	173965 19852 3534 1092
59	141539	0.0	3	125148 13475 2165 751
60	155136	0.0	3	138512 13610 2251 763
61	134564	0.0	3	121617 10875 1553 519
62	137901	0.0	3	122914 12293 2017 677
63	122499	0.0	3	110402 10026 1533 538
64	149197	0.0	3	132574 13636 2261 726
65	110902	0.0	3	101449 7974 1104 375
66	121169	0.0	3	108093 10856 1689 531
67	120814	0.0	3	107735 10744 1790 545
68	112268	0.0	3	100477 9748 1541 502
69	97283	0.0	3	87686 8094 1119 384
70	134361	0.0	3	118764 12712 2159 726
71	68613	0.0	3	61360 6004 932 317
72	91153	0.0	3	81142 8232 1339 440
73	97853	0.0	3	86891 9116 1415 431
74	101126	0.0	3	90362 9047 1299 418
75	105541	0.0	3	97461 6741 1009 330
76	29447	0.0	3	25565 3206 491 185
77	71285	0.0	3	64985 5111 891 298
78	71727	0.0	3	64814 5706 847 360
79	69315	0.0	3	62284 5677 967 387
80	66045	0.0	3	59058 5626 970 391
81	61230	0.0	3	54448 5477 932 373
82	57555	0.0	3	51018 5131 926 480
83	52353	0.0	3	45979 4829 1039 506
84	47809	0.0	3	42349 4316 806 338
85	44970	0.0	3	40002 4006 685 277
86	43297	0.0	3	38657 3714 657 269
87	42741	0.0	3	38100 3693 654 294
88	40243	0.0	3	35970 3453 575 245
89	38020	0.0	3	34497 2827 498 198
90	34095	0.0	3	30662 2731 484 218
91	30830	0.0	3	27743 2482 439 166
92	27628	0.0	3	24671 2344 445 168
93	23965	0.0	3	21475 1973 364 153
94	20957	0.0	3	18780 1751 283 143
95	19061	0.0	3	17145 1522 285 109
96	17237	0.0	3	15489 1403 233 112
97	16597	0.0	3	14881 1376 232 108
98	15330	0.0	3	13758 1233 232 107
99	14541	0.0	3	12830 1278 302 131
100	12318	0.0	3	10955 1032 227 104
101	10820	0.0	3	9527 948 233 112
102	9787	0.0	3	8369 1012 271 135
103	7890	0.0	3	6931 683 195 81
104	6657	0.0	3	5839 577 159 82
105	5566	0.0	3	4876 500 110 80
106	5167	0.0	3	4514 441 147 65
107	5150	0.0	3	4485 464 138 63
108	4848	0.0	3	3935 575 204 134
109	3938	0.0	3	3402 360 113 63
110	3741	0.0	3	3209 386 93 53
111	3138	0.0	3	2711 284 92 51
112	2762	0.0	3	2351 269 91 51
113	2218	0.0	3	1848 243 75 52
114	2089	0.0	3	1725 229 89 46
115	1906	0.0	3	1466 272 107 61
116	1785	0.0	3	1345 267 119 54
117	1502	0.0	3	1096 215 110 81
118	1402	0.0	3	1064 184 96 58
119	1407	0.0	3	1051 197 97 62
120	2037	0.0	3	1288 420 211 118
121	3174	0.0	3	1573 854 477 270
122	1885	0.0	3	1093 479 211 102
123	845	0.0	3	611 135 67 32
124	519	0.0	3	414 57 24 24
125	448	0.0	3	324 59 34 31
126	440	0.0	3	298 66 45 31
127	484	0.0	3	335 73 37 39
128	610	0.0	3	328 97 96 89
129	701	0.0	3	344 124 109 124
130	5245	0.0	3	2587 1113 836 709
131	206733	0.0	3	137884 43272 16300 9277
132	1126	0.0	3	867 178 56 25
133	479	0.0	3	361 85 23 10
134	1231	0.0	3	1072 117 35 7
135	565	0.0	3	460 87 15 3
136	304	0.0	3	244 48 5 7
137	432	0.0	3	364 51 15 2
138	1148	0.0	3	1034 88 16 10
139	410	0.0	3	364 37 6 3
140	382	0.0	3	346 31 4 1
141	1059	0.0	3	980 55 12 12
142	456	0.0	3	406 34 9 7
143	636	0.0	3	572 52 5 7
144	568	0.0	3	518 30 9 11
145	525	0.0	3	466 44 9 6
146	636	0.0	3	562 53 12 9
147	583	0.0	3	508 50 13 12
148	821	0.0	3	707 84 17 13
149	1253	0.0	3	684 398 99 72
150	34362	0.0	3	25607 4149 2413 2193

RUN STATISTICS FOR INPUT FILE: /vortexfs1/omics/tepolt/raw_reads/C_maenas/Cm_yrv_2023/25-051_R2_001.fastq.gz
=============================================
54025751 sequences processed in total
Sequences removed because they became shorter than the length cutoff of 20 bp:	275211 (0.5%)

