
SUMMARISING RUN PARAMETERS
==========================
Input filename: /vortexfs1/omics/tepolt/raw_reads/C_maenas/Cm_yrv_2023/25-046_R2_001.fastq.gz
Trimming mode: single-end
Trim Galore version: 0.6.6
Cutadapt version: 3.5
Python version: could not detect
Number of cores used for trimming: 8
Quality Phred score cutoff: 20
Quality encoding type selected: ASCII+33
Adapter sequence: 'AGATCGGAAGAGCGTCGTGTAGGGAAAGAGTGT' (user defined)
Maximum trimming error rate: 0.1 (default)
Minimum required adapter overlap (stringency): 1 bp
Minimum required sequence length before a sequence gets removed: 20 bp
Running FastQC on the data once trimming has completed
Running FastQC with the following extra arguments: --outdir /vortexfs1/scratch/yaamini.venkataraman/wc-green-crab/output/06b-trimgalore     --threads 28
Output file will be GZIP compressed


This is cutadapt 3.5 with Python 3.9.5
Command line parameters: -j 8 -e 0.1 -q 20 -O 1 -a AGATCGGAAGAGCGTCGTGTAGGGAAAGAGTGT /vortexfs1/omics/tepolt/raw_reads/C_maenas/Cm_yrv_2023/25-046_R2_001.fastq.gz
Processing reads on 8 cores in single-end mode ...
Finished in 101.52 s (2 µs/read; 26.27 M reads/minute).

=== Summary ===

Total reads processed:              44,456,348
Reads with adapters:                21,747,178 (48.9%)
Reads written (passing filters):    44,456,348 (100.0%)

Total basepairs processed: 6,668,452,200 bp
Quality-trimmed:              19,021,727 bp (0.3%)
Total written (filtered):  6,392,130,405 bp (95.9%)

=== Adapter 1 ===

Sequence: AGATCGGAAGAGCGTCGTGTAGGGAAAGAGTGT; Type: regular 3'; Length: 33; Trimmed: 21747178 times

Minimum overlap: 1
No. of allowed errors:
1-9 bp: 0; 10-19 bp: 1; 20-29 bp: 2; 30-33 bp: 3

Bases preceding removed adapters:
  A: 25.1%
  C: 28.4%
  G: 28.1%
  T: 18.3%
  none/other: 0.0%

Overview of removed sequences
length	count	expect	max.err	error counts
1	9511175	11114087.0	0	9511175
2	2594484	2778521.8	0	2594484
3	958915	694630.4	0	958915
4	403818	173657.6	0	403818
5	276873	43414.4	0	276873
6	234435	10853.6	0	234435
7	230620	2713.4	0	230620
8	222300	678.4	0	222300
9	210027	169.6	0	209125 902
10	212336	42.4	1	208210 4126
11	206505	10.6	1	202248 4257
12	212773	2.6	1	207979 4794
13	202626	0.7	1	198540 4086
14	207331	0.2	1	201870 5461
15	226109	0.0	1	220224 5885
16	198228	0.0	1	192730 5498
17	204359	0.0	1	196277 8082
18	200719	0.0	1	192772 7828 119
19	215851	0.0	1	205992 9715 144
20	196503	0.0	2	187957 7479 1067
21	173717	0.0	2	164736 8121 860
22	175191	0.0	2	164408 9669 1114
23	185740	0.0	2	172458 11354 1928
24	191765	0.0	2	176317 13381 2067
25	171440	0.0	2	159363 10559 1518
26	173493	0.0	2	159344 12221 1928
27	182603	0.0	2	165678 13911 3002 12
28	152482	0.0	2	139177 10883 2224 198
29	153078	0.0	2	138797 12178 2036 67
30	155619	0.0	3	138801 12834 2832 1152
31	127960	0.0	3	116471 9186 1656 647
32	143595	0.0	3	126410 13350 2784 1051
33	148656	0.0	3	133228 12146 2352 930
34	126757	0.0	3	112595 11362 2084 716
35	131049	0.0	3	117829 10353 1955 912
36	161102	0.0	3	139368 16809 3751 1174
37	126113	0.0	3	110760 12123 2406 824
38	126858	0.0	3	115474 9614 1384 386
39	89306	0.0	3	80933 7027 1032 314
40	105269	0.0	3	94355 8944 1479 491
41	104227	0.0	3	92361 9505 1761 600
42	104357	0.0	3	91613 9894 2093 757
43	102686	0.0	3	91086 9255 1764 581
44	85913	0.0	3	76422 7660 1376 455
45	117024	0.0	3	101825 11943 2431 825
46	73344	0.0	3	64583 6984 1297 480
47	70753	0.0	3	63098 6251 1045 359
48	88839	0.0	3	78570 8265 1507 497
49	65412	0.0	3	58834 5472 839 267
50	62346	0.0	3	55816 5243 976 311
51	60216	0.0	3	53461 5382 1014 359
52	65456	0.0	3	57565 6262 1219 410
53	45073	0.0	3	40779 3474 610 210
54	51979	0.0	3	45853 4806 959 361
55	50298	0.0	3	45140 4157 744 257
56	42800	0.0	3	38816 3207 594 183
57	47058	0.0	3	41157 4577 996 328
58	49825	0.0	3	43988 4621 937 279
59	34439	0.0	3	30409 3297 559 174
60	35953	0.0	3	32184 3026 569 174
61	26218	0.0	3	23699 2069 334 116
62	29860	0.0	3	26650 2619 443 148
63	20381	0.0	3	18301 1669 300 111
64	29031	0.0	3	25985 2462 432 152
65	17006	0.0	3	15381 1346 195 84
66	19332	0.0	3	17247 1653 321 111
67	19968	0.0	3	17823 1712 310 123
68	14602	0.0	3	12991 1261 264 86
69	11373	0.0	3	10141 993 171 68
70	19039	0.0	3	16978 1629 317 115
71	5202	0.0	3	4353 660 126 63
72	9360	0.0	3	8368 763 175 54
73	9672	0.0	3	8504 946 164 58
74	9519	0.0	3	8405 901 147 66
75	9835	0.0	3	8938 727 109 61
76	3337	0.0	3	2922 331 55 29
77	5428	0.0	3	4903 416 72 37
78	6002	0.0	3	5399 477 83 43
79	5332	0.0	3	4730 463 94 45
80	4779	0.0	3	4227 415 94 43
81	4417	0.0	3	3868 413 98 38
82	3964	0.0	3	3494 352 76 42
83	3441	0.0	3	2961 333 94 53
84	3078	0.0	3	2691 277 75 35
85	2781	0.0	3	2390 282 72 37
86	2725	0.0	3	2362 264 58 41
87	2582	0.0	3	2277 234 49 22
88	2409	0.0	3	2086 231 75 17
89	2272	0.0	3	2016 181 54 21
90	1958	0.0	3	1714 178 42 24
91	1810	0.0	3	1614 135 45 16
92	1676	0.0	3	1459 151 44 22
93	1486	0.0	3	1315 118 30 23
94	1302	0.0	3	1114 126 43 19
95	1148	0.0	3	977 124 37 10
96	1075	0.0	3	912 116 33 14
97	1073	0.0	3	946 72 36 19
98	1085	0.0	3	947 86 29 23
99	980	0.0	3	809 114 38 19
100	877	0.0	3	738 85 33 21
101	837	0.0	3	687 89 37 24
102	933	0.0	3	669 139 82 43
103	708	0.0	3	531 109 49 19
104	615	0.0	3	494 54 42 25
105	602	0.0	3	464 70 33 35
106	569	0.0	3	421 76 49 23
107	652	0.0	3	451 101 60 40
108	1045	0.0	3	554 213 170 108
109	509	0.0	3	394 69 28 18
110	567	0.0	3	371 92 62 42
111	434	0.0	3	308 65 24 37
112	505	0.0	3	354 83 45 23
113	419	0.0	3	279 74 37 29
114	499	0.0	3	349 70 50 30
115	590	0.0	3	262 130 106 92
116	418	0.0	3	213 73 72 60
117	412	0.0	3	207 87 64 54
118	398	0.0	3	219 86 61 32
119	476	0.0	3	220 88 90 78
120	1159	0.0	3	313 300 306 240
121	1181	0.0	3	312 342 287 240
122	806	0.0	3	304 231 164 107
123	327	0.0	3	196 74 35 22
124	199	0.0	3	126 43 20 10
125	437	0.0	3	253 98 52 34
126	198	0.0	3	111 32 38 17
127	237	0.0	3	136 46 29 26
128	270	0.0	3	109 47 59 55
129	351	0.0	3	145 76 71 59
130	2311	0.0	3	886 606 461 358
131	111540	0.0	3	66892 27239 11461 5948
132	387	0.0	3	287 65 23 12
133	187	0.0	3	150 26 9 2
134	252	0.0	3	223 19 7 3
135	175	0.0	3	152 14 7 2
136	130	0.0	3	104 22 1 3
137	169	0.0	3	144 18 5 2
138	259	0.0	3	227 25 5 2
139	152	0.0	3	138 13 1
140	198	0.0	3	178 14 5 1
141	381	0.0	3	354 22 3 2
142	206	0.0	3	191 11 3 1
143	404	0.0	3	363 28 6 7
144	383	0.0	3	351 20 6 6
145	432	0.0	3	398 30 3 1
146	524	0.0	3	481 34 5 4
147	528	0.0	3	480 31 12 5
148	464	0.0	3	424 31 5 4
149	233	0.0	3	180 22 19 12
150	8317	0.0	3	6834 863 329 291

RUN STATISTICS FOR INPUT FILE: /vortexfs1/omics/tepolt/raw_reads/C_maenas/Cm_yrv_2023/25-046_R2_001.fastq.gz
=============================================
44456348 sequences processed in total
Sequences removed because they became shorter than the length cutoff of 20 bp:	136217 (0.3%)

