
SUMMARISING RUN PARAMETERS
==========================
Input filename: /vortexfs1/omics/tepolt/raw_reads/C_maenas/Cm_yrv_2023/25-048_R2_001.fastq.gz
Trimming mode: single-end
Trim Galore version: 0.6.6
Cutadapt version: 3.5
Python version: could not detect
Number of cores used for trimming: 8
Quality Phred score cutoff: 20
Quality encoding type selected: ASCII+33
Adapter sequence: 'AGATCGGAAGAGCGTCGTGTAGGGAAAGAGTGT' (user defined)
Maximum trimming error rate: 0.1 (default)
Minimum required adapter overlap (stringency): 1 bp
Minimum required sequence length before a sequence gets removed: 20 bp
Running FastQC on the data once trimming has completed
Running FastQC with the following extra arguments: --outdir /vortexfs1/scratch/yaamini.venkataraman/wc-green-crab/output/06b-trimgalore     --threads 28
Output file will be GZIP compressed


This is cutadapt 3.5 with Python 3.9.5
Command line parameters: -j 8 -e 0.1 -q 20 -O 1 -a AGATCGGAAGAGCGTCGTGTAGGGAAAGAGTGT /vortexfs1/omics/tepolt/raw_reads/C_maenas/Cm_yrv_2023/25-048_R2_001.fastq.gz
Processing reads on 8 cores in single-end mode ...
Finished in 70.04 s (2 µs/read; 24.05 M reads/minute).

=== Summary ===

Total reads processed:              28,073,566
Reads with adapters:                12,882,783 (45.9%)
Reads written (passing filters):    28,073,566 (100.0%)

Total basepairs processed: 4,211,034,900 bp
Quality-trimmed:              15,058,741 bp (0.4%)
Total written (filtered):  4,043,962,093 bp (96.0%)

=== Adapter 1 ===

Sequence: AGATCGGAAGAGCGTCGTGTAGGGAAAGAGTGT; Type: regular 3'; Length: 33; Trimmed: 12882783 times

Minimum overlap: 1
No. of allowed errors:
1-9 bp: 0; 10-19 bp: 1; 20-29 bp: 2; 30-33 bp: 3

Bases preceding removed adapters:
  A: 24.7%
  C: 29.2%
  G: 27.4%
  T: 18.6%
  none/other: 0.1%

Overview of removed sequences
length	count	expect	max.err	error counts
1	5995651	7018391.5	0	5995651
2	1664716	1754597.9	0	1664716
3	597009	438649.5	0	597009
4	242065	109662.4	0	242065
5	159189	27415.6	0	159189
6	131714	6853.9	0	131714
7	128164	1713.5	0	128164
8	121789	428.4	0	121789
9	118080	107.1	0	117540 540
10	119071	26.8	1	116358 2713
11	115794	6.7	1	113070 2724
12	118915	1.7	1	115814 3101
13	112008	0.4	1	109503 2505
14	114087	0.1	1	110789 3298
15	121130	0.0	1	117520 3610
16	107272	0.0	1	103839 3433
17	109177	0.0	1	104558 4619
18	105385	0.0	1	100794 4526 65
19	112880	0.0	1	107229 5589 62
20	104743	0.0	2	99555 4524 664
21	90212	0.0	2	85031 4639 542
22	90834	0.0	2	84768 5341 725
23	94276	0.0	2	87129 6218 929
24	95247	0.0	2	87152 6948 1147
25	90283	0.0	2	83351 6077 855
26	88992	0.0	2	81434 6505 1053
27	94758	0.0	2	85701 7448 1606 3
28	76809	0.0	2	69806 5808 1124 71
29	74400	0.0	2	67184 6131 1044 41
30	73568	0.0	3	65363 6247 1456 502
31	69400	0.0	3	62158 5560 1272 410
32	70636	0.0	3	62427 6479 1264 466
33	71540	0.0	3	63552 6122 1347 519
34	71876	0.0	3	63227 6844 1349 456
35	57451	0.0	3	52161 4366 687 237
36	64723	0.0	3	56896 6079 1267 481
37	57928	0.0	3	51241 5349 1014 324
38	60218	0.0	3	53251 5494 1050 423
39	65607	0.0	3	57529 6294 1287 497
40	41001	0.0	3	36312 3778 655 256
41	46063	0.0	3	40789 4176 783 315
42	43815	0.0	3	39497 3553 571 194
43	45440	0.0	3	40036 4244 826 334
44	39852	0.0	3	35483 3528 602 239
45	45773	0.0	3	39608 4710 1043 412
46	35482	0.0	3	31244 3323 650 265
47	33815	0.0	3	30069 3017 534 195
48	35557	0.0	3	31299 3426 612 220
49	29672	0.0	3	26401 2652 454 165
50	26363	0.0	3	23396 2340 446 181
51	26237	0.0	3	23074 2458 492 213
52	25747	0.0	3	22599 2465 481 202
53	20977	0.0	3	18878 1699 278 122
54	21541	0.0	3	18903 2048 429 161
55	20836	0.0	3	18484 1836 372 144
56	17763	0.0	3	15884 1491 279 109
57	18057	0.0	3	15913 1635 344 165
58	19664	0.0	3	17223 1920 399 122
59	13583	0.0	3	11928 1330 229 96
60	13308	0.0	3	11825 1210 201 72
61	11238	0.0	3	10102 908 164 64
62	11436	0.0	3	10118 1033 196 89
63	9215	0.0	3	8255 798 111 51
64	10928	0.0	3	9661 1029 177 61
65	7612	0.0	3	6919 539 115 39
66	8012	0.0	3	7031 771 144 66
67	7684	0.0	3	6736 750 148 50
68	6256	0.0	3	5534 578 97 47
69	5351	0.0	3	4801 444 81 25
70	7020	0.0	3	6161 692 112 55
71	3176	0.0	3	2787 303 57 29
72	4054	0.0	3	3521 403 89 41
73	4283	0.0	3	3748 407 87 41
74	4071	0.0	3	3523 433 86 29
75	4151	0.0	3	3789 294 48 20
76	1256	0.0	3	1065 153 28 10
77	2682	0.0	3	2402 227 32 21
78	2712	0.0	3	2400 233 58 21
79	2425	0.0	3	2131 219 44 31
80	2151	0.0	3	1864 223 42 22
81	2047	0.0	3	1779 192 48 28
82	1859	0.0	3	1608 191 31 29
83	1641	0.0	3	1366 179 62 34
84	1532	0.0	3	1319 151 42 20
85	1372	0.0	3	1167 145 35 25
86	1370	0.0	3	1168 138 40 24
87	1303	0.0	3	1116 126 38 23
88	1333	0.0	3	1155 128 32 18
89	1192	0.0	3	1041 103 28 20
90	1089	0.0	3	961 80 33 15
91	998	0.0	3	852 102 31 13
92	953	0.0	3	780 108 40 25
93	762	0.0	3	650 76 22 14
94	724	0.0	3	608 81 22 13
95	657	0.0	3	555 77 12 13
96	664	0.0	3	552 83 18 11
97	574	0.0	3	488 56 16 14
98	620	0.0	3	521 68 19 12
99	638	0.0	3	533 59 22 24
100	571	0.0	3	468 64 27 12
101	518	0.0	3	421 62 14 21
102	529	0.0	3	400 67 42 20
103	448	0.0	3	372 46 16 14
104	460	0.0	3	360 60 25 15
105	407	0.0	3	312 57 19 19
106	424	0.0	3	306 71 25 22
107	463	0.0	3	361 56 24 22
108	667	0.0	3	374 139 97 57
109	393	0.0	3	298 60 21 14
110	444	0.0	3	319 56 35 34
111	406	0.0	3	285 65 31 25
112	392	0.0	3	257 58 44 33
113	387	0.0	3	236 74 44 33
114	410	0.0	3	278 69 38 25
115	503	0.0	3	252 117 73 61
116	505	0.0	3	255 121 74 55
117	431	0.0	3	214 93 71 53
118	464	0.0	3	244 93 76 51
119	529	0.0	3	243 125 83 78
120	1362	0.0	3	541 371 247 203
121	2082	0.0	3	699 614 437 332
122	1056	0.0	3	515 284 147 110
123	353	0.0	3	208 75 42 28
124	186	0.0	3	105 36 23 22
125	175	0.0	3	100 19 29 27
126	181	0.0	3	81 46 24 30
127	178	0.0	3	84 27 33 34
128	319	0.0	3	102 69 74 74
129	391	0.0	3	121 70 75 125
130	3285	0.0	3	1228 747 692 618
131	235508	0.0	3	160917 45773 18066 10752
132	525	0.0	3	377 91 31 26
133	194	0.0	3	140 32 14 8
134	214	0.0	3	181 25 4 4
135	122	0.0	3	99 16 3 4
136	100	0.0	3	84 13 2 1
137	127	0.0	3	114 11 2
138	212	0.0	3	196 14 1 1
139	116	0.0	3	111 4 1
140	167	0.0	3	157 8 2
141	304	0.0	3	273 26 3 2
142	182	0.0	3	165 14 2 1
143	235	0.0	3	220 14 0 1
144	286	0.0	3	252 27 5 2
145	295	0.0	3	268 18 6 3
146	361	0.0	3	323 29 6 3
147	390	0.0	3	361 23 5 1
148	390	0.0	3	345 30 9 6
149	220	0.0	3	167 38 10 5
150	8732	0.0	3	7257 886 318 271

RUN STATISTICS FOR INPUT FILE: /vortexfs1/omics/tepolt/raw_reads/C_maenas/Cm_yrv_2023/25-048_R2_001.fastq.gz
=============================================
28073566 sequences processed in total
Sequences removed because they became shorter than the length cutoff of 20 bp:	260406 (0.9%)

