
SUMMARISING RUN PARAMETERS
==========================
Input filename: /vortexfs1/omics/tepolt/raw_reads/C_maenas/Cm_yrv_2023/25-054_R2_001.fastq.gz
Trimming mode: single-end
Trim Galore version: 0.6.6
Cutadapt version: 3.5
Python version: could not detect
Number of cores used for trimming: 8
Quality Phred score cutoff: 20
Quality encoding type selected: ASCII+33
Adapter sequence: 'AGATCGGAAGAGCGTCGTGTAGGGAAAGAGTGT' (user defined)
Maximum trimming error rate: 0.1 (default)
Minimum required adapter overlap (stringency): 1 bp
Minimum required sequence length before a sequence gets removed: 20 bp
Running FastQC on the data once trimming has completed
Running FastQC with the following extra arguments: --outdir /vortexfs1/scratch/yaamini.venkataraman/wc-green-crab/output/06b-trimgalore     --threads 28
Output file will be GZIP compressed


This is cutadapt 3.5 with Python 3.9.5
Command line parameters: -j 8 -e 0.1 -q 20 -O 1 -a AGATCGGAAGAGCGTCGTGTAGGGAAAGAGTGT /vortexfs1/omics/tepolt/raw_reads/C_maenas/Cm_yrv_2023/25-054_R2_001.fastq.gz
Processing reads on 8 cores in single-end mode ...
Finished in 122.19 s (2 µs/read; 24.90 M reads/minute).

=== Summary ===

Total reads processed:              50,701,073
Reads with adapters:                25,505,519 (50.3%)
Reads written (passing filters):    50,701,073 (100.0%)

Total basepairs processed: 7,605,160,950 bp
Quality-trimmed:              22,541,854 bp (0.3%)
Total written (filtered):  7,245,516,441 bp (95.3%)

=== Adapter 1 ===

Sequence: AGATCGGAAGAGCGTCGTGTAGGGAAAGAGTGT; Type: regular 3'; Length: 33; Trimmed: 25505519 times

Minimum overlap: 1
No. of allowed errors:
1-9 bp: 0; 10-19 bp: 1; 20-29 bp: 2; 30-33 bp: 3

Bases preceding removed adapters:
  A: 23.2%
  C: 31.2%
  G: 28.6%
  T: 17.0%
  none/other: 0.0%

Overview of removed sequences
length	count	expect	max.err	error counts
1	10123083	12675268.2	0	10123083
2	2920080	3168817.1	0	2920080
3	1110982	792204.3	0	1110982
4	465596	198051.1	0	465596
5	332559	49512.8	0	332559
6	283354	12378.2	0	283354
7	277921	3094.5	0	277921
8	270446	773.6	0	270446
9	262335	193.4	0	261373 962
10	267040	48.4	1	262061 4979
11	261357	12.1	1	256186 5171
12	268224	3.0	1	262348 5876
13	256788	0.8	1	251733 5055
14	262143	0.2	1	255720 6423
15	273214	0.0	1	266249 6965
16	253465	0.0	1	246490 6975
17	255986	0.0	1	246987 8999
18	252553	0.0	1	242961 9445 147
19	249763	0.0	1	239676 9914 173
20	280985	0.0	2	268307 11091 1587
21	207410	0.0	2	196901 9497 1012
22	224321	0.0	2	209506 13510 1305
23	232898	0.0	2	215756 15463 1679
24	243865	0.0	2	224291 17390 2184
25	216414	0.0	2	200722 14131 1561
26	221881	0.0	2	203365 16423 2093
27	237501	0.0	2	215700 18290 3499 12
28	196575	0.0	2	179784 14212 2383 196
29	200949	0.0	2	182724 15933 2228 64
30	187133	0.0	3	169081 14567 2570 915
31	196987	0.0	3	175215 16970 3403 1399
32	185114	0.0	3	166424 15576 2352 762
33	197394	0.0	3	177171 16039 3012 1172
34	173774	0.0	3	155198 15282 2488 806
35	178008	0.0	3	161705 13405 2141 757
36	182380	0.0	3	160168 17316 3529 1367
37	183319	0.0	3	160396 18089 3523 1311
38	165961	0.0	3	150402 12858 2032 669
39	152706	0.0	3	136907 13107 2056 636
40	160174	0.0	3	141733 14902 2603 936
41	145114	0.0	3	128533 13156 2481 944
42	135361	0.0	3	123511 10118 1335 397
43	142033	0.0	3	126377 12616 2208 832
44	127542	0.0	3	114580 10943 1524 495
45	144809	0.0	3	126335 14636 2892 946
46	118215	0.0	3	105241 10518 1849 607
47	114912	0.0	3	102879 10074 1456 503
48	122013	0.0	3	108137 11304 1928 644
49	103872	0.0	3	93228 8707 1511 426
50	96523	0.0	3	86435 8319 1325 444
51	94188	0.0	3	83806 8334 1505 543
52	93954	0.0	3	83014 8779 1600 561
53	78568	0.0	3	71002 6329 920 317
54	80337	0.0	3	71377 7273 1255 432
55	81537	0.0	3	72783 7026 1278 450
56	69041	0.0	3	62632 5296 799 314
57	70846	0.0	3	63075 6198 1139 434
58	74880	0.0	3	66043 7192 1266 379
59	57287	0.0	3	50873 5188 919 307
60	54969	0.0	3	49462 4581 687 239
61	49208	0.0	3	44689 3734 585 200
62	47854	0.0	3	42719 4182 712 241
63	39080	0.0	3	35278 3189 449 164
64	45424	0.0	3	40389 4097 702 236
65	33098	0.0	3	30332 2323 347 96
66	34910	0.0	3	31301 2982 490 137
67	32849	0.0	3	29363 2887 423 176
68	28998	0.0	3	25931 2516 425 126
69	23878	0.0	3	21559 1954 268 97
70	29899	0.0	3	26425 2831 481 162
71	15077	0.0	3	13483 1319 198 77
72	18428	0.0	3	16381 1677 259 111
73	18399	0.0	3	16347 1686 263 103
74	17932	0.0	3	15941 1627 270 94
75	18121	0.0	3	16612 1246 200 63
76	4964	0.0	3	4305 537 76 46
77	11375	0.0	3	10379 799 136 61
78	11037	0.0	3	9951 871 151 64
79	10142	0.0	3	9058 877 145 62
80	9198	0.0	3	8165 806 161 66
81	8013	0.0	3	7071 736 140 66
82	7176	0.0	3	6315 679 137 45
83	6361	0.0	3	5570 602 127 62
84	5618	0.0	3	4932 528 104 54
85	5202	0.0	3	4561 502 96 43
86	4961	0.0	3	4325 470 107 59
87	4706	0.0	3	4111 467 87 41
88	4265	0.0	3	3760 381 85 39
89	3836	0.0	3	3449 290 58 39
90	3505	0.0	3	3079 302 82 42
91	3107	0.0	3	2750 265 61 31
92	2820	0.0	3	2458 270 53 39
93	2514	0.0	3	2198 224 69 23
94	2220	0.0	3	1938 189 63 30
95	1998	0.0	3	1738 175 55 30
96	1811	0.0	3	1593 155 41 22
97	1733	0.0	3	1507 147 60 19
98	1711	0.0	3	1484 164 39 24
99	1535	0.0	3	1316 144 43 32
100	1376	0.0	3	1167 142 38 29
101	1225	0.0	3	1052 118 34 21
102	1082	0.0	3	903 113 34 32
103	1004	0.0	3	828 124 36 16
104	862	0.0	3	730 95 16 21
105	845	0.0	3	715 78 31 21
106	774	0.0	3	649 89 21 15
107	775	0.0	3	646 83 28 18
108	758	0.0	3	609 92 33 24
109	715	0.0	3	590 82 30 13
110	630	0.0	3	528 63 27 12
111	545	0.0	3	460 50 23 12
112	503	0.0	3	417 46 26 14
113	410	0.0	3	338 49 15 8
114	415	0.0	3	338 41 26 10
115	382	0.0	3	273 70 22 17
116	339	0.0	3	252 44 32 11
117	295	0.0	3	231 43 13 8
118	287	0.0	3	216 44 19 8
119	309	0.0	3	225 47 21 16
120	382	0.0	3	259 66 37 20
121	498	0.0	3	279 112 69 38
122	305	0.0	3	205 56 28 16
123	195	0.0	3	149 26 11 9
124	127	0.0	3	95 23 4 5
125	119	0.0	3	88 12 11 8
126	105	0.0	3	78 10 9 8
127	125	0.0	3	82 21 13 9
128	123	0.0	3	69 21 17 16
129	122	0.0	3	75 22 11 14
130	622	0.0	3	336 127 90 69
131	24865	0.0	3	16969 5110 1810 976
132	128	0.0	3	92 22 10 4
133	124	0.0	3	107 7 7 3
134	190	0.0	3	172 13 5
135	121	0.0	3	101 14 6
136	90	0.0	3	82 6 1 1
137	104	0.0	3	89 11 3 1
138	209	0.0	3	188 16 4 1
139	111	0.0	3	100 8 0 3
140	135	0.0	3	118 15 2
141	314	0.0	3	292 15 5 2
142	151	0.0	3	134 14 1 2
143	299	0.0	3	274 18 6 1
144	301	0.0	3	273 21 6 1
145	262	0.0	3	247 8 6 1
146	353	0.0	3	321 26 5 1
147	339	0.0	3	316 14 6 3
148	378	0.0	3	344 29 4 1
149	226	0.0	3	163 41 11 11
150	8963	0.0	3	7148 1028 421 366

RUN STATISTICS FOR INPUT FILE: /vortexfs1/omics/tepolt/raw_reads/C_maenas/Cm_yrv_2023/25-054_R2_001.fastq.gz
=============================================
50701073 sequences processed in total
Sequences removed because they became shorter than the length cutoff of 20 bp:	47631 (0.1%)

