
SUMMARISING RUN PARAMETERS
==========================
Input filename: /vortexfs1/omics/tepolt/raw_reads/C_maenas/Cm_yrv_2023/25-049_R2_001.fastq.gz
Trimming mode: single-end
Trim Galore version: 0.6.6
Cutadapt version: 3.5
Python version: could not detect
Number of cores used for trimming: 8
Quality Phred score cutoff: 20
Quality encoding type selected: ASCII+33
Adapter sequence: 'AGATCGGAAGAGCGTCGTGTAGGGAAAGAGTGT' (user defined)
Maximum trimming error rate: 0.1 (default)
Minimum required adapter overlap (stringency): 1 bp
Minimum required sequence length before a sequence gets removed: 20 bp
Running FastQC on the data once trimming has completed
Running FastQC with the following extra arguments: --outdir /vortexfs1/scratch/yaamini.venkataraman/wc-green-crab/output/06b-trimgalore     --threads 28
Output file will be GZIP compressed


This is cutadapt 3.5 with Python 3.9.5
Command line parameters: -j 8 -e 0.1 -q 20 -O 1 -a AGATCGGAAGAGCGTCGTGTAGGGAAAGAGTGT /vortexfs1/omics/tepolt/raw_reads/C_maenas/Cm_yrv_2023/25-049_R2_001.fastq.gz
Processing reads on 8 cores in single-end mode ...
Finished in 90.65 s (2 µs/read; 25.56 M reads/minute).

=== Summary ===

Total reads processed:              38,621,453
Reads with adapters:                19,006,473 (49.2%)
Reads written (passing filters):    38,621,453 (100.0%)

Total basepairs processed: 5,793,217,950 bp
Quality-trimmed:              32,051,649 bp (0.6%)
Total written (filtered):  5,544,070,049 bp (95.7%)

=== Adapter 1 ===

Sequence: AGATCGGAAGAGCGTCGTGTAGGGAAAGAGTGT; Type: regular 3'; Length: 33; Trimmed: 19006473 times

Minimum overlap: 1
No. of allowed errors:
1-9 bp: 0; 10-19 bp: 1; 20-29 bp: 2; 30-33 bp: 3

Bases preceding removed adapters:
  A: 26.2%
  C: 28.7%
  G: 25.5%
  T: 19.7%
  none/other: 0.1%

Overview of removed sequences
length	count	expect	max.err	error counts
1	8498453	9655363.2	0	8498453
2	2117626	2413840.8	0	2117626
3	779789	603460.2	0	779789
4	348310	150865.1	0	348310
5	236700	37716.3	0	236700
6	208002	9429.1	0	208002
7	204146	2357.3	0	204146
8	196179	589.3	0	196179
9	186297	147.3	0	185608 689
10	186461	36.8	1	182661 3800
11	179691	9.2	1	175562 4129
12	186206	2.3	1	181580 4626
13	183483	0.6	1	179386 4097
14	191116	0.1	1	185753 5363
15	207523	0.0	1	201761 5762
16	182192	0.0	1	176735 5457
17	183105	0.0	1	175996 7109
18	179579	0.0	1	171924 7556 99
19	179210	0.0	1	171256 7815 139
20	201225	0.0	2	191066 8792 1367
21	143726	0.0	2	135980 6950 796
22	150151	0.0	2	139680 9435 1036
23	162253	0.0	2	149552 11224 1477
24	167873	0.0	2	152511 13383 1979
25	150082	0.0	2	138253 10527 1302
26	152723	0.0	2	139095 11921 1707
27	164888	0.0	2	148511 13709 2653 15
28	131111	0.0	2	118727 10299 1935 150
29	132368	0.0	2	119397 11179 1744 48
30	122867	0.0	3	109797 10374 1968 728
31	129733	0.0	3	114341 11797 2553 1042
32	122585	0.0	3	108728 11322 1876 659
33	133690	0.0	3	118565 11901 2436 788
34	111109	0.0	3	98411 10435 1679 584
35	116005	0.0	3	104168 9635 1603 599
36	119638	0.0	3	103872 12095 2614 1057
37	121572	0.0	3	105236 12754 2690 892
38	110085	0.0	3	98623 9337 1602 523
39	98497	0.0	3	87482 9083 1469 463
40	103386	0.0	3	90597 10223 1894 672
41	91278	0.0	3	79911 8976 1737 654
42	83067	0.0	3	74845 6919 971 332
43	85724	0.0	3	75357 8248 1561 558
44	77424	0.0	3	68696 7233 1128 367
45	86523	0.0	3	74402 9448 2005 668
46	72389	0.0	3	63832 6787 1303 467
47	67232	0.0	3	59622 6257 1010 343
48	75020	0.0	3	65794 7413 1334 479
49	61051	0.0	3	54099 5588 1064 300
50	55357	0.0	3	48901 5268 876 312
51	53721	0.0	3	47276 5151 943 351
52	53722	0.0	3	46969 5384 1018 351
53	44093	0.0	3	39336 3913 623 221
54	44664	0.0	3	39289 4357 751 267
55	46482	0.0	3	41012 4349 833 288
56	37743	0.0	3	33958 3096 513 176
57	39817	0.0	3	35025 3745 764 283
58	44506	0.0	3	38777 4598 871 260
59	31394	0.0	3	27535 3166 515 178
60	32276	0.0	3	28684 2971 480 141
61	28049	0.0	3	25148 2401 369 131
62	28979	0.0	3	25658 2672 471 178
63	22382	0.0	3	20008 1941 315 118
64	25588	0.0	3	22621 2402 418 147
65	17586	0.0	3	15952 1359 209 66
66	18571	0.0	3	16473 1707 291 100
67	17626	0.0	3	15590 1641 314 81
68	15699	0.0	3	13953 1453 210 83
69	12330	0.0	3	10985 1083 183 79
70	15404	0.0	3	13451 1561 293 99
71	7150	0.0	3	6343 648 113 46
72	8855	0.0	3	7811 851 136 57
73	8979	0.0	3	7849 928 152 50
74	9010	0.0	3	7936 907 133 34
75	8727	0.0	3	7918 677 102 30
76	2428	0.0	3	2074 295 38 21
77	5388	0.0	3	4830 444 92 22
78	5484	0.0	3	4906 474 68 36
79	4946	0.0	3	4363 482 78 23
80	4472	0.0	3	3965 402 76 29
81	3881	0.0	3	3354 412 81 34
82	3486	0.0	3	3009 360 78 39
83	3086	0.0	3	2666 310 77 33
84	2723	0.0	3	2366 271 59 27
85	2522	0.0	3	2195 255 53 19
86	2440	0.0	3	2117 243 47 33
87	2406	0.0	3	2082 236 68 20
88	2161	0.0	3	1865 226 44 26
89	1972	0.0	3	1737 172 43 20
90	1846	0.0	3	1622 161 48 15
91	1631	0.0	3	1420 158 28 25
92	1595	0.0	3	1366 154 47 28
93	1412	0.0	3	1242 109 41 20
94	1224	0.0	3	1064 122 27 11
95	1062	0.0	3	929 90 33 10
96	972	0.0	3	836 97 29 10
97	985	0.0	3	851 103 18 13
98	919	0.0	3	817 67 19 16
99	890	0.0	3	752 91 35 12
100	755	0.0	3	657 61 30 7
101	692	0.0	3	577 73 21 21
102	576	0.0	3	483 62 22 9
103	615	0.0	3	507 62 26 20
104	546	0.0	3	461 60 16 9
105	509	0.0	3	423 52 21 13
106	507	0.0	3	407 57 31 12
107	500	0.0	3	427 45 19 9
108	494	0.0	3	393 67 24 10
109	428	0.0	3	345 56 17 10
110	414	0.0	3	352 37 17 8
111	356	0.0	3	301 36 13 6
112	321	0.0	3	266 32 14 9
113	263	0.0	3	204 38 10 11
114	268	0.0	3	209 39 14 6
115	232	0.0	3	169 41 14 8
116	251	0.0	3	190 35 15 11
117	210	0.0	3	163 25 15 7
118	202	0.0	3	153 26 14 9
119	214	0.0	3	158 34 16 6
120	255	0.0	3	189 30 21 15
121	320	0.0	3	191 75 32 22
122	217	0.0	3	146 48 17 6
123	148	0.0	3	118 15 10 5
124	88	0.0	3	69 15 3 1
125	84	0.0	3	51 21 8 4
126	68	0.0	3	48 11 5 4
127	64	0.0	3	51 7 3 3
128	82	0.0	3	56 15 4 7
129	91	0.0	3	60 10 11 10
130	332	0.0	3	189 54 47 42
131	15483	0.0	3	10652 3219 1065 547
132	99	0.0	3	76 17 3 3
133	86	0.0	3	63 17 3 3
134	171	0.0	3	155 12 4
135	85	0.0	3	70 8 5 2
136	66	0.0	3	60 5 1
137	86	0.0	3	76 9 1
138	211	0.0	3	188 19 3 1
139	89	0.0	3	81 7 0 1
140	124	0.0	3	115 5 3 1
141	306	0.0	3	280 21 3 2
142	145	0.0	3	133 8 1 3
143	212	0.0	3	180 28 4
144	225	0.0	3	198 23 1 3
145	168	0.0	3	152 13 2 1
146	247	0.0	3	218 22 5 2
147	251	0.0	3	221 16 9 5
148	270	0.0	3	231 29 6 4
149	242	0.0	3	169 45 17 11
150	9821	0.0	3	7973 1070 402 376

RUN STATISTICS FOR INPUT FILE: /vortexfs1/omics/tepolt/raw_reads/C_maenas/Cm_yrv_2023/25-049_R2_001.fastq.gz
=============================================
38621453 sequences processed in total
Sequences removed because they became shorter than the length cutoff of 20 bp:	65945 (0.2%)

