
SUMMARISING RUN PARAMETERS
==========================
Input filename: /vortexfs1/omics/tepolt/raw_reads/C_maenas/Cm_yrv_2023/25-174_R2_001.fastq.gz
Trimming mode: single-end
Trim Galore version: 0.6.6
Cutadapt version: 3.5
Python version: could not detect
Number of cores used for trimming: 8
Quality Phred score cutoff: 20
Quality encoding type selected: ASCII+33
Adapter sequence: 'AGATCGGAAGAGCGTCGTGTAGGGAAAGAGTGT' (user defined)
Maximum trimming error rate: 0.1 (default)
Minimum required adapter overlap (stringency): 1 bp
Minimum required sequence length before a sequence gets removed: 20 bp
Running FastQC on the data once trimming has completed
Running FastQC with the following extra arguments: --outdir /vortexfs1/scratch/yaamini.venkataraman/wc-green-crab/output/06b-trimgalore     --threads 28
Output file will be GZIP compressed


This is cutadapt 3.5 with Python 3.9.5
Command line parameters: -j 8 -e 0.1 -q 20 -O 1 -a AGATCGGAAGAGCGTCGTGTAGGGAAAGAGTGT /vortexfs1/omics/tepolt/raw_reads/C_maenas/Cm_yrv_2023/25-174_R2_001.fastq.gz
Processing reads on 8 cores in single-end mode ...
Finished in 86.51 s (2 µs/read; 25.13 M reads/minute).

=== Summary ===

Total reads processed:              36,240,014
Reads with adapters:                18,291,456 (50.5%)
Reads written (passing filters):    36,240,014 (100.0%)

Total basepairs processed: 5,436,002,100 bp
Quality-trimmed:              17,280,775 bp (0.3%)
Total written (filtered):  5,164,299,902 bp (95.0%)

=== Adapter 1 ===

Sequence: AGATCGGAAGAGCGTCGTGTAGGGAAAGAGTGT; Type: regular 3'; Length: 33; Trimmed: 18291456 times

Minimum overlap: 1
No. of allowed errors:
1-9 bp: 0; 10-19 bp: 1; 20-29 bp: 2; 30-33 bp: 3

Bases preceding removed adapters:
  A: 24.0%
  C: 29.1%
  G: 27.2%
  T: 19.6%
  none/other: 0.1%

Overview of removed sequences
length	count	expect	max.err	error counts
1	7454068	9060003.5	0	7454068
2	2000549	2265000.9	0	2000549
3	746314	566250.2	0	746314
4	333315	141562.6	0	333315
5	241303	35390.6	0	241303
6	209089	8847.7	0	209089
7	207277	2211.9	0	207277
8	198024	553.0	0	198024
9	191255	138.2	0	190508 747
10	195050	34.6	1	190979 4071
11	189572	8.6	1	185565 4007
12	193314	2.2	1	188672 4642
13	185401	0.5	1	181398 4003
14	188908	0.1	1	183733 5175
15	204935	0.0	1	199149 5786
16	181963	0.0	1	176520 5443
17	187795	0.0	1	180176 7619
18	184657	0.0	1	176776 7777 104
19	200738	0.0	1	191080 9497 161
20	182861	0.0	2	174260 7554 1047
21	159331	0.0	2	150616 7879 836
22	163300	0.0	2	152460 9583 1257
23	167384	0.0	2	154362 10985 2037
24	177638	0.0	2	162261 13189 2188
25	155302	0.0	2	143431 10300 1571
26	158101	0.0	2	144158 11955 1988
27	169632	0.0	2	152839 13575 3201 17
28	139817	0.0	2	125867 11122 2614 214
29	135559	0.0	2	122010 11458 1984 107
30	136577	0.0	3	119865 12320 3049 1343
31	126812	0.0	3	113504 10235 2217 856
32	129377	0.0	3	113554 12177 2631 1015
33	135244	0.0	3	118081 12392 3130 1641
34	120236	0.0	3	105718 11479 2271 768
35	127577	0.0	3	112432 10749 2834 1562
36	130021	0.0	3	113095 11823 3242 1861
37	109495	0.0	3	95989 9834 2347 1325
38	111382	0.0	3	99140 8867 2192 1183
39	122609	0.0	3	105938 11478 3289 1904
40	93006	0.0	3	81369 8065 2112 1460
41	101067	0.0	3	87420 9389 2698 1560
42	85470	0.0	3	76975 6486 1376 633
43	90935	0.0	3	80094 7832 2008 1001
44	82951	0.0	3	73398 7069 1654 830
45	94103	0.0	3	80448 9254 2749 1652
46	77353	0.0	3	67336 6726 2149 1142
47	69830	0.0	3	61758 5725 1577 770
48	80288	0.0	3	69874 7002 2199 1213
49	64299	0.0	3	57099 5158 1410 632
50	59282	0.0	3	52249 5062 1306 665
51	56322	0.0	3	49277 4960 1356 729
52	57066	0.0	3	49699 5168 1455 744
53	47036	0.0	3	41963 3643 900 530
54	48379	0.0	3	41948 4404 1238 789
55	48134	0.0	3	42335 4168 1039 592
56	40876	0.0	3	36356 3154 873 493
57	43717	0.0	3	37538 4120 1249 810
58	47116	0.0	3	41171 4198 1141 606
59	30171	0.0	3	26483 2648 676 364
60	33026	0.0	3	28895 2879 809 443
61	28443	0.0	3	25404 2228 534 277
62	27211	0.0	3	24024 2310 578 299
63	22328	0.0	3	19806 1737 507 278
64	26221	0.0	3	22949 2358 588 326
65	18699	0.0	3	16823 1388 327 161
66	18690	0.0	3	16471 1598 390 231
67	19005	0.0	3	16736 1607 428 234
68	15525	0.0	3	13616 1354 354 201
69	13072	0.0	3	11630 1047 270 125
70	17085	0.0	3	14847 1587 427 224
71	7890	0.0	3	6955 664 183 88
72	9820	0.0	3	8568 888 227 137
73	10064	0.0	3	8805 866 256 137
74	9620	0.0	3	8466 840 202 112
75	9418	0.0	3	8524 614 175 105
76	2751	0.0	3	2349 270 93 39
77	6047	0.0	3	5449 418 106 74
78	5981	0.0	3	5236 507 146 92
79	5451	0.0	3	4776 442 130 103
80	5111	0.0	3	4359 469 157 126
81	4856	0.0	3	3927 503 212 214
82	4730	0.0	3	3591 467 290 382
83	4789	0.0	3	3227 618 433 511
84	3659	0.0	3	2930 365 174 190
85	3016	0.0	3	2505 302 107 102
86	2877	0.0	3	2409 269 105 94
87	2716	0.0	3	2281 255 107 73
88	2490	0.0	3	2116 225 78 71
89	2288	0.0	3	1986 162 83 57
90	2104	0.0	3	1783 188 72 61
91	1918	0.0	3	1647 164 61 46
92	1833	0.0	3	1545 176 62 50
93	1560	0.0	3	1301 158 58 43
94	1359	0.0	3	1133 141 47 38
95	1196	0.0	3	1031 103 34 28
96	1111	0.0	3	928 103 43 37
97	1044	0.0	3	855 117 36 36
98	1087	0.0	3	891 113 44 39
99	1152	0.0	3	905 136 59 52
100	979	0.0	3	795 104 45 35
101	925	0.0	3	729 106 48 42
102	1056	0.0	3	740 150 80 86
103	852	0.0	3	675 102 39 36
104	792	0.0	3	636 84 38 34
105	685	0.0	3	540 69 45 31
106	673	0.0	3	515 84 41 33
107	1811	0.0	3	1494 175 70 72
108	1069	0.0	3	627 185 137 120
109	664	0.0	3	516 76 37 35
110	647	0.0	3	429 89 71 58
111	609	0.0	3	406 92 55 56
112	632	0.0	3	387 98 64 83
113	589	0.0	3	374 98 58 59
114	1025	0.0	3	745 131 70 79
115	669	0.0	3	338 105 107 119
116	767	0.0	3	376 131 111 149
117	694	0.0	3	362 110 94 128
118	617	0.0	3	354 88 90 85
119	627	0.0	3	293 100 90 144
120	1165	0.0	3	404 229 233 299
121	2092	0.0	3	646 437 435 574
122	991	0.0	3	467 187 156 181
123	413	0.0	3	228 73 48 64
124	229	0.0	3	156 30 11 32
125	203	0.0	3	120 29 15 39
126	208	0.0	3	107 30 26 45
127	203	0.0	3	116 30 22 35
128	363	0.0	3	122 64 66 111
129	431	0.0	3	143 75 76 137
130	4437	0.0	3	2096 732 675 934
131	214107	0.0	3	135820 34089 23998 20200
132	1384	0.0	3	1026 193 96 69
133	382	0.0	3	290 56 17 19
134	357	0.0	3	305 28 11 13
135	284	0.0	3	234 31 9 10
136	144	0.0	3	125 7 8 4
137	146	0.0	3	123 12 4 7
138	311	0.0	3	276 19 11 5
139	156	0.0	3	137 16 2 1
140	152	0.0	3	137 10 3 2
141	359	0.0	3	315 30 9 5
142	166	0.0	3	147 14 5
143	246	0.0	3	213 17 9 7
144	226	0.0	3	196 17 9 4
145	203	0.0	3	179 13 6 5
146	309	0.0	3	280 16 6 7
147	269	0.0	3	227 24 10 8
148	287	0.0	3	241 28 11 7
149	437	0.0	3	237 115 46 39
150	17988	0.0	3	13703 1935 1253 1097

RUN STATISTICS FOR INPUT FILE: /vortexfs1/omics/tepolt/raw_reads/C_maenas/Cm_yrv_2023/25-174_R2_001.fastq.gz
=============================================
36240014 sequences processed in total
Sequences removed because they became shorter than the length cutoff of 20 bp:	252663 (0.7%)

