
SUMMARISING RUN PARAMETERS
==========================
Input filename: /vortexfs1/omics/tepolt/raw_reads/C_maenas/Cm_yrv_2023/25-169_R2_001.fastq.gz
Trimming mode: single-end
Trim Galore version: 0.6.6
Cutadapt version: 3.5
Python version: could not detect
Number of cores used for trimming: 8
Quality Phred score cutoff: 20
Quality encoding type selected: ASCII+33
Adapter sequence: 'AGATCGGAAGAGCGTCGTGTAGGGAAAGAGTGT' (user defined)
Maximum trimming error rate: 0.1 (default)
Minimum required adapter overlap (stringency): 1 bp
Minimum required sequence length before a sequence gets removed: 20 bp
Running FastQC on the data once trimming has completed
Running FastQC with the following extra arguments: --outdir /vortexfs1/scratch/yaamini.venkataraman/wc-green-crab/output/06b-trimgalore     --threads 28
Output file will be GZIP compressed


This is cutadapt 3.5 with Python 3.9.5
Command line parameters: -j 8 -e 0.1 -q 20 -O 1 -a AGATCGGAAGAGCGTCGTGTAGGGAAAGAGTGT /vortexfs1/omics/tepolt/raw_reads/C_maenas/Cm_yrv_2023/25-169_R2_001.fastq.gz
Processing reads on 8 cores in single-end mode ...
Finished in 129.22 s (2 µs/read; 26.80 M reads/minute).

=== Summary ===

Total reads processed:              57,727,336
Reads with adapters:                35,484,386 (61.5%)
Reads written (passing filters):    57,727,336 (100.0%)

Total basepairs processed: 8,659,100,400 bp
Quality-trimmed:              29,532,483 bp (0.3%)
Total written (filtered):  7,654,469,592 bp (88.4%)

=== Adapter 1 ===

Sequence: AGATCGGAAGAGCGTCGTGTAGGGAAAGAGTGT; Type: regular 3'; Length: 33; Trimmed: 35484386 times

Minimum overlap: 1
No. of allowed errors:
1-9 bp: 0; 10-19 bp: 1; 20-29 bp: 2; 30-33 bp: 3

Bases preceding removed adapters:
  A: 18.9%
  C: 34.5%
  G: 29.9%
  T: 16.4%
  none/other: 0.2%

Overview of removed sequences
length	count	expect	max.err	error counts
1	7971335	14431834.0	0	7971335
2	2384135	3607958.5	0	2384135
3	925106	901989.6	0	925106
4	444221	225497.4	0	444221
5	344914	56374.4	0	344914
6	316749	14093.6	0	316749
7	317939	3523.4	0	317939
8	310701	880.8	0	310701
9	311885	220.2	0	310959 926
10	324741	55.1	1	318697 6044
11	321341	13.8	1	315015 6326
12	331989	3.4	1	324703 7286
13	321346	0.9	1	314950 6396
14	331993	0.2	1	323247 8746
15	351634	0.1	1	342533 9101
16	336081	0.0	1	326453 9628
17	359968	0.0	1	346582 13386
18	352408	0.0	1	338577 13591 240
19	360891	0.0	1	345450 15162 279
20	414550	0.0	2	395009 17133 2408
21	306202	0.0	2	289907 14746 1549
22	337512	0.0	2	314629 20838 2045
23	347979	0.0	2	321152 24052 2775
24	387027	0.0	2	354039 29214 3774
25	354433	0.0	2	327621 23877 2935
26	371555	0.0	2	339110 28663 3782
27	411206	0.0	2	370619 33657 6909 21
28	346699	0.0	2	314920 26495 4928 356
29	362426	0.0	2	328881 28943 4479 123
30	349958	0.0	3	314719 28365 4970 1904
31	374367	0.0	3	331516 33026 7030 2795
32	356919	0.0	3	319057 31363 4775 1724
33	401710	0.0	3	357612 34634 6806 2658
34	343092	0.0	3	305702 30662 4934 1794
35	369012	0.0	3	333894 28760 4711 1647
36	392465	0.0	3	342719 38356 8287 3103
37	404612	0.0	3	350948 41752 8588 3324
38	383027	0.0	3	343769 31733 5427 2098
39	361873	0.0	3	322685 32527 5086 1575
40	390879	0.0	3	344441 37396 6666 2376
41	362214	0.0	3	318663 34033 6775 2743
42	352273	0.0	3	320069 27352 3709 1143
43	377177	0.0	3	333445 35294 6345 2093
44	345177	0.0	3	308805 30450 4455 1467
45	404992	0.0	3	350845 42771 8399 2977
46	336453	0.0	3	298613 30309 5657 1874
47	339715	0.0	3	303178 30409 4683 1445
48	381750	0.0	3	337157 36262 6281 2050
49	340275	0.0	3	303794 29704 5313 1464
50	321926	0.0	3	287386 28572 4429 1539
51	326631	0.0	3	289881 29836 5143 1771
52	333958	0.0	3	294076 32197 5743 1942
53	288986	0.0	3	260759 23519 3525 1183
54	310017	0.0	3	275281 28245 4789 1702
55	323170	0.0	3	287765 28476 5110 1819
56	288328	0.0	3	261151 22484 3450 1243
57	314902	0.0	3	278691 28912 5299 2000
58	344512	0.0	3	303054 33830 5889 1739
59	281591	0.0	3	249187 26708 4308 1388
60	275605	0.0	3	246529 24323 3588 1165
61	243349	0.0	3	220061 19460 2930 898
62	249629	0.0	3	222463 22463 3487 1216
63	222611	0.0	3	200947 18171 2514 979
64	271735	0.0	3	241702 24974 3778 1281
65	202805	0.0	3	185366 14797 1983 659
66	209453	0.0	3	187024 18894 2731 804
67	210146	0.0	3	187856 18507 2882 901
68	187077	0.0	3	167842 16086 2394 755
69	159458	0.0	3	144166 12928 1783 581
70	206938	0.0	3	183645 19221 3079 993
71	110517	0.0	3	98865 9734 1452 466
72	138037	0.0	3	123394 12196 1867 580
73	142897	0.0	3	126807 13464 1998 628
74	144446	0.0	3	128975 12994 1861 616
75	149571	0.0	3	137912 9673 1511 475
76	42826	0.0	3	37347 4636 610 233
77	96824	0.0	3	88512 6808 1133 371
78	96775	0.0	3	87538 7660 1144 433
79	90038	0.0	3	81075 7358 1145 460
80	83979	0.0	3	75361 7061 1115 442
81	77132	0.0	3	69072 6623 1028 409
82	69906	0.0	3	62395 6136 996 379
83	63620	0.0	3	56498 5758 1004 360
84	57281	0.0	3	50984 5090 842 365
85	54055	0.0	3	48197 4731 795 332
86	52217	0.0	3	46666 4487 769 295
87	50450	0.0	3	45205 4211 737 297
88	46388	0.0	3	41461 4031 642 254
89	43596	0.0	3	39537 3260 567 232
90	39995	0.0	3	36062 3154 558 221
91	36833	0.0	3	33216 2928 495 194
92	33587	0.0	3	30172 2756 444 215
93	29195	0.0	3	26242 2358 404 191
94	25429	0.0	3	22739 2163 387 140
95	22709	0.0	3	20370 1904 309 126
96	21638	0.0	3	19456 1735 311 136
97	20877	0.0	3	18746 1713 301 117
98	20197	0.0	3	18113 1653 273 158
99	18343	0.0	3	16444 1461 314 124
100	16644	0.0	3	14846 1384 271 143
101	14499	0.0	3	13022 1111 245 121
102	12708	0.0	3	11333 1051 217 107
103	11928	0.0	3	10651 983 214 80
104	10657	0.0	3	9505 872 174 106
105	9769	0.0	3	8700 830 163 76
106	9020	0.0	3	8016 738 176 90
107	9033	0.0	3	8067 733 150 83
108	8326	0.0	3	7477 649 135 65
109	7748	0.0	3	6956 632 102 58
110	7178	0.0	3	6369 618 123 68
111	6104	0.0	3	5482 448 113 61
112	5510	0.0	3	4897 469 92 52
113	4613	0.0	3	4063 420 83 47
114	4568	0.0	3	4079 377 78 34
115	3628	0.0	3	3209 310 73 36
116	3449	0.0	3	3082 279 59 29
117	2984	0.0	3	2676 229 46 33
118	3102	0.0	3	2762 264 50 26
119	2636	0.0	3	2341 216 50 29
120	2659	0.0	3	2339 230 65 25
121	2809	0.0	3	2428 268 64 49
122	2025	0.0	3	1773 168 51 33
123	1869	0.0	3	1630 192 31 16
124	1300	0.0	3	1147 114 23 16
125	869	0.0	3	767 65 21 16
126	798	0.0	3	697 64 26 11
127	809	0.0	3	715 74 14 6
128	848	0.0	3	737 76 18 17
129	1039	0.0	3	910 76 33 20
130	1304	0.0	3	1101 132 37 34
131	5876	0.0	3	4241 1108 366 161
132	1158	0.0	3	996 114 33 15
133	958	0.0	3	829 85 27 17
134	3107	0.0	3	2810 240 42 15
135	1252	0.0	3	1125 96 20 11
136	1094	0.0	3	980 91 15 8
137	1520	0.0	3	1364 114 30 12
138	3648	0.0	3	3391 205 36 16
139	2078	0.0	3	1893 159 19 7
140	1885	0.0	3	1712 141 19 13
141	3779	0.0	3	3450 259 48 22
142	2033	0.0	3	1857 144 22 10
143	3032	0.0	3	2770 220 25 17
144	3210	0.0	3	2945 200 44 21
145	2722	0.0	3	2498 179 29 16
146	3812	0.0	3	3478 276 36 22
147	3339	0.0	3	3044 240 32 23
148	3332	0.0	3	2986 273 45 28
149	2106	0.0	3	1572 303 124 107
150	84921	0.0	3	69953 8845 3121 3002

RUN STATISTICS FOR INPUT FILE: /vortexfs1/omics/tepolt/raw_reads/C_maenas/Cm_yrv_2023/25-169_R2_001.fastq.gz
=============================================
57727336 sequences processed in total
Sequences removed because they became shorter than the length cutoff of 20 bp:	154793 (0.3%)

