
SUMMARISING RUN PARAMETERS
==========================
Input filename: /vortexfs1/omics/tepolt/raw_reads/C_maenas/Cm_yrv_2023/25-175_R2_001.fastq.gz
Trimming mode: single-end
Trim Galore version: 0.6.6
Cutadapt version: 3.5
Python version: could not detect
Number of cores used for trimming: 8
Quality Phred score cutoff: 20
Quality encoding type selected: ASCII+33
Adapter sequence: 'AGATCGGAAGAGCGTCGTGTAGGGAAAGAGTGT' (user defined)
Maximum trimming error rate: 0.1 (default)
Minimum required adapter overlap (stringency): 1 bp
Minimum required sequence length before a sequence gets removed: 20 bp
Running FastQC on the data once trimming has completed
Running FastQC with the following extra arguments: --outdir /vortexfs1/scratch/yaamini.venkataraman/wc-green-crab/output/06b-trimgalore     --threads 28
Output file will be GZIP compressed


This is cutadapt 3.5 with Python 3.9.5
Command line parameters: -j 8 -e 0.1 -q 20 -O 1 -a AGATCGGAAGAGCGTCGTGTAGGGAAAGAGTGT /vortexfs1/omics/tepolt/raw_reads/C_maenas/Cm_yrv_2023/25-175_R2_001.fastq.gz
Processing reads on 8 cores in single-end mode ...
Finished in 85.37 s (2 µs/read; 26.50 M reads/minute).

=== Summary ===

Total reads processed:              37,714,009
Reads with adapters:                16,488,489 (43.7%)
Reads written (passing filters):    37,714,009 (100.0%)

Total basepairs processed: 5,657,101,350 bp
Quality-trimmed:              18,355,624 bp (0.3%)
Total written (filtered):  5,505,196,086 bp (97.3%)

=== Adapter 1 ===

Sequence: AGATCGGAAGAGCGTCGTGTAGGGAAAGAGTGT; Type: regular 3'; Length: 33; Trimmed: 16488489 times

Minimum overlap: 1
No. of allowed errors:
1-9 bp: 0; 10-19 bp: 1; 20-29 bp: 2; 30-33 bp: 3

Bases preceding removed adapters:
  A: 28.8%
  C: 26.8%
  G: 23.2%
  T: 21.1%
  none/other: 0.1%

Overview of removed sequences
length	count	expect	max.err	error counts
1	9061261	9428502.2	0	9061261
2	2276800	2357125.6	0	2276800
3	747285	589281.4	0	747285
4	263623	147320.3	0	263623
5	147349	36830.1	0	147349
6	118588	9207.5	0	118588
7	115443	2301.9	0	115443
8	107703	575.5	0	107703
9	105210	143.9	0	104549 661
10	106172	36.0	1	103783 2389
11	103757	9.0	1	101442 2315
12	106386	2.2	1	103787 2599
13	100087	0.6	1	98072 2015
14	104184	0.1	1	101357 2827
15	111583	0.0	1	108604 2979
16	97554	0.0	1	94765 2789
17	100853	0.0	1	96693 4160
18	97953	0.0	1	93884 4015 54
19	107712	0.0	1	102503 5147 62
20	97465	0.0	2	93117 3802 546
21	84669	0.0	2	80222 3973 474
22	86272	0.0	2	80690 4960 622
23	90699	0.0	2	83905 5845 949
24	94046	0.0	2	86128 6760 1158
25	84751	0.0	2	78481 5478 792
26	84467	0.0	2	77237 6199 1031
27	90407	0.0	2	81544 7135 1717 11
28	72725	0.0	2	65990 5507 1156 72
29	76003	0.0	2	68502 6316 1148 37
30	73542	0.0	3	65295 6326 1386 535
31	68924	0.0	3	62256 5329 979 360
32	70298	0.0	3	62220 6315 1288 475
33	78118	0.0	3	68946 6968 1617 587
34	62434	0.0	3	55311 5650 1110 363
35	66151	0.0	3	58715 5556 1278 602
36	111327	0.0	3	95756 11934 2786 851
37	37233	0.0	3	31680 4309 899 345
38	82369	0.0	3	73798 7008 1206 357
39	40520	0.0	3	35961 3798 570 191
40	62895	0.0	3	56950 4972 743 230
41	37689	0.0	3	33844 3220 479 146
42	46941	0.0	3	42451 3643 635 212
43	52170	0.0	3	46801 4405 743 221
44	41375	0.0	3	37093 3513 566 203
45	64707	0.0	3	57060 6137 1129 381
46	35398	0.0	3	31226 3338 604 230
47	33175	0.0	3	29736 2802 452 185
48	48618	0.0	3	43326 4283 776 233
49	30705	0.0	3	27681 2472 400 152
50	31564	0.0	3	28262 2664 466 172
51	32025	0.0	3	28488 2808 539 190
52	36021	0.0	3	31958 3239 636 188
53	21244	0.0	3	19270 1571 283 120
54	29058	0.0	3	25695 2630 544 189
55	26778	0.0	3	24178 2085 380 135
56	22160	0.0	3	20060 1659 307 134
57	27977	0.0	3	24733 2558 504 182
58	31284	0.0	3	28237 2500 437 110
59	16034	0.0	3	14195 1479 273 87
60	18024	0.0	3	16267 1441 221 95
61	13470	0.0	3	12159 1072 176 63
62	18548	0.0	3	16830 1396 237 85
63	9876	0.0	3	8859 802 148 67
64	17082	0.0	3	15570 1218 232 62
65	8240	0.0	3	7417 679 94 50
66	10508	0.0	3	9400 914 137 57
67	11395	0.0	3	10286 903 157 49
68	7728	0.0	3	6963 590 119 56
69	5497	0.0	3	4901 476 88 32
70	11015	0.0	3	9934 853 164 64
71	2216	0.0	3	1788 319 75 34
72	5552	0.0	3	4936 491 88 37
73	6053	0.0	3	5321 581 106 45
74	6129	0.0	3	5415 566 103 45
75	5938	0.0	3	5423 396 85 34
76	1729	0.0	3	1478 196 42 13
77	3228	0.0	3	2907 252 47 22
78	3562	0.0	3	3200 277 60 25
79	3242	0.0	3	2884 258 73 27
80	3148	0.0	3	2775 286 60 27
81	2705	0.0	3	2385 239 53 28
82	2404	0.0	3	2102 221 50 31
83	2231	0.0	3	1954 201 56 20
84	2015	0.0	3	1760 187 44 24
85	1828	0.0	3	1578 187 42 21
86	1786	0.0	3	1557 164 45 20
87	1664	0.0	3	1442 164 41 17
88	1496	0.0	3	1290 158 30 18
89	1361	0.0	3	1213 104 28 16
90	1241	0.0	3	1072 117 36 16
91	1126	0.0	3	995 93 23 15
92	1119	0.0	3	953 108 39 19
93	904	0.0	3	758 94 34 18
94	787	0.0	3	669 76 26 16
95	673	0.0	3	565 73 23 12
96	703	0.0	3	596 74 22 11
97	668	0.0	3	570 71 18 9
98	612	0.0	3	543 42 17 10
99	595	0.0	3	484 68 19 24
100	573	0.0	3	472 63 22 16
101	490	0.0	3	408 54 20 8
102	424	0.0	3	342 54 15 13
103	429	0.0	3	344 46 24 15
104	360	0.0	3	300 28 21 11
105	333	0.0	3	277 27 16 13
106	295	0.0	3	234 34 15 12
107	409	0.0	3	323 50 18 18
108	320	0.0	3	246 51 16 7
109	289	0.0	3	222 33 20 14
110	273	0.0	3	219 26 14 14
111	243	0.0	3	190 26 16 11
112	224	0.0	3	179 20 12 13
113	178	0.0	3	131 26 12 9
114	181	0.0	3	142 20 9 10
115	175	0.0	3	119 30 15 11
116	145	0.0	3	106 23 9 7
117	172	0.0	3	129 22 8 13
118	143	0.0	3	112 15 9 7
119	160	0.0	3	105 32 13 10
120	129	0.0	3	89 23 10 7
121	130	0.0	3	86 24 15 5
122	108	0.0	3	83 16 5 4
123	103	0.0	3	82 13 7 1
124	66	0.0	3	45 11 7 3
125	71	0.0	3	46 10 8 7
126	69	0.0	3	49 12 7 1
127	81	0.0	3	65 12 2 2
128	76	0.0	3	49 10 12 5
129	94	0.0	3	73 10 6 5
130	195	0.0	3	140 29 18 8
131	2055	0.0	3	1226 488 220 121
132	81	0.0	3	65 12 2 2
133	73	0.0	3	62 7 2 2
134	173	0.0	3	151 16 4 2
135	78	0.0	3	67 8 3
136	59	0.0	3	54 5
137	108	0.0	3	99 3 6
138	327	0.0	3	311 13 2 1
139	94	0.0	3	81 9 3 1
140	120	0.0	3	109 7 2 2
141	226	0.0	3	210 14 2
142	159	0.0	3	143 12 1 3
143	179	0.0	3	168 9 1 1
144	254	0.0	3	233 14 4 3
145	226	0.0	3	204 17 3 2
146	362	0.0	3	326 24 9 3
147	326	0.0	3	296 19 7 4
148	293	0.0	3	248 34 5 6
149	349	0.0	3	200 82 42 25
150	18170	0.0	3	11777 3222 2139 1032

RUN STATISTICS FOR INPUT FILE: /vortexfs1/omics/tepolt/raw_reads/C_maenas/Cm_yrv_2023/25-175_R2_001.fastq.gz
=============================================
37714009 sequences processed in total
Sequences removed because they became shorter than the length cutoff of 20 bp:	31829 (0.1%)

