
SUMMARISING RUN PARAMETERS
==========================
Input filename: /vortexfs1/omics/tepolt/raw_reads/C_maenas/Cm_yrv_2023/25-185_R2_001.fastq.gz
Trimming mode: single-end
Trim Galore version: 0.6.6
Cutadapt version: 3.5
Python version: could not detect
Number of cores used for trimming: 8
Quality Phred score cutoff: 20
Quality encoding type selected: ASCII+33
Adapter sequence: 'AGATCGGAAGAGCGTCGTGTAGGGAAAGAGTGT' (user defined)
Maximum trimming error rate: 0.1 (default)
Minimum required adapter overlap (stringency): 1 bp
Minimum required sequence length before a sequence gets removed: 20 bp
Running FastQC on the data once trimming has completed
Running FastQC with the following extra arguments: --outdir /vortexfs1/scratch/yaamini.venkataraman/wc-green-crab/output/06b-trimgalore     --threads 28
Output file will be GZIP compressed


This is cutadapt 3.5 with Python 3.9.5
Command line parameters: -j 8 -e 0.1 -q 20 -O 1 -a AGATCGGAAGAGCGTCGTGTAGGGAAAGAGTGT /vortexfs1/omics/tepolt/raw_reads/C_maenas/Cm_yrv_2023/25-185_R2_001.fastq.gz
Processing reads on 8 cores in single-end mode ...
Finished in 65.13 s (2 µs/read; 24.87 M reads/minute).

=== Summary ===

Total reads processed:              27,001,371
Reads with adapters:                12,460,418 (46.1%)
Reads written (passing filters):    27,001,371 (100.0%)

Total basepairs processed: 4,050,205,650 bp
Quality-trimmed:              13,027,847 bp (0.3%)
Total written (filtered):  3,911,272,225 bp (96.6%)

=== Adapter 1 ===

Sequence: AGATCGGAAGAGCGTCGTGTAGGGAAAGAGTGT; Type: regular 3'; Length: 33; Trimmed: 12460418 times

Minimum overlap: 1
No. of allowed errors:
1-9 bp: 0; 10-19 bp: 1; 20-29 bp: 2; 30-33 bp: 3

Bases preceding removed adapters:
  A: 25.6%
  C: 29.5%
  G: 25.6%
  T: 19.2%
  none/other: 0.1%

Overview of removed sequences
length	count	expect	max.err	error counts
1	5894518	6750342.8	0	5894518
2	1601970	1687585.7	0	1601970
3	569719	421896.4	0	569719
4	233234	105474.1	0	233234
5	153336	26368.5	0	153336
6	127580	6592.1	0	127580
7	125476	1648.0	0	125476
8	118194	412.0	0	118194
9	114891	103.0	0	114389 502
10	115990	25.8	1	113509 2481
11	112928	6.4	1	110315 2613
12	114650	1.6	1	111778 2872
13	110653	0.4	1	108266 2387
14	111982	0.1	1	108844 3138
15	119379	0.0	1	115841 3538
16	105285	0.0	1	102045 3240
17	108343	0.0	1	103897 4446
18	104703	0.0	1	100240 4393 70
19	111024	0.0	1	105450 5496 78
20	103774	0.0	2	98737 4359 678
21	88868	0.0	2	83965 4389 514
22	90101	0.0	2	83993 5512 596
23	94005	0.0	2	86883 6189 933
24	98674	0.0	2	90217 7263 1194
25	86025	0.0	2	79571 5696 758
26	88559	0.0	2	80633 6873 1053
27	91873	0.0	2	83025 7333 1509 6
28	77034	0.0	2	69910 5836 1193 95
29	74070	0.0	2	66792 6237 1004 37
30	73265	0.0	3	64928 6304 1459 574
31	70008	0.0	3	62597 5767 1237 407
32	69950	0.0	3	61645 6620 1216 469
33	68586	0.0	3	61506 5640 1015 425
34	73578	0.0	3	62673 7970 2095 840
35	72806	0.0	3	64825 6327 1240 414
36	55515	0.0	3	49061 5148 955 351
37	57028	0.0	3	50513 5318 925 272
38	58973	0.0	3	52479 5202 985 307
39	53967	0.0	3	47515 5182 955 315
40	52499	0.0	3	46267 5031 904 297
41	51310	0.0	3	44928 5000 1008 374
42	41832	0.0	3	37693 3428 521 190
43	44928	0.0	3	39695 4246 731 256
44	41758	0.0	3	36974 3870 678 236
45	45943	0.0	3	39516 5004 1078 345
46	37208	0.0	3	32688 3592 690 238
47	34689	0.0	3	30653 3260 587 189
48	36463	0.0	3	31927 3608 707 221
49	30661	0.0	3	27268 2802 434 157
50	28021	0.0	3	24760 2615 470 176
51	26219	0.0	3	22967 2559 499 194
52	26397	0.0	3	23006 2672 541 178
53	21759	0.0	3	19350 1950 355 104
54	21987	0.0	3	19252 2190 385 160
55	21557	0.0	3	19032 1997 391 137
56	18485	0.0	3	16541 1557 282 105
57	19608	0.0	3	17049 2000 390 169
58	20422	0.0	3	17811 2107 397 107
59	13502	0.0	3	11893 1270 246 93
60	14616	0.0	3	12875 1416 224 101
61	12536	0.0	3	11171 1100 198 67
62	11801	0.0	3	10482 1049 190 80
63	9747	0.0	3	8697 861 139 50
64	11185	0.0	3	9755 1139 199 92
65	8309	0.0	3	7519 624 124 42
66	8385	0.0	3	7397 790 138 60
67	8270	0.0	3	7236 816 158 60
68	6961	0.0	3	6183 612 121 45
69	5742	0.0	3	5113 506 88 35
70	7450	0.0	3	6529 707 159 55
71	3461	0.0	3	3034 337 58 32
72	4545	0.0	3	3986 446 78 35
73	4683	0.0	3	4086 479 93 25
74	4531	0.0	3	3979 450 71 31
75	4510	0.0	3	4084 359 49 18
76	1267	0.0	3	1093 138 20 16
77	2904	0.0	3	2581 252 48 23
78	2927	0.0	3	2605 253 47 22
79	2712	0.0	3	2387 254 46 25
80	2604	0.0	3	2288 249 48 19
81	2225	0.0	3	1941 214 44 26
82	2120	0.0	3	1839 205 48 28
83	1902	0.0	3	1616 209 45 32
84	1640	0.0	3	1413 169 39 19
85	1637	0.0	3	1417 153 46 21
86	1576	0.0	3	1343 158 49 26
87	1480	0.0	3	1295 137 28 20
88	1425	0.0	3	1224 162 26 13
89	1359	0.0	3	1191 131 25 12
90	1309	0.0	3	1135 129 36 9
91	1168	0.0	3	1013 113 29 13
92	1054	0.0	3	907 92 38 17
93	920	0.0	3	788 89 26 17
94	855	0.0	3	745 79 21 10
95	851	0.0	3	740 75 22 14
96	766	0.0	3	659 70 24 13
97	740	0.0	3	639 62 27 12
98	729	0.0	3	651 51 19 8
99	703	0.0	3	606 72 15 10
100	663	0.0	3	576 62 16 9
101	563	0.0	3	480 50 23 10
102	527	0.0	3	429 53 25 20
103	534	0.0	3	449 49 25 11
104	446	0.0	3	369 52 15 10
105	379	0.0	3	324 40 9 6
106	353	0.0	3	289 31 18 15
107	391	0.0	3	312 34 25 20
108	403	0.0	3	293 57 37 16
109	364	0.0	3	306 32 13 13
110	378	0.0	3	301 45 20 12
111	284	0.0	3	231 27 13 13
112	287	0.0	3	224 40 14 9
113	255	0.0	3	190 34 17 14
114	253	0.0	3	195 32 14 12
115	246	0.0	3	166 36 26 18
116	253	0.0	3	158 54 24 17
117	216	0.0	3	147 43 19 7
118	224	0.0	3	151 41 18 14
119	204	0.0	3	135 32 25 12
120	375	0.0	3	168 101 65 41
121	483	0.0	3	209 122 96 56
122	279	0.0	3	142 75 43 19
123	169	0.0	3	117 27 12 13
124	85	0.0	3	60 14 5 6
125	107	0.0	3	72 18 10 7
126	71	0.0	3	47 11 7 6
127	77	0.0	3	43 15 7 12
128	125	0.0	3	62 23 27 13
129	132	0.0	3	60 27 25 20
130	795	0.0	3	309 191 158 137
131	40164	0.0	3	25444 9031 3722 1967
132	173	0.0	3	125 27 13 8
133	92	0.0	3	68 9 12 3
134	204	0.0	3	179 21 1 3
135	98	0.0	3	87 9 2
136	76	0.0	3	62 8 3 3
137	95	0.0	3	77 13 5
138	181	0.0	3	167 13 1
139	103	0.0	3	98 5
140	113	0.0	3	105 8
141	250	0.0	3	229 17 2 2
142	117	0.0	3	108 8 0 1
143	200	0.0	3	182 15 3
144	213	0.0	3	202 8 3
145	180	0.0	3	165 13 2
146	275	0.0	3	248 22 3 2
147	249	0.0	3	232 14 3
148	305	0.0	3	283 13 6 3
149	219	0.0	3	150 41 19 9
150	7823	0.0	3	6595 730 251 247

RUN STATISTICS FOR INPUT FILE: /vortexfs1/omics/tepolt/raw_reads/C_maenas/Cm_yrv_2023/25-185_R2_001.fastq.gz
=============================================
27001371 sequences processed in total
Sequences removed because they became shorter than the length cutoff of 20 bp:	59076 (0.2%)

