
SUMMARISING RUN PARAMETERS
==========================
Input filename: /vortexfs1/omics/tepolt/raw_reads/C_maenas/Cm_yrv_2023/25-177_R2_001.fastq.gz
Trimming mode: single-end
Trim Galore version: 0.6.6
Cutadapt version: 3.5
Python version: could not detect
Number of cores used for trimming: 8
Quality Phred score cutoff: 20
Quality encoding type selected: ASCII+33
Adapter sequence: 'AGATCGGAAGAGCGTCGTGTAGGGAAAGAGTGT' (user defined)
Maximum trimming error rate: 0.1 (default)
Minimum required adapter overlap (stringency): 1 bp
Minimum required sequence length before a sequence gets removed: 20 bp
Running FastQC on the data once trimming has completed
Running FastQC with the following extra arguments: --outdir /vortexfs1/scratch/yaamini.venkataraman/wc-green-crab/output/06b-trimgalore     --threads 28
Output file will be GZIP compressed


This is cutadapt 3.5 with Python 3.9.5
Command line parameters: -j 8 -e 0.1 -q 20 -O 1 -a AGATCGGAAGAGCGTCGTGTAGGGAAAGAGTGT /vortexfs1/omics/tepolt/raw_reads/C_maenas/Cm_yrv_2023/25-177_R2_001.fastq.gz
Processing reads on 8 cores in single-end mode ...
Finished in 95.57 s (2 µs/read; 27.49 M reads/minute).

=== Summary ===

Total reads processed:              43,793,074
Reads with adapters:                19,319,644 (44.1%)
Reads written (passing filters):    43,793,074 (100.0%)

Total basepairs processed: 6,568,961,100 bp
Quality-trimmed:              18,204,231 bp (0.3%)
Total written (filtered):  6,404,623,928 bp (97.5%)

=== Adapter 1 ===

Sequence: AGATCGGAAGAGCGTCGTGTAGGGAAAGAGTGT; Type: regular 3'; Length: 33; Trimmed: 19319644 times

Minimum overlap: 1
No. of allowed errors:
1-9 bp: 0; 10-19 bp: 1; 20-29 bp: 2; 30-33 bp: 3

Bases preceding removed adapters:
  A: 29.4%
  C: 25.6%
  G: 23.3%
  T: 21.7%
  none/other: 0.1%

Overview of removed sequences
length	count	expect	max.err	error counts
1	10729289	10948268.5	0	10729289
2	2625675	2737067.1	0	2625675
3	907884	684266.8	0	907884
4	341386	171066.7	0	341386
5	199553	42766.7	0	199553
6	163186	10691.7	0	163186
7	157111	2672.9	0	157111
8	146945	668.2	0	146945
9	139097	167.1	0	138357 740
10	137753	41.8	1	134949 2804
11	133477	10.4	1	130599 2878
12	135215	2.6	1	132180 3035
13	130541	0.7	1	127899 2642
14	131351	0.2	1	128156 3195
15	140669	0.0	1	137114 3555
16	124091	0.0	1	120709 3382
17	124711	0.0	1	120275 4436
18	121957	0.0	1	117327 4565 65
19	120904	0.0	1	116072 4762 70
20	136977	0.0	2	130848 5315 814
21	93214	0.0	2	88349 4375 490
22	98650	0.0	2	91672 6357 621
23	104292	0.0	2	96342 7163 787
24	108369	0.0	2	99100 8184 1085
25	95417	0.0	2	88210 6468 739
26	95235	0.0	2	87056 7146 1033
27	99311	0.0	2	89863 8008 1438 2
28	81147	0.0	2	73981 6115 983 68
29	80663	0.0	2	73163 6494 987 19
30	74233	0.0	3	66708 6081 1055 389
31	77506	0.0	3	68539 6822 1543 602
32	71008	0.0	3	63501 6232 923 352
33	76572	0.0	3	68204 6610 1266 492
34	63885	0.0	3	56825 5836 929 295
35	66513	0.0	3	60147 5225 839 302
36	67973	0.0	3	59517 6572 1366 518
37	68052	0.0	3	59318 6787 1416 531
38	60463	0.0	3	54631 4833 749 250
39	55392	0.0	3	49378 4925 793 296
40	57576	0.0	3	50683 5591 956 346
41	50391	0.0	3	44347 4813 911 320
42	45015	0.0	3	40750 3618 497 150
43	47117	0.0	3	41417 4483 915 302
44	42160	0.0	3	37697 3757 511 195
45	47725	0.0	3	41235 5106 1010 374
46	37174	0.0	3	32955 3353 638 228
47	36556	0.0	3	32542 3306 546 162
48	38853	0.0	3	34362 3636 626 229
49	32491	0.0	3	29056 2743 522 170
50	29883	0.0	3	26612 2634 475 162
51	28059	0.0	3	24795 2580 481 203
52	28586	0.0	3	25095 2758 542 191
53	23058	0.0	3	20698 1948 306 106
54	23342	0.0	3	20583 2208 391 160
55	23460	0.0	3	20757 2106 426 171
56	20174	0.0	3	18181 1609 269 115
57	20891	0.0	3	18449 1909 375 158
58	21178	0.0	3	18506 2101 410 161
59	16727	0.0	3	14730 1599 295 103
60	15690	0.0	3	13964 1417 224 85
61	14355	0.0	3	12842 1213 228 72
62	15234	0.0	3	13430 1451 253 100
63	11505	0.0	3	10331 969 154 51
64	13484	0.0	3	11939 1219 242 84
65	9784	0.0	3	8857 748 130 49
66	10016	0.0	3	8795 997 170 54
67	9762	0.0	3	8618 932 152 60
68	8390	0.0	3	7456 732 148 54
69	7021	0.0	3	6240 628 107 46
70	8315	0.0	3	7269 829 154 63
71	4616	0.0	3	4072 421 94 29
72	5329	0.0	3	4632 552 107 38
73	5581	0.0	3	4882 570 82 47
74	5082	0.0	3	4495 474 83 30
75	5495	0.0	3	5010 390 63 32
76	1689	0.0	3	1451 188 29 21
77	3564	0.0	3	3209 277 55 23
78	3414	0.0	3	3031 292 63 28
79	3215	0.0	3	2812 296 67 40
80	3049	0.0	3	2596 311 92 50
81	2908	0.0	3	2346 347 119 96
82	3015	0.0	3	2275 387 178 175
83	2680	0.0	3	1984 411 167 118
84	2276	0.0	3	1863 272 90 51
85	1907	0.0	3	1564 243 68 32
86	1822	0.0	3	1542 198 51 31
87	1869	0.0	3	1575 204 60 30
88	1635	0.0	3	1375 178 49 33
89	1583	0.0	3	1376 136 46 25
90	1528	0.0	3	1302 158 42 26
91	1396	0.0	3	1189 145 31 31
92	1289	0.0	3	1099 122 41 27
93	1218	0.0	3	1000 149 38 31
94	1160	0.0	3	972 124 38 26
95	1002	0.0	3	801 120 51 30
96	869	0.0	3	714 102 34 19
97	883	0.0	3	715 115 36 17
98	1002	0.0	3	773 139 53 37
99	2367	0.0	3	1409 574 264 120
100	1272	0.0	3	987 189 65 31
101	816	0.0	3	622 122 44 28
102	842	0.0	3	604 155 63 20
103	699	0.0	3	549 76 42 32
104	649	0.0	3	504 90 33 22
105	580	0.0	3	433 90 37 20
106	587	0.0	3	438 83 39 27
107	1428	0.0	3	1195 160 46 27
108	695	0.0	3	488 129 45 33
109	570	0.0	3	443 74 34 19
110	489	0.0	3	362 64 35 28
111	469	0.0	3	343 68 37 21
112	512	0.0	3	360 86 46 20
113	503	0.0	3	348 98 33 24
114	475	0.0	3	352 79 30 14
115	452	0.0	3	313 76 41 22
116	475	0.0	3	319 86 40 30
117	443	0.0	3	265 88 50 40
118	491	0.0	3	374 69 32 16
119	422	0.0	3	274 75 38 35
120	607	0.0	3	353 136 72 46
121	1027	0.0	3	469 275 181 102
122	420	0.0	3	238 108 56 18
123	227	0.0	3	150 38 29 10
124	171	0.0	3	137 17 11 6
125	162	0.0	3	126 18 12 6
126	138	0.0	3	106 16 10 6
127	185	0.0	3	133 29 17 6
128	202	0.0	3	133 28 27 14
129	234	0.0	3	170 27 14 23
130	3207	0.0	3	2646 309 132 120
131	28545	0.0	3	18992 6161 2212 1180
132	347	0.0	3	275 55 12 5
133	180	0.0	3	135 30 7 8
134	305	0.0	3	261 33 6 5
135	224	0.0	3	180 32 9 3
136	142	0.0	3	122 14 1 5
137	153	0.0	3	140 8 3 2
138	260	0.0	3	244 13 2 1
139	189	0.0	3	165 12 8 4
140	170	0.0	3	155 12 3
141	351	0.0	3	315 31 4 1
142	183	0.0	3	172 10 1
143	263	0.0	3	231 28 3 1
144	274	0.0	3	246 19 6 3
145	266	0.0	3	238 19 8 1
146	332	0.0	3	300 25 3 4
147	369	0.0	3	325 36 5 3
148	379	0.0	3	314 49 13 3
149	616	0.0	3	349 221 33 13
150	13565	0.0	3	11181 1578 496 310

RUN STATISTICS FOR INPUT FILE: /vortexfs1/omics/tepolt/raw_reads/C_maenas/Cm_yrv_2023/25-177_R2_001.fastq.gz
=============================================
43793074 sequences processed in total
Sequences removed because they became shorter than the length cutoff of 20 bp:	56251 (0.1%)

