
SUMMARISING RUN PARAMETERS
==========================
Input filename: /vortexfs1/omics/tepolt/raw_reads/C_maenas/Cm_yrv_2023/25-194_R2_001.fastq.gz
Trimming mode: single-end
Trim Galore version: 0.6.6
Cutadapt version: 3.5
Python version: could not detect
Number of cores used for trimming: 8
Quality Phred score cutoff: 20
Quality encoding type selected: ASCII+33
Adapter sequence: 'AGATCGGAAGAGCGTCGTGTAGGGAAAGAGTGT' (user defined)
Maximum trimming error rate: 0.1 (default)
Minimum required adapter overlap (stringency): 1 bp
Minimum required sequence length before a sequence gets removed: 20 bp
Running FastQC on the data once trimming has completed
Running FastQC with the following extra arguments: --outdir /vortexfs1/scratch/yaamini.venkataraman/wc-green-crab/output/06b-trimgalore     --threads 28
Output file will be GZIP compressed


This is cutadapt 3.5 with Python 3.9.5
Command line parameters: -j 8 -e 0.1 -q 20 -O 1 -a AGATCGGAAGAGCGTCGTGTAGGGAAAGAGTGT /vortexfs1/omics/tepolt/raw_reads/C_maenas/Cm_yrv_2023/25-194_R2_001.fastq.gz
Processing reads on 8 cores in single-end mode ...
Finished in 71.31 s (2 µs/read; 25.89 M reads/minute).

=== Summary ===

Total reads processed:              30,767,787
Reads with adapters:                15,257,683 (49.6%)
Reads written (passing filters):    30,767,787 (100.0%)

Total basepairs processed: 4,615,168,050 bp
Quality-trimmed:              25,484,099 bp (0.6%)
Total written (filtered):  4,402,953,006 bp (95.4%)

=== Adapter 1 ===

Sequence: AGATCGGAAGAGCGTCGTGTAGGGAAAGAGTGT; Type: regular 3'; Length: 33; Trimmed: 15257683 times

Minimum overlap: 1
No. of allowed errors:
1-9 bp: 0; 10-19 bp: 1; 20-29 bp: 2; 30-33 bp: 3

Bases preceding removed adapters:
  A: 25.1%
  C: 29.7%
  G: 26.4%
  T: 18.7%
  none/other: 0.1%

Overview of removed sequences
length	count	expect	max.err	error counts
1	6568957	7691946.8	0	6568957
2	1688773	1922986.7	0	1688773
3	628281	480746.7	0	628281
4	276612	120186.7	0	276612
5	189067	30046.7	0	189067
6	165121	7511.7	0	165121
7	161549	1877.9	0	161549
8	156830	469.5	0	156830
9	149227	117.4	0	148628 599
10	148566	29.3	1	145606 2960
11	143828	7.3	1	140569 3259
12	148335	1.8	1	144625 3710
13	148594	0.5	1	145260 3334
14	153375	0.1	1	148990 4385
15	167259	0.0	1	162476 4783
16	146190	0.0	1	141630 4560
17	147554	0.0	1	141447 6107
18	145284	0.0	1	139018 6185 81
19	154125	0.0	1	146452 7563 110
20	144218	0.0	2	137308 6022 888
21	122745	0.0	2	115823 6241 681
22	121813	0.0	2	113772 7149 892
23	131774	0.0	2	121920 8456 1398
24	138201	0.0	2	126391 10167 1643
25	121724	0.0	2	112459 8192 1073
26	126348	0.0	2	115046 9759 1543
27	136872	0.0	2	123547 11004 2312 9
28	110411	0.0	2	100072 8467 1720 152
29	109417	0.0	2	98499 9360 1514 44
30	106296	0.0	3	94265 9241 1994 796
31	102394	0.0	3	91680 8498 1658 558
32	105166	0.0	3	92803 9870 1855 638
33	104339	0.0	3	93477 8605 1576 681
34	113040	0.0	3	95684 12788 3170 1398
35	112016	0.0	3	99482 9955 1914 665
36	86341	0.0	3	76245 8000 1535 561
37	91359	0.0	3	80908 8524 1455 472
38	94707	0.0	3	84466 8279 1461 501
39	88395	0.0	3	77732 8522 1601 540
40	88359	0.0	3	77823 8618 1451 467
41	85973	0.0	3	75023 8654 1698 598
42	70317	0.0	3	63230 5842 925 320
43	74497	0.0	3	65819 6974 1268 436
44	70275	0.0	3	62162 6609 1134 370
45	77956	0.0	3	67029 8467 1809 651
46	65278	0.0	3	57484 6186 1183 425
47	60968	0.0	3	53908 5656 1010 394
48	66926	0.0	3	58979 6347 1206 394
49	55997	0.0	3	49791 5083 845 278
50	51199	0.0	3	45285 4762 848 304
51	50230	0.0	3	44074 4852 961 343
52	50386	0.0	3	44147 4918 963 358
53	41047	0.0	3	36706 3536 578 227
54	41498	0.0	3	36453 3986 762 297
55	43650	0.0	3	38455 4069 843 283
56	36607	0.0	3	32718 3134 560 195
57	39650	0.0	3	34624 3906 810 310
58	43464	0.0	3	37997 4359 828 280
59	28024	0.0	3	24479 2917 484 144
60	32118	0.0	3	28376 3049 525 168
61	28060	0.0	3	25221 2339 389 111
62	27060	0.0	3	23907 2561 422 170
63	21569	0.0	3	19287 1853 314 115
64	24777	0.0	3	21845 2382 420 130
65	17621	0.0	3	15951 1377 213 80
66	18438	0.0	3	16401 1628 296 113
67	18079	0.0	3	15944 1727 297 111
68	15299	0.0	3	13507 1450 252 90
69	12223	0.0	3	10894 1075 185 69
70	15762	0.0	3	13843 1560 266 93
71	6975	0.0	3	6172 649 110 44
72	9026	0.0	3	7965 856 155 50
73	9378	0.0	3	8186 951 187 54
74	9175	0.0	3	8095 882 144 54
75	8844	0.0	3	8018 658 130 38
76	2488	0.0	3	2152 273 43 20
77	5555	0.0	3	4981 478 60 36
78	5598	0.0	3	5000 484 91 23
79	4951	0.0	3	4396 420 92 43
80	4574	0.0	3	4046 403 89 36
81	4094	0.0	3	3582 406 74 32
82	3496	0.0	3	3089 324 56 27
83	3134	0.0	3	2752 297 52 33
84	2796	0.0	3	2442 267 57 30
85	2598	0.0	3	2284 251 46 17
86	2531	0.0	3	2208 252 52 19
87	2358	0.0	3	2089 200 49 20
88	2072	0.0	3	1812 200 47 13
89	2033	0.0	3	1790 179 41 23
90	1892	0.0	3	1684 164 29 15
91	1689	0.0	3	1500 149 24 16
92	1403	0.0	3	1248 120 22 13
93	1349	0.0	3	1184 122 26 17
94	1236	0.0	3	1061 120 36 19
95	1080	0.0	3	931 114 21 14
96	1024	0.0	3	909 86 21 8
97	931	0.0	3	816 78 22 15
98	932	0.0	3	823 86 16 7
99	876	0.0	3	751 91 27 7
100	849	0.0	3	739 66 31 13
101	706	0.0	3	616 60 22 8
102	543	0.0	3	460 62 14 7
103	585	0.0	3	498 60 18 9
104	475	0.0	3	408 56 7 4
105	463	0.0	3	409 41 9 4
106	453	0.0	3	376 52 11 14
107	506	0.0	3	432 57 8 9
108	396	0.0	3	329 38 20 9
109	406	0.0	3	350 43 5 8
110	386	0.0	3	313 42 20 11
111	291	0.0	3	242 32 12 5
112	280	0.0	3	237 24 10 9
113	267	0.0	3	227 28 8 4
114	235	0.0	3	199 25 6 5
115	211	0.0	3	157 31 18 5
116	164	0.0	3	139 16 6 3
117	170	0.0	3	135 19 9 7
118	186	0.0	3	146 23 12 5
119	168	0.0	3	137 20 6 5
120	198	0.0	3	141 35 15 7
121	176	0.0	3	98 33 28 17
122	123	0.0	3	92 15 11 5
123	108	0.0	3	92 10 4 2
124	95	0.0	3	79 7 8 1
125	82	0.0	3	57 14 8 3
126	55	0.0	3	51 2 2
127	61	0.0	3	44 11 4 2
128	57	0.0	3	35 11 3 8
129	70	0.0	3	50 9 5 6
130	196	0.0	3	117 34 20 25
131	5591	0.0	3	3551 1271 514 255
132	76	0.0	3	58 9 6 3
133	73	0.0	3	60 10 3
134	145	0.0	3	130 9 6
135	91	0.0	3	78 11 2
136	85	0.0	3	71 10 3 1
137	100	0.0	3	88 10 1 1
138	190	0.0	3	176 10 2 2
139	103	0.0	3	91 10 1 1
140	130	0.0	3	118 11 1
141	297	0.0	3	270 21 4 2
142	168	0.0	3	154 9 5
143	245	0.0	3	221 15 6 3
144	246	0.0	3	215 28 2 1
145	228	0.0	3	205 18 4 1
146	330	0.0	3	298 20 10 2
147	302	0.0	3	277 16 5 4
148	271	0.0	3	244 17 5 5
149	210	0.0	3	156 29 13 12
150	7343	0.0	3	6246 634 244 219

RUN STATISTICS FOR INPUT FILE: /vortexfs1/omics/tepolt/raw_reads/C_maenas/Cm_yrv_2023/25-194_R2_001.fastq.gz
=============================================
30767787 sequences processed in total
Sequences removed because they became shorter than the length cutoff of 20 bp:	46366 (0.2%)

