
SUMMARISING RUN PARAMETERS
==========================
Input filename: /vortexfs1/omics/tepolt/raw_reads/C_maenas/Cm_yrv_2023/25-109_R2_001.fastq.gz
Trimming mode: single-end
Trim Galore version: 0.6.6
Cutadapt version: 3.5
Python version: could not detect
Number of cores used for trimming: 8
Quality Phred score cutoff: 20
Quality encoding type selected: ASCII+33
Adapter sequence: 'AGATCGGAAGAGCGTCGTGTAGGGAAAGAGTGT' (user defined)
Maximum trimming error rate: 0.1 (default)
Minimum required adapter overlap (stringency): 1 bp
Minimum required sequence length before a sequence gets removed: 20 bp
Running FastQC on the data once trimming has completed
Running FastQC with the following extra arguments: --outdir /vortexfs1/scratch/yaamini.venkataraman/wc-green-crab/output/06b-trimgalore     --threads 28
Output file will be GZIP compressed


This is cutadapt 3.5 with Python 3.9.5
Command line parameters: -j 8 -e 0.1 -q 20 -O 1 -a AGATCGGAAGAGCGTCGTGTAGGGAAAGAGTGT /vortexfs1/omics/tepolt/raw_reads/C_maenas/Cm_yrv_2023/25-109_R2_001.fastq.gz
Processing reads on 8 cores in single-end mode ...
Finished in 107.60 s (2 µs/read; 25.17 M reads/minute).

=== Summary ===

Total reads processed:              45,138,283
Reads with adapters:                25,017,287 (55.4%)
Reads written (passing filters):    45,138,283 (100.0%)

Total basepairs processed: 6,770,742,450 bp
Quality-trimmed:              21,445,239 bp (0.3%)
Total written (filtered):  6,331,216,646 bp (93.5%)

=== Adapter 1 ===

Sequence: AGATCGGAAGAGCGTCGTGTAGGGAAAGAGTGT; Type: regular 3'; Length: 33; Trimmed: 25017287 times

Minimum overlap: 1
No. of allowed errors:
1-9 bp: 0; 10-19 bp: 1; 20-29 bp: 2; 30-33 bp: 3

Bases preceding removed adapters:
  A: 21.9%
  C: 31.5%
  G: 28.6%
  T: 18.0%
  none/other: 0.1%

Overview of removed sequences
length	count	expect	max.err	error counts
1	8317199	11284570.8	0	8317199
2	2323130	2821142.7	0	2323130
3	915707	705285.7	0	915707
4	427840	176321.4	0	427840
5	323273	44080.4	0	323273
6	288003	11020.1	0	288003
7	286809	2755.0	0	286809
8	276149	688.8	0	276149
9	268983	172.2	0	268068 915
10	275094	43.0	1	269903 5191
11	271726	10.8	1	266487 5239
12	283153	2.7	1	276651 6502
13	272292	0.7	1	266819 5473
14	282365	0.2	1	275120 7245
15	305089	0.0	1	297085 8004
16	275785	0.0	1	268071 7714
17	286494	0.0	1	275617 10877
18	283213	0.0	1	272064 11014 135
19	304787	0.0	1	290812 13772 203
20	289823	0.0	2	277341 10935 1547
21	250744	0.0	2	237946 11587 1211
22	255231	0.0	2	239526 14044 1661
23	272938	0.0	2	253881 16693 2364
24	278052	0.0	2	256862 18354 2836
25	270739	0.0	2	252032 16509 2198
26	267549	0.0	2	246703 18142 2704
27	295524	0.0	2	269341 21486 4685 12
28	240797	0.0	2	221261 16221 3177 138
29	241441	0.0	2	219887 18629 2827 98
30	238154	0.0	3	213587 18918 4171 1478
31	234013	0.0	3	211642 17444 3644 1283
32	235597	0.0	3	210747 20003 3562 1285
33	243328	0.0	3	218277 19482 3937 1632
34	248096	0.0	3	221502 21587 3770 1237
35	206741	0.0	3	189394 14596 2107 644
36	236316	0.0	3	210190 20720 3903 1503
37	215466	0.0	3	193295 17982 3151 1038
38	230795	0.0	3	206110 19754 3642 1289
39	253822	0.0	3	225936 22277 4029 1580
40	162942	0.0	3	146024 13696 2358 864
41	188348	0.0	3	169111 15465 2661 1111
42	179617	0.0	3	163800 13251 1924 642
43	190614	0.0	3	170010 16328 3128 1148
44	169135	0.0	3	152750 13549 2113 723
45	201283	0.0	3	176421 19416 3863 1583
46	156423	0.0	3	139785 13281 2371 986
47	151712	0.0	3	136847 12258 1940 667
48	167711	0.0	3	149560 14624 2523 1004
49	143371	0.0	3	128905 11930 1849 687
50	129376	0.0	3	116187 10820 1725 644
51	127152	0.0	3	113836 10574 1955 787
52	129363	0.0	3	114617 11715 2191 840
53	106545	0.0	3	96936 7908 1264 437
54	111096	0.0	3	99189 9516 1722 669
55	110335	0.0	3	99024 8928 1727 656
56	95843	0.0	3	87139 7072 1184 448
57	98606	0.0	3	88070 8338 1534 664
58	103843	0.0	3	91941 9554 1781 567
59	82071	0.0	3	72995 7334 1265 477
60	78602	0.0	3	70924 6343 984 351
61	67774	0.0	3	61452 5276 774 272
62	68480	0.0	3	61562 5618 975 325
63	54627	0.0	3	49793 3988 604 242
64	64459	0.0	3	57662 5540 959 298
65	46191	0.0	3	42349 3181 459 202
66	48485	0.0	3	43647 3978 629 231
67	47349	0.0	3	42456 4007 659 227
68	39330	0.0	3	35513 3131 505 181
69	33514	0.0	3	30295 2691 375 153
70	42463	0.0	3	37932 3685 617 229
71	20194	0.0	3	18169 1660 271 94
72	25246	0.0	3	22673 2100 347 126
73	25211	0.0	3	22428 2259 410 114
74	25199	0.0	3	22580 2144 347 128
75	25824	0.0	3	23811 1645 262 106
76	7328	0.0	3	6441 725 111 51
77	15552	0.0	3	14242 1061 191 58
78	15708	0.0	3	14248 1175 194 91
79	14220	0.0	3	12857 1078 191 94
80	12605	0.0	3	11282 1054 187 82
81	11487	0.0	3	10219 1002 192 74
82	10112	0.0	3	9005 860 181 66
83	9035	0.0	3	8032 776 152 75
84	8136	0.0	3	7191 747 126 72
85	7559	0.0	3	6788 571 141 59
86	7386	0.0	3	6531 664 133 58
87	6953	0.0	3	6197 568 133 55
88	6294	0.0	3	5623 528 95 48
89	5765	0.0	3	5266 384 74 41
90	5276	0.0	3	4716 432 90 38
91	4780	0.0	3	4298 387 63 32
92	4251	0.0	3	3784 335 95 37
93	3635	0.0	3	3225 310 63 37
94	3182	0.0	3	2831 268 53 30
95	2866	0.0	3	2580 225 39 22
96	2756	0.0	3	2455 227 44 30
97	2549	0.0	3	2267 201 53 28
98	2514	0.0	3	2229 202 65 18
99	2257	0.0	3	2003 189 45 20
100	2096	0.0	3	1820 190 55 31
101	1904	0.0	3	1654 173 47 30
102	1515	0.0	3	1315 142 32 26
103	1398	0.0	3	1238 113 23 24
104	1254	0.0	3	1089 115 34 16
105	1141	0.0	3	1004 92 33 12
106	1125	0.0	3	984 86 26 29
107	1167	0.0	3	1019 99 35 14
108	1033	0.0	3	870 106 39 18
109	967	0.0	3	841 87 20 19
110	854	0.0	3	734 81 26 13
111	749	0.0	3	628 76 31 14
112	658	0.0	3	553 72 23 10
113	581	0.0	3	481 67 18 15
114	588	0.0	3	485 60 25 18
115	499	0.0	3	416 52 19 12
116	438	0.0	3	368 44 16 10
117	362	0.0	3	308 36 10 8
118	366	0.0	3	300 47 9 10
119	361	0.0	3	275 54 16 16
120	392	0.0	3	283 51 43 15
121	397	0.0	3	281 66 27 23
122	268	0.0	3	201 41 18 8
123	236	0.0	3	179 35 12 10
124	146	0.0	3	121 16 7 2
125	130	0.0	3	97 16 8 9
126	129	0.0	3	99 13 6 11
127	138	0.0	3	109 14 7 8
128	144	0.0	3	102 21 7 14
129	147	0.0	3	102 21 11 13
130	351	0.0	3	204 65 48 34
131	13963	0.0	3	9670 2685 990 618
132	178	0.0	3	144 27 2 5
133	119	0.0	3	95 16 5 3
134	312	0.0	3	268 33 7 4
135	196	0.0	3	162 27 4 3
136	138	0.0	3	113 16 5 4
137	201	0.0	3	178 16 4 3
138	472	0.0	3	438 23 6 5
139	213	0.0	3	190 14 6 3
140	245	0.0	3	227 15 1 2
141	633	0.0	3	575 43 11 4
142	258	0.0	3	236 18 3 1
143	542	0.0	3	492 43 5 2
144	401	0.0	3	367 28 5 1
145	361	0.0	3	328 27 2 4
146	577	0.0	3	529 39 7 2
147	563	0.0	3	523 31 4 5
148	585	0.0	3	506 49 15 15
149	489	0.0	3	247 107 34 101
150	12510	0.0	3	9472 1428 849 761

RUN STATISTICS FOR INPUT FILE: /vortexfs1/omics/tepolt/raw_reads/C_maenas/Cm_yrv_2023/25-109_R2_001.fastq.gz
=============================================
45138283 sequences processed in total
Sequences removed because they became shorter than the length cutoff of 20 bp:	44123 (0.1%)

