
SUMMARISING RUN PARAMETERS
==========================
Input filename: /vortexfs1/omics/tepolt/raw_reads/C_maenas/Cm_yrv_2023/25-112_R2_001.fastq.gz
Trimming mode: single-end
Trim Galore version: 0.6.6
Cutadapt version: 3.5
Python version: could not detect
Number of cores used for trimming: 8
Quality Phred score cutoff: 20
Quality encoding type selected: ASCII+33
Adapter sequence: 'AGATCGGAAGAGCGTCGTGTAGGGAAAGAGTGT' (user defined)
Maximum trimming error rate: 0.1 (default)
Minimum required adapter overlap (stringency): 1 bp
Minimum required sequence length before a sequence gets removed: 20 bp
Running FastQC on the data once trimming has completed
Running FastQC with the following extra arguments: --outdir /vortexfs1/scratch/yaamini.venkataraman/wc-green-crab/output/06b-trimgalore     --threads 28
Output file will be GZIP compressed


This is cutadapt 3.5 with Python 3.9.5
Command line parameters: -j 8 -e 0.1 -q 20 -O 1 -a AGATCGGAAGAGCGTCGTGTAGGGAAAGAGTGT /vortexfs1/omics/tepolt/raw_reads/C_maenas/Cm_yrv_2023/25-112_R2_001.fastq.gz
Processing reads on 8 cores in single-end mode ...
Finished in 111.53 s (2 µs/read; 25.27 M reads/minute).

=== Summary ===

Total reads processed:              46,964,893
Reads with adapters:                19,746,617 (42.0%)
Reads written (passing filters):    46,964,893 (100.0%)

Total basepairs processed: 7,044,733,950 bp
Quality-trimmed:              20,612,217 bp (0.3%)
Total written (filtered):  6,898,559,700 bp (97.9%)

=== Adapter 1 ===

Sequence: AGATCGGAAGAGCGTCGTGTAGGGAAAGAGTGT; Type: regular 3'; Length: 33; Trimmed: 19746617 times

Minimum overlap: 1
No. of allowed errors:
1-9 bp: 0; 10-19 bp: 1; 20-29 bp: 2; 30-33 bp: 3

Bases preceding removed adapters:
  A: 28.5%
  C: 26.6%
  G: 24.4%
  T: 20.5%
  none/other: 0.0%

Overview of removed sequences
length	count	expect	max.err	error counts
1	11348690	11741223.2	0	11348690
2	2965408	2935305.8	0	2965408
3	1010082	733826.5	0	1010082
4	343662	183456.6	0	343662
5	190587	45864.2	0	190587
6	144624	11466.0	0	144624
7	138295	2866.5	0	138295
8	130112	716.6	0	130112
9	123413	179.2	0	122614 799
10	123920	44.8	1	121029 2891
11	119687	11.2	1	116710 2977
12	120814	2.8	1	117811 3003
13	113044	0.7	1	110667 2377
14	114591	0.2	1	111493 3098
15	121846	0.0	1	118592 3254
16	106755	0.0	1	103652 3103
17	109090	0.0	1	104744 4346
18	106019	0.0	1	101647 4311 61
19	113841	0.0	1	108315 5470 56
20	102072	0.0	2	97374 4113 585
21	86888	0.0	2	82174 4238 476
22	87979	0.0	2	82068 5249 662
23	91059	0.0	2	84215 5924 920
24	95932	0.0	2	87821 6918 1193
25	82580	0.0	2	76570 5249 761
26	84333	0.0	2	76885 6395 1053
27	86654	0.0	2	78447 6695 1507 5
28	73094	0.0	2	66225 5575 1204 90
29	71938	0.0	2	64936 5950 1014 38
30	72143	0.0	3	63980 6213 1424 526
31	59405	0.0	3	53698 4543 839 325
32	65294	0.0	3	57012 6418 1358 506
33	67058	0.0	3	59903 5664 1098 393
34	55942	0.0	3	49410 5217 991 324
35	57607	0.0	3	51578 4692 929 408
36	69159	0.0	3	59284 7590 1705 580
37	55178	0.0	3	48200 5499 1076 403
38	52596	0.0	3	47712 4089 625 170
39	38680	0.0	3	34968 3070 478 164
40	43981	0.0	3	39253 3830 652 246
41	44164	0.0	3	38902 4182 798 282
42	43159	0.0	3	37579 4317 947 316
43	42765	0.0	3	37441 4242 807 275
44	35034	0.0	3	30990 3244 596 204
45	48536	0.0	3	42006 5069 1112 349
46	28100	0.0	3	24474 2856 569 201
47	28493	0.0	3	25307 2568 451 167
48	34712	0.0	3	30586 3295 623 208
49	26081	0.0	3	23331 2246 386 118
50	24368	0.0	3	21523 2215 459 171
51	23239	0.0	3	20500 2171 427 141
52	26143	0.0	3	22789 2619 559 176
53	17189	0.0	3	15446 1428 221 94
54	20048	0.0	3	17566 1924 410 148
55	19512	0.0	3	17307 1736 362 107
56	16250	0.0	3	14569 1328 253 100
57	17965	0.0	3	15586 1828 413 138
58	17886	0.0	3	15720 1763 316 87
59	13406	0.0	3	11819 1275 224 88
60	12511	0.0	3	11040 1162 217 92
61	10440	0.0	3	9357 869 168 46
62	12445	0.0	3	11026 1127 215 77
63	7753	0.0	3	6859 737 120 37
64	11207	0.0	3	9941 1035 173 58
65	6677	0.0	3	6017 508 102 50
66	7467	0.0	3	6657 635 130 45
67	7817	0.0	3	6887 700 164 66
68	5653	0.0	3	5040 479 102 32
69	4641	0.0	3	4098 435 76 32
70	7578	0.0	3	6710 693 134 41
71	2256	0.0	3	1899 270 60 27
72	3981	0.0	3	3487 380 77 37
73	4069	0.0	3	3510 418 90 51
74	3999	0.0	3	3463 407 86 43
75	4163	0.0	3	3747 328 59 29
76	1384	0.0	3	1201 133 31 19
77	2379	0.0	3	2106 198 50 25
78	2575	0.0	3	2278 223 51 23
79	2429	0.0	3	2131 213 57 28
80	2181	0.0	3	1901 206 49 25
81	2077	0.0	3	1744 239 57 37
82	1789	0.0	3	1511 170 72 36
83	1740	0.0	3	1477 183 47 33
84	1468	0.0	3	1241 158 46 23
85	1430	0.0	3	1231 145 43 11
86	1372	0.0	3	1144 168 37 23
87	1340	0.0	3	1150 134 30 26
88	1182	0.0	3	1007 117 35 23
89	1159	0.0	3	994 116 40 9
90	1066	0.0	3	918 101 29 18
91	1006	0.0	3	860 99 31 16
92	886	0.0	3	730 91 30 35
93	757	0.0	3	637 74 32 14
94	706	0.0	3	593 73 30 10
95	685	0.0	3	571 68 27 19
96	635	0.0	3	521 75 23 16
97	631	0.0	3	514 60 41 16
98	640	0.0	3	521 67 29 23
99	642	0.0	3	513 68 42 19
100	564	0.0	3	436 90 20 18
101	538	0.0	3	391 82 35 30
102	1015	0.0	3	508 258 169 80
103	507	0.0	3	363 76 42 26
104	443	0.0	3	326 56 33 28
105	382	0.0	3	284 61 24 13
106	421	0.0	3	280 65 43 33
107	560	0.0	3	367 94 60 39
108	1249	0.0	3	446 319 290 194
109	338	0.0	3	239 47 28 24
110	452	0.0	3	255 86 58 53
111	282	0.0	3	209 46 13 14
112	302	0.0	3	203 42 32 25
113	277	0.0	3	200 41 22 14
114	355	0.0	3	203 68 50 34
115	588	0.0	3	191 153 120 124
116	460	0.0	3	207 108 74 71
117	393	0.0	3	183 75 80 55
118	269	0.0	3	169 45 33 22
119	286	0.0	3	152 58 42 34
120	757	0.0	3	198 194 201 164
121	370	0.0	3	163 63 81 63
122	825	0.0	3	282 241 185 117
123	185	0.0	3	116 32 27 10
124	94	0.0	3	66 18 6 4
125	116	0.0	3	85 20 5 6
126	94	0.0	3	67 13 4 10
127	134	0.0	3	87 27 9 11
128	123	0.0	3	83 24 7 9
129	121	0.0	3	86 13 13 9
130	339	0.0	3	215 54 34 36
131	6485	0.0	3	3735 1645 701 404
132	179	0.0	3	152 21 5 1
133	103	0.0	3	83 15 2 3
134	264	0.0	3	227 27 9 1
135	123	0.0	3	113 8 0 2
136	105	0.0	3	88 13 3 1
137	130	0.0	3	107 19 2 2
138	149	0.0	3	138 6 4 1
139	132	0.0	3	121 6 5
140	141	0.0	3	124 11 5 1
141	235	0.0	3	214 15 3 3
142	159	0.0	3	138 15 4 2
143	192	0.0	3	180 6 5 1
144	215	0.0	3	201 11 3
145	256	0.0	3	231 20 3 2
146	276	0.0	3	255 14 3 4
147	258	0.0	3	229 24 3 2
148	213	0.0	3	185 19 6 3
149	193	0.0	3	154 23 7 9
150	8052	0.0	3	6888 784 195 185

RUN STATISTICS FOR INPUT FILE: /vortexfs1/omics/tepolt/raw_reads/C_maenas/Cm_yrv_2023/25-112_R2_001.fastq.gz
=============================================
46964893 sequences processed in total
Sequences removed because they became shorter than the length cutoff of 20 bp:	27095 (0.1%)

