
SUMMARISING RUN PARAMETERS
==========================
Input filename: /vortexfs1/omics/tepolt/raw_reads/C_maenas/Cm_yrv_2023/25-179_R2_001.fastq.gz
Trimming mode: single-end
Trim Galore version: 0.6.6
Cutadapt version: 3.5
Python version: could not detect
Number of cores used for trimming: 8
Quality Phred score cutoff: 20
Quality encoding type selected: ASCII+33
Adapter sequence: 'AGATCGGAAGAGCGTCGTGTAGGGAAAGAGTGT' (user defined)
Maximum trimming error rate: 0.1 (default)
Minimum required adapter overlap (stringency): 1 bp
Minimum required sequence length before a sequence gets removed: 20 bp
Running FastQC on the data once trimming has completed
Running FastQC with the following extra arguments: --outdir /vortexfs1/scratch/yaamini.venkataraman/wc-green-crab/output/06b-trimgalore     --threads 28
Output file will be GZIP compressed


This is cutadapt 3.5 with Python 3.9.5
Command line parameters: -j 8 -e 0.1 -q 20 -O 1 -a AGATCGGAAGAGCGTCGTGTAGGGAAAGAGTGT /vortexfs1/omics/tepolt/raw_reads/C_maenas/Cm_yrv_2023/25-179_R2_001.fastq.gz
Processing reads on 8 cores in single-end mode ...
Finished in 102.67 s (2 µs/read; 24.73 M reads/minute).

=== Summary ===

Total reads processed:              42,313,327
Reads with adapters:                22,754,267 (53.8%)
Reads written (passing filters):    42,313,327 (100.0%)

Total basepairs processed: 6,346,999,050 bp
Quality-trimmed:              21,950,259 bp (0.3%)
Total written (filtered):  5,856,735,271 bp (92.3%)

=== Adapter 1 ===

Sequence: AGATCGGAAGAGCGTCGTGTAGGGAAAGAGTGT; Type: regular 3'; Length: 33; Trimmed: 22754267 times

Minimum overlap: 1
No. of allowed errors:
1-9 bp: 0; 10-19 bp: 1; 20-29 bp: 2; 30-33 bp: 3

Bases preceding removed adapters:
  A: 21.5%
  C: 31.8%
  G: 28.0%
  T: 18.6%
  none/other: 0.2%

Overview of removed sequences
length	count	expect	max.err	error counts
1	7553556	10578331.8	0	7553556
2	2158780	2644582.9	0	2158780
3	795243	661145.7	0	795243
4	358812	165286.4	0	358812
5	256498	41321.6	0	256498
6	225319	10330.4	0	225319
7	224800	2582.6	0	224800
8	216398	645.7	0	216398
9	215023	161.4	0	214145 878
10	219345	40.4	1	215155 4190
11	214593	10.1	1	210103 4490
12	220289	2.5	1	215298 4991
13	211823	0.6	1	207650 4173
14	215786	0.2	1	210202 5584
15	228270	0.0	1	222163 6107
16	212399	0.0	1	206137 6262
17	222305	0.0	1	213684 8621
18	215603	0.0	1	206981 8487 135
19	233471	0.0	1	222654 10693 124
20	219892	0.0	2	210135 8592 1165
21	190402	0.0	2	180644 8729 1029
22	196275	0.0	2	184086 10846 1343
23	199135	0.0	2	184951 12193 1991
24	210148	0.0	2	193402 14487 2259
25	203681	0.0	2	189193 12681 1807
26	203304	0.0	2	187127 13847 2330
27	224745	0.0	2	204155 16692 3888 10
28	178607	0.0	2	163536 12206 2738 127
29	182007	0.0	2	165208 14293 2419 87
30	182563	0.0	3	163187 14596 3473 1307
31	174578	0.0	3	157525 13288 2724 1041
32	180396	0.0	3	160401 15796 2993 1206
33	187294	0.0	3	166122 15681 3686 1805
34	191505	0.0	3	169822 17113 3420 1150
35	156252	0.0	3	142735 11233 1701 583
36	181815	0.0	3	160371 16372 3547 1525
37	165126	0.0	3	147128 14410 2562 1026
38	179474	0.0	3	159627 15794 2990 1063
39	203895	0.0	3	179903 18647 3809 1536
40	128799	0.0	3	114858 11119 2003 819
41	152826	0.0	3	135718 13149 2705 1254
42	146234	0.0	3	132928 10946 1774 586
43	156869	0.0	3	139549 13715 2607 998
44	139121	0.0	3	125108 11480 1863 670
45	165839	0.0	3	144129 16609 3652 1449
46	135660	0.0	3	120376 11996 2333 955
47	129850	0.0	3	116320 10981 1863 686
48	146996	0.0	3	129747 13636 2598 1015
49	126778	0.0	3	113987 10516 1682 593
50	120108	0.0	3	107453 10163 1788 704
51	120371	0.0	3	107076 10551 1968 776
52	122926	0.0	3	108501 11349 2257 819
53	105867	0.0	3	95893 8134 1317 523
54	114885	0.0	3	101684 10338 2021 842
55	116688	0.0	3	104278 9665 2030 715
56	106199	0.0	3	96233 7890 1462 614
57	115286	0.0	3	101898 10344 2149 895
58	135826	0.0	3	119374 13004 2528 920
59	93223	0.0	3	82452 8604 1592 575
60	99760	0.0	3	89367 8386 1459 548
61	87035	0.0	3	78756 6893 990 396
62	92956	0.0	3	83149 7889 1390 528
63	81960	0.0	3	74050 6421 1062 427
64	104001	0.0	3	92768 9111 1581 541
65	72669	0.0	3	66642 4956 768 303
66	82403	0.0	3	73821 7048 1139 395
67	82126	0.0	3	73264 7257 1215 390
68	72823	0.0	3	65377 6045 989 412
69	62976	0.0	3	56834 5062 797 283
70	88729	0.0	3	78768 8103 1366 492
71	41889	0.0	3	37341 3672 628 248
72	56710	0.0	3	50678 4906 818 308
73	60763	0.0	3	53795 5771 903 294
74	62270	0.0	3	55461 5709 835 265
75	65857	0.0	3	60726 4170 692 269
76	18833	0.0	3	16535 1894 282 122
77	44682	0.0	3	40863 3118 507 194
78	45710	0.0	3	41346 3540 582 242
79	43472	0.0	3	39078 3524 613 257
80	41031	0.0	3	36732 3438 614 247
81	39856	0.0	3	35596 3354 624 282
82	36884	0.0	3	32632 3214 689 349
83	34246	0.0	3	30011 3180 668 387
84	30953	0.0	3	27435 2723 529 266
85	29348	0.0	3	26183 2478 466 221
86	28776	0.0	3	25554 2549 463 210
87	28873	0.0	3	25703 2457 487 226
88	27399	0.0	3	24504 2227 464 204
89	25584	0.0	3	23169 1870 369 176
90	23419	0.0	3	21161 1720 374 164
91	21553	0.0	3	19355 1745 298 155
92	19525	0.0	3	17555 1504 327 139
93	16820	0.0	3	15130 1315 247 128
94	14958	0.0	3	13417 1225 217 99
95	12965	0.0	3	11590 1068 203 104
96	12230	0.0	3	10923 978 218 111
97	11507	0.0	3	10256 969 193 89
98	11075	0.0	3	9991 842 151 91
99	10018	0.0	3	8929 800 198 91
100	8895	0.0	3	7914 712 178 91
101	7768	0.0	3	6912 610 157 89
102	6704	0.0	3	5945 540 137 82
103	5963	0.0	3	5276 478 129 80
104	5006	0.0	3	4444 396 113 53
105	4180	0.0	3	3706 335 94 45
106	3896	0.0	3	3439 315 97 45
107	4377	0.0	3	3824 398 107 48
108	3542	0.0	3	2985 366 126 65
109	3105	0.0	3	2707 282 77 39
110	2803	0.0	3	2400 279 75 49
111	2494	0.0	3	2140 219 73 62
112	2134	0.0	3	1812 198 79 45
113	1796	0.0	3	1500 179 65 52
114	1760	0.0	3	1468 187 60 45
115	1458	0.0	3	1081 211 91 75
116	1532	0.0	3	1129 221 108 74
117	1241	0.0	3	890 171 110 70
118	1276	0.0	3	939 173 104 60
119	1236	0.0	3	868 189 94 85
120	1582	0.0	3	834 339 234 175
121	2250	0.0	3	1005 582 366 297
122	1207	0.0	3	746 239 127 95
123	776	0.0	3	551 118 57 50
124	397	0.0	3	308 45 21 23
125	301	0.0	3	235 35 14 17
126	255	0.0	3	181 34 21 19
127	338	0.0	3	220 40 39 39
128	373	0.0	3	184 65 65 59
129	486	0.0	3	247 84 78 77
130	3289	0.0	3	1639 638 518 494
131	190773	0.0	3	130424 36916 14638 8795
132	1012	0.0	3	770 158 55 29
133	445	0.0	3	342 65 27 11
134	1131	0.0	3	1002 99 23 7
135	422	0.0	3	358 48 12 4
136	252	0.0	3	209 32 6 5
137	405	0.0	3	359 37 8 1
138	1251	0.0	3	1161 79 4 7
139	359	0.0	3	319 34 2 4
140	355	0.0	3	307 39 3 6
141	1051	0.0	3	962 66 15 8
142	439	0.0	3	403 29 5 2
143	661	0.0	3	610 39 9 3
144	594	0.0	3	537 40 9 8
145	475	0.0	3	433 32 6 4
146	708	0.0	3	632 61 12 3
147	662	0.0	3	593 52 8 9
148	763	0.0	3	670 67 13 13
149	955	0.0	3	569 220 90 76
150	34732	0.0	3	26117 3842 2371 2402

RUN STATISTICS FOR INPUT FILE: /vortexfs1/omics/tepolt/raw_reads/C_maenas/Cm_yrv_2023/25-179_R2_001.fastq.gz
=============================================
42313327 sequences processed in total
Sequences removed because they became shorter than the length cutoff of 20 bp:	255094 (0.6%)

