
SUMMARISING RUN PARAMETERS
==========================
Input filename: /vortexfs1/omics/tepolt/raw_reads/C_maenas/Cm_yrv_2023/25-180_R2_001.fastq.gz
Trimming mode: single-end
Trim Galore version: 0.6.6
Cutadapt version: 3.5
Python version: could not detect
Number of cores used for trimming: 8
Quality Phred score cutoff: 20
Quality encoding type selected: ASCII+33
Adapter sequence: 'AGATCGGAAGAGCGTCGTGTAGGGAAAGAGTGT' (user defined)
Maximum trimming error rate: 0.1 (default)
Minimum required adapter overlap (stringency): 1 bp
Minimum required sequence length before a sequence gets removed: 20 bp
Running FastQC on the data once trimming has completed
Running FastQC with the following extra arguments: --outdir /vortexfs1/scratch/yaamini.venkataraman/wc-green-crab/output/06b-trimgalore     --threads 28
Output file will be GZIP compressed


This is cutadapt 3.5 with Python 3.9.5
Command line parameters: -j 8 -e 0.1 -q 20 -O 1 -a AGATCGGAAGAGCGTCGTGTAGGGAAAGAGTGT /vortexfs1/omics/tepolt/raw_reads/C_maenas/Cm_yrv_2023/25-180_R2_001.fastq.gz
Processing reads on 8 cores in single-end mode ...
Finished in 113.56 s (2 µs/read; 28.80 M reads/minute).

=== Summary ===

Total reads processed:              54,512,346
Reads with adapters:                28,909,608 (53.0%)
Reads written (passing filters):    54,512,346 (100.0%)

Total basepairs processed: 8,176,851,900 bp
Quality-trimmed:              31,688,606 bp (0.4%)
Total written (filtered):  7,426,988,486 bp (90.8%)

=== Adapter 1 ===

Sequence: AGATCGGAAGAGCGTCGTGTAGGGAAAGAGTGT; Type: regular 3'; Length: 33; Trimmed: 28909608 times

Minimum overlap: 1
No. of allowed errors:
1-9 bp: 0; 10-19 bp: 1; 20-29 bp: 2; 30-33 bp: 3

Bases preceding removed adapters:
  A: 22.8%
  C: 30.3%
  G: 27.4%
  T: 18.8%
  none/other: 0.7%

Overview of removed sequences
length	count	expect	max.err	error counts
1	9306184	13628086.5	0	9306184
2	2344577	3407021.6	0	2344577
3	859118	851755.4	0	859118
4	380302	212938.9	0	380302
5	270320	53234.7	0	270320
6	238271	13308.7	0	238271
7	237398	3327.2	0	237398
8	219381	831.8	0	219381
9	213666	207.9	0	212834 832
10	218568	52.0	1	214027 4541
11	214594	13.0	1	210110 4484
12	228634	3.2	1	222761 5873
13	223518	0.8	1	218897 4621
14	233182	0.2	1	226669 6513
15	260659	0.1	1	253409 7250
16	225124	0.0	1	218372 6752
17	238017	0.0	1	228154 9863
18	233167	0.0	1	223128 9898 141
19	261280	0.0	1	247990 13143 147
20	241515	0.0	2	230294 9805 1416
21	209044	0.0	2	197308 10503 1233
22	215086	0.0	2	200860 12582 1644
23	231266	0.0	2	213905 14878 2483
24	250784	0.0	2	228562 18838 3384
25	224356	0.0	2	207361 14746 2249
26	231055	0.0	2	210409 17729 2917
27	250441	0.0	2	224107 21060 5255 19
28	211733	0.0	2	191428 16397 3622 286
29	215774	0.0	2	194074 18214 3375 111
30	227967	0.0	3	200686 20554 4902 1825
31	192115	0.0	3	173285 14862 2909 1059
32	218810	0.0	3	190594 21608 4809 1799
33	231333	0.0	3	205501 20217 4075 1540
34	201061	0.0	3	177146 18944 3761 1210
35	212711	0.0	3	189486 17829 3728 1668
36	280302	0.0	3	237918 32076 7751 2557
37	221091	0.0	3	191665 22743 4987 1696
38	220425	0.0	3	199706 17269 2652 798
39	164574	0.0	3	148240 13708 2008 618
40	197284	0.0	3	176395 16912 2992 985
41	203077	0.0	3	179018 19074 3767 1218
42	214899	0.0	3	186818 21570 4824 1687
43	218180	0.0	3	191117 21413 4281 1369
44	188254	0.0	3	166733 17242 3235 1044
45	278237	0.0	3	240195 29674 6301 2067
46	174824	0.0	3	152330 17665 3656 1173
47	175111	0.0	3	155402 15955 2798 956
48	241503	0.0	3	212165 23579 4395 1364
49	178418	0.0	3	159538 15596 2528 756
50	173697	0.0	3	154167 15619 2925 986
51	175318	0.0	3	154563 16406 3188 1161
52	208652	0.0	3	182155 20911 4172 1414
53	143818	0.0	3	129594 11592 1963 669
54	177307	0.0	3	155362 17396 3394 1155
55	185711	0.0	3	165563 16215 2998 935
56	160901	0.0	3	144975 12854 2260 812
57	199903	0.0	3	173923 20345 4230 1405
58	232860	0.0	3	204428 22934 4236 1262
59	169868	0.0	3	149168 16700 3032 968
60	187463	0.0	3	167001 16689 2892 881
61	136506	0.0	3	123098 11112 1730 566
62	169876	0.0	3	151853 14581 2588 854
63	123803	0.0	3	111096 10391 1743 573
64	189161	0.0	3	169456 15996 2804 905
65	117841	0.0	3	107253 8673 1422 493
66	142206	0.0	3	127332 12217 2008 649
67	162783	0.0	3	145784 13851 2347 801
68	123973	0.0	3	110818 10594 1950 611
69	100376	0.0	3	89861 8628 1389 498
70	183885	0.0	3	164752 15490 2763 880
71	53028	0.0	3	45401 6064 1130 433
72	102110	0.0	3	90943 8992 1641 534
73	114239	0.0	3	101059 10695 1903 582
74	121946	0.0	3	107837 11584 1958 567
75	137335	0.0	3	125733 9522 1564 516
76	48278	0.0	3	42636 4693 705 244
77	86078	0.0	3	78604 6099 1024 351
78	96198	0.0	3	86963 7546 1256 433
79	94733	0.0	3	85065 7867 1337 464
80	90168	0.0	3	80589 7659 1439 481
81	87521	0.0	3	77853 7815 1372 481
82	84408	0.0	3	75228 7442 1287 451
83	77121	0.0	3	68248 7064 1328 481
84	71886	0.0	3	63744 6439 1236 467
85	70365	0.0	3	62324 6379 1209 453
86	71388	0.0	3	63380 6352 1246 410
87	72621	0.0	3	64515 6379 1264 463
88	68543	0.0	3	61045 5997 1096 405
89	65679	0.0	3	59427 4987 917 348
90	60295	0.0	3	54394 4712 871 318
91	58918	0.0	3	53001 4723 894 300
92	55898	0.0	3	50296 4422 869 311
93	47156	0.0	3	42512 3683 688 273
94	42938	0.0	3	38493 3558 675 212
95	38392	0.0	3	34538 3095 564 195
96	35994	0.0	3	32409 2854 510 221
97	34926	0.0	3	31292 2861 582 191
98	33373	0.0	3	30068 2605 517 183
99	31222	0.0	3	27975 2521 534 192
100	27539	0.0	3	24587 2259 488 205
101	23774	0.0	3	21205 1947 444 178
102	20168	0.0	3	17886 1699 408 175
103	18316	0.0	3	16279 1511 363 163
104	15111	0.0	3	13496 1228 263 124
105	13136	0.0	3	11705 1085 229 117
106	12058	0.0	3	10751 957 237 113
107	11401	0.0	3	10117 994 198 92
108	10294	0.0	3	9173 823 202 96
109	9069	0.0	3	8064 787 145 73
110	7989	0.0	3	7020 706 189 74
111	6569	0.0	3	5824 566 111 68
112	5496	0.0	3	4817 499 120 60
113	4266	0.0	3	3759 364 107 36
114	3842	0.0	3	3373 325 98 46
115	2970	0.0	3	2598 260 70 42
116	2914	0.0	3	2526 269 77 42
117	2160	0.0	3	1911 187 40 22
118	2287	0.0	3	1989 214 55 29
119	1880	0.0	3	1642 182 41 15
120	1707	0.0	3	1443 165 63 36
121	1441	0.0	3	1243 133 49 16
122	1054	0.0	3	883 112 34 25
123	1704	0.0	3	1459 181 43 21
124	813	0.0	3	680 76 38 19
125	545	0.0	3	438 65 23 19
126	496	0.0	3	400 52 28 16
127	581	0.0	3	484 58 23 16
128	652	0.0	3	522 75 31 24
129	713	0.0	3	598 60 31 24
130	1339	0.0	3	1083 145 69 42
131	5510	0.0	3	3410 1273 544 283
132	780	0.0	3	581 124 44 31
133	637	0.0	3	473 102 41 21
134	5199	0.0	3	4723 347 93 36
135	1166	0.0	3	974 144 33 15
136	698	0.0	3	572 88 24 14
137	1751	0.0	3	1537 162 36 16
138	5317	0.0	3	4856 374 67 20
139	1328	0.0	3	1207 98 19 4
140	1128	0.0	3	1036 75 14 3
141	4817	0.0	3	4451 311 44 11
142	2021	0.0	3	1865 125 21 10
143	1734	0.0	3	1591 112 24 7
144	1531	0.0	3	1394 100 21 16
145	1159	0.0	3	1039 80 27 13
146	1734	0.0	3	1551 130 29 24
147	1394	0.0	3	1199 98 60 37
148	2029	0.0	3	1723 197 59 50
149	3556	0.0	3	2346 518 378 314
150	207980	0.0	3	162604 22494 12886 9996

RUN STATISTICS FOR INPUT FILE: /vortexfs1/omics/tepolt/raw_reads/C_maenas/Cm_yrv_2023/25-180_R2_001.fastq.gz
=============================================
54512346 sequences processed in total
Sequences removed because they became shorter than the length cutoff of 20 bp:	276697 (0.5%)

