
SUMMARISING RUN PARAMETERS
==========================
Input filename: /vortexfs1/omics/tepolt/raw_reads/C_maenas/Cm_yrv_2023/25-168_R2_001.fastq.gz
Trimming mode: single-end
Trim Galore version: 0.6.6
Cutadapt version: 3.5
Python version: could not detect
Number of cores used for trimming: 8
Quality Phred score cutoff: 20
Quality encoding type selected: ASCII+33
Adapter sequence: 'AGATCGGAAGAGCGTCGTGTAGGGAAAGAGTGT' (user defined)
Maximum trimming error rate: 0.1 (default)
Minimum required adapter overlap (stringency): 1 bp
Minimum required sequence length before a sequence gets removed: 20 bp
Running FastQC on the data once trimming has completed
Running FastQC with the following extra arguments: --outdir /vortexfs1/scratch/yaamini.venkataraman/wc-green-crab/output/06b-trimgalore     --threads 28
Output file will be GZIP compressed


This is cutadapt 3.5 with Python 3.9.5
Command line parameters: -j 8 -e 0.1 -q 20 -O 1 -a AGATCGGAAGAGCGTCGTGTAGGGAAAGAGTGT /vortexfs1/omics/tepolt/raw_reads/C_maenas/Cm_yrv_2023/25-168_R2_001.fastq.gz
Processing reads on 8 cores in single-end mode ...
Finished in 100.11 s (2 µs/read; 26.43 M reads/minute).

=== Summary ===

Total reads processed:              44,104,075
Reads with adapters:                19,287,451 (43.7%)
Reads written (passing filters):    44,104,075 (100.0%)

Total basepairs processed: 6,615,611,250 bp
Quality-trimmed:              19,013,162 bp (0.3%)
Total written (filtered):  6,415,234,952 bp (97.0%)

=== Adapter 1 ===

Sequence: AGATCGGAAGAGCGTCGTGTAGGGAAAGAGTGT; Type: regular 3'; Length: 33; Trimmed: 19287451 times

Minimum overlap: 1
No. of allowed errors:
1-9 bp: 0; 10-19 bp: 1; 20-29 bp: 2; 30-33 bp: 3

Bases preceding removed adapters:
  A: 27.0%
  C: 28.0%
  G: 25.1%
  T: 19.9%
  none/other: 0.1%

Overview of removed sequences
length	count	expect	max.err	error counts
1	9981335	11026018.8	0	9981335
2	2622620	2756504.7	0	2622620
3	882123	689126.2	0	882123
4	326787	172281.5	0	326787
5	192662	43070.4	0	192662
6	154746	10767.6	0	154746
7	150714	2691.9	0	150714
8	142505	673.0	0	142505
9	137260	168.2	0	136513 747
10	138026	42.1	1	135020 3006
11	135015	10.5	1	132034 2981
12	137071	2.6	1	133644 3427
13	131722	0.7	1	128990 2732
14	132936	0.2	1	129369 3567
15	142959	0.0	1	139201 3758
16	126580	0.0	1	123036 3544
17	128623	0.0	1	123641 4982
18	126199	0.0	1	121091 5050 58
19	136077	0.0	1	129961 6021 95
20	124630	0.0	2	119109 4845 676
21	107787	0.0	2	102244 5000 543
22	110855	0.0	2	103961 6172 722
23	115323	0.0	2	106903 7155 1265
24	121804	0.0	2	111573 8827 1404
25	106405	0.0	2	98741 6716 948
26	107910	0.0	2	98786 7827 1297
27	116069	0.0	2	104895 9094 2074 6
28	95878	0.0	2	86951 7073 1719 135
29	93732	0.0	2	84795 7595 1274 68
30	92212	0.0	3	81479 7965 1866 902
31	87087	0.0	3	78318 6866 1402 501
32	88580	0.0	3	78473 7890 1594 623
33	93044	0.0	3	81804 8170 2047 1023
34	82752	0.0	3	73303 7546 1399 504
35	88304	0.0	3	78373 7117 1841 973
36	90135	0.0	3	78860 8037 2069 1169
37	75572	0.0	3	66773 6351 1610 838
38	77124	0.0	3	69148 5800 1386 790
39	84852	0.0	3	73990 7605 2084 1173
40	65784	0.0	3	58080 5455 1366 883
41	71224	0.0	3	62108 6336 1739 1041
42	60867	0.0	3	55064 4515 877 411
43	65294	0.0	3	57951 5434 1265 644
44	59756	0.0	3	53341 4752 1101 562
45	68494	0.0	3	59072 6518 1844 1060
46	55635	0.0	3	48845 4679 1349 762
47	51520	0.0	3	45734 4198 1101 487
48	58167	0.0	3	50886 5059 1513 709
49	48268	0.0	3	43028 3814 1022 404
50	44543	0.0	3	39459 3636 919 529
51	42863	0.0	3	37728 3675 969 491
52	43639	0.0	3	38346 3725 1014 554
53	36651	0.0	3	32747 2832 680 392
54	37779	0.0	3	33071 3274 937 497
55	37879	0.0	3	33460 3176 864 379
56	32394	0.0	3	28976 2410 655 353
57	35207	0.0	3	30423 3190 981 613
58	38064	0.0	3	33289 3375 922 478
59	24371	0.0	3	21486 2097 523 265
60	27840	0.0	3	24538 2371 598 333
61	23682	0.0	3	21314 1784 391 193
62	23338	0.0	3	20729 1835 512 262
63	19098	0.0	3	17032 1499 374 193
64	22233	0.0	3	19545 1905 506 277
65	16728	0.0	3	15197 1129 269 133
66	17038	0.0	3	15018 1457 374 189
67	17182	0.0	3	15097 1507 394 184
68	14667	0.0	3	12908 1248 329 182
69	12270	0.0	3	10954 948 239 129
70	16013	0.0	3	13921 1445 442 205
71	7615	0.0	3	6702 640 170 103
72	9637	0.0	3	8442 827 236 132
73	10236	0.0	3	8963 890 248 135
74	10062	0.0	3	8805 886 241 130
75	10535	0.0	3	9547 714 179 95
76	2942	0.0	3	2531 299 68 44
77	6616	0.0	3	5955 439 141 81
78	6689	0.0	3	5911 530 164 84
79	6378	0.0	3	5553 556 164 105
80	5796	0.0	3	5063 478 151 104
81	5414	0.0	3	4649 503 155 107
82	5047	0.0	3	4253 449 174 171
83	4684	0.0	3	3872 496 168 148
84	4252	0.0	3	3555 402 158 137
85	3950	0.0	3	3304 383 140 123
86	3971	0.0	3	3260 406 163 142
87	3776	0.0	3	3201 357 130 88
88	3411	0.0	3	2918 320 95 78
89	3455	0.0	3	3022 254 113 66
90	3182	0.0	3	2745 276 84 77
91	3085	0.0	3	2645 284 100 56
92	2958	0.0	3	2559 253 73 73
93	2500	0.0	3	2156 213 81 50
94	2272	0.0	3	1930 193 90 59
95	2087	0.0	3	1791 184 59 53
96	1991	0.0	3	1732 165 58 36
97	2032	0.0	3	1736 191 62 43
98	2152	0.0	3	1860 186 58 48
99	2005	0.0	3	1675 188 74 68
100	1817	0.0	3	1557 171 49 40
101	1712	0.0	3	1468 166 43 35
102	1591	0.0	3	1338 153 59 41
103	1429	0.0	3	1210 135 51 33
104	1357	0.0	3	1135 137 43 42
105	1248	0.0	3	1037 141 39 31
106	1161	0.0	3	967 119 41 34
107	2072	0.0	3	1756 192 78 46
108	1313	0.0	3	1075 126 60 52
109	1295	0.0	3	1076 122 55 42
110	1181	0.0	3	978 119 50 34
111	1080	0.0	3	914 99 30 37
112	979	0.0	3	779 114 40 46
113	943	0.0	3	759 95 46 43
114	961	0.0	3	784 102 42 33
115	745	0.0	3	590 79 33 43
116	765	0.0	3	619 73 31 42
117	688	0.0	3	529 82 36 41
118	742	0.0	3	580 75 50 37
119	674	0.0	3	531 63 43 37
120	720	0.0	3	491 92 60 77
121	881	0.0	3	552 154 83 92
122	632	0.0	3	453 85 48 46
123	497	0.0	3	384 60 29 24
124	387	0.0	3	297 63 9 18
125	361	0.0	3	292 37 20 12
126	331	0.0	3	258 35 23 15
127	337	0.0	3	253 39 27 18
128	344	0.0	3	263 39 21 21
129	330	0.0	3	252 35 20 23
130	832	0.0	3	564 105 70 93
131	20347	0.0	3	12870 3324 2219 1934
132	460	0.0	3	375 48 20 17
133	388	0.0	3	297 56 21 14
134	562	0.0	3	473 48 24 17
135	447	0.0	3	380 28 21 18
136	334	0.0	3	282 41 3 8
137	426	0.0	3	345 52 19 10
138	605	0.0	3	542 39 14 10
139	469	0.0	3	421 27 16 5
140	549	0.0	3	491 43 10 5
141	796	0.0	3	713 56 13 14
142	521	0.0	3	449 47 18 7
143	681	0.0	3	596 55 18 12
144	843	0.0	3	744 61 24 14
145	881	0.0	3	788 55 24 14
146	1161	0.0	3	1056 79 15 11
147	1008	0.0	3	903 76 14 15
148	812	0.0	3	724 58 16 14
149	551	0.0	3	391 92 31 37
150	12972	0.0	3	10805 1237 509 421

RUN STATISTICS FOR INPUT FILE: /vortexfs1/omics/tepolt/raw_reads/C_maenas/Cm_yrv_2023/25-168_R2_001.fastq.gz
=============================================
44104075 sequences processed in total
Sequences removed because they became shorter than the length cutoff of 20 bp:	55736 (0.1%)

