
SUMMARISING RUN PARAMETERS
==========================
Input filename: /vortexfs1/omics/tepolt/raw_reads/C_maenas/Cm_yrv_2023/25-171_R2_001.fastq.gz
Trimming mode: single-end
Trim Galore version: 0.6.6
Cutadapt version: 3.5
Python version: could not detect
Number of cores used for trimming: 8
Quality Phred score cutoff: 20
Quality encoding type selected: ASCII+33
Adapter sequence: 'AGATCGGAAGAGCGTCGTGTAGGGAAAGAGTGT' (user defined)
Maximum trimming error rate: 0.1 (default)
Minimum required adapter overlap (stringency): 1 bp
Minimum required sequence length before a sequence gets removed: 20 bp
Running FastQC on the data once trimming has completed
Running FastQC with the following extra arguments: --outdir /vortexfs1/scratch/yaamini.venkataraman/wc-green-crab/output/06b-trimgalore     --threads 28
Output file will be GZIP compressed


This is cutadapt 3.5 with Python 3.9.5
Command line parameters: -j 8 -e 0.1 -q 20 -O 1 -a AGATCGGAAGAGCGTCGTGTAGGGAAAGAGTGT /vortexfs1/omics/tepolt/raw_reads/C_maenas/Cm_yrv_2023/25-171_R2_001.fastq.gz
Processing reads on 8 cores in single-end mode ...
Finished in 102.62 s (2 µs/read; 27.80 M reads/minute).

=== Summary ===

Total reads processed:              47,552,922
Reads with adapters:                20,216,724 (42.5%)
Reads written (passing filters):    47,552,922 (100.0%)

Total basepairs processed: 7,132,938,300 bp
Quality-trimmed:              20,336,254 bp (0.3%)
Total written (filtered):  6,997,167,254 bp (98.1%)

=== Adapter 1 ===

Sequence: AGATCGGAAGAGCGTCGTGTAGGGAAAGAGTGT; Type: regular 3'; Length: 33; Trimmed: 20216724 times

Minimum overlap: 1
No. of allowed errors:
1-9 bp: 0; 10-19 bp: 1; 20-29 bp: 2; 30-33 bp: 3

Bases preceding removed adapters:
  A: 30.9%
  C: 23.7%
  G: 22.3%
  T: 23.0%
  none/other: 0.0%

Overview of removed sequences
length	count	expect	max.err	error counts
1	12258403	11888230.5	0	12258403
2	3084205	2972057.6	0	3084205
3	971093	743014.4	0	971093
4	346709	185753.6	0	346709
5	172919	46438.4	0	172919
6	129949	11609.6	0	129949
7	122370	2902.4	0	122370
8	116020	725.6	0	116020
9	110192	181.4	0	109464 728
10	109809	45.4	1	107317 2492
11	103731	11.3	1	101044 2687
12	103059	2.8	1	100474 2585
13	98004	0.7	1	95987 2017
14	97691	0.2	1	95224 2467
15	104303	0.0	1	101597 2706
16	94014	0.0	1	91292 2722
17	96592	0.0	1	92832 3760
18	92092	0.0	1	88461 3564 67
19	97225	0.0	1	92808 4374 43
20	92334	0.0	2	88373 3434 527
21	74305	0.0	2	70349 3564 392
22	75270	0.0	2	70404 4340 526
23	74277	0.0	2	68863 4729 685
24	82470	0.0	2	75773 5856 841
25	74893	0.0	2	69627 4642 624
26	72838	0.0	2	66865 5167 806
27	77294	0.0	2	70117 5918 1255 4
28	61731	0.0	2	56425 4392 852 62
29	59606	0.0	2	54254 4614 718 20
30	57252	0.0	3	51130 4639 1031 452
31	54608	0.0	3	49087 4321 849 351
32	52765	0.0	3	47219 4506 766 274
33	52522	0.0	3	47602 3917 729 274
34	54927	0.0	3	47112 5762 1401 652
35	55249	0.0	3	49307 4736 872 334
36	42107	0.0	3	37460 3700 676 271
37	42585	0.0	3	38027 3708 654 196
38	45276	0.0	3	40644 3711 675 246
39	40851	0.0	3	36337 3647 644 223
40	40882	0.0	3	36328 3704 631 219
41	39184	0.0	3	34439 3748 729 268
42	31171	0.0	3	28370 2323 361 117
43	34283	0.0	3	30450 3069 588 176
44	30202	0.0	3	26966 2642 430 164
45	33893	0.0	3	29429 3468 758 238
46	26613	0.0	3	23534 2450 469 160
47	25296	0.0	3	22502 2292 376 126
48	27725	0.0	3	24520 2573 462 170
49	22799	0.0	3	20321 2024 353 101
50	20439	0.0	3	18223 1762 336 118
51	19642	0.0	3	17415 1742 350 135
52	18998	0.0	3	16639 1853 363 143
53	15939	0.0	3	14339 1326 208 66
54	16533	0.0	3	14566 1528 325 114
55	16465	0.0	3	14604 1466 280 115
56	14418	0.0	3	13016 1119 215 68
57	15524	0.0	3	13747 1350 319 108
58	15977	0.0	3	14044 1544 292 97
59	12244	0.0	3	10917 1040 218 69
60	10621	0.0	3	9399 973 175 74
61	9902	0.0	3	8830 860 153 59
62	10471	0.0	3	9260 933 212 66
63	7966	0.0	3	7144 656 124 42
64	10209	0.0	3	9015 947 176 71
65	7232	0.0	3	6574 521 94 43
66	7146	0.0	3	6303 686 102 55
67	7079	0.0	3	6254 659 115 51
68	5873	0.0	3	5167 561 102 43
69	4920	0.0	3	4405 410 70 35
70	6062	0.0	3	5333 548 125 56
71	3111	0.0	3	2760 267 53 31
72	3726	0.0	3	3282 354 67 23
73	3756	0.0	3	3329 336 61 30
74	3732	0.0	3	3294 341 68 29
75	3828	0.0	3	3472 284 46 26
76	1131	0.0	3	985 108 29 9
77	2389	0.0	3	2154 158 53 24
78	2409	0.0	3	2125 215 45 24
79	2311	0.0	3	2010 236 43 22
80	2188	0.0	3	1907 198 48 35
81	1997	0.0	3	1640 216 93 48
82	2059	0.0	3	1558 267 124 110
83	1931	0.0	3	1476 247 123 85
84	1522	0.0	3	1260 186 49 27
85	1374	0.0	3	1185 130 36 23
86	1378	0.0	3	1167 143 45 23
87	1302	0.0	3	1100 150 32 20
88	1224	0.0	3	1061 116 29 18
89	1176	0.0	3	1014 102 35 25
90	1082	0.0	3	940 91 29 22
91	1038	0.0	3	905 90 34 9
92	891	0.0	3	755 87 28 21
93	848	0.0	3	705 94 31 18
94	818	0.0	3	705 75 25 13
95	693	0.0	3	586 69 28 10
96	631	0.0	3	511 81 25 14
97	641	0.0	3	521 71 26 23
98	629	0.0	3	513 68 26 22
99	766	0.0	3	575 125 31 35
100	566	0.0	3	447 60 40 19
101	530	0.0	3	433 61 24 12
102	464	0.0	3	385 47 19 13
103	454	0.0	3	367 52 18 17
104	412	0.0	3	320 60 20 12
105	422	0.0	3	315 69 23 15
106	384	0.0	3	312 39 12 21
107	914	0.0	3	797 76 32 9
108	387	0.0	3	298 52 22 15
109	401	0.0	3	329 52 14 6
110	316	0.0	3	254 37 17 8
111	351	0.0	3	267 48 20 16
112	314	0.0	3	232 40 20 22
113	290	0.0	3	217 34 23 16
114	270	0.0	3	206 35 20 9
115	236	0.0	3	152 38 28 18
116	267	0.0	3	172 56 21 18
117	197	0.0	3	114 47 25 11
118	258	0.0	3	175 46 23 14
119	237	0.0	3	158 39 25 15
120	269	0.0	3	151 59 35 24
121	402	0.0	3	184 97 74 47
122	240	0.0	3	139 59 22 20
123	137	0.0	3	92 20 19 6
124	131	0.0	3	95 18 11 7
125	119	0.0	3	87 20 7 5
126	94	0.0	3	62 13 11 8
127	104	0.0	3	71 17 8 8
128	119	0.0	3	67 20 18 14
129	141	0.0	3	85 26 19 11
130	1282	0.0	3	835 202 126 119
131	26017	0.0	3	15088 6481 2879 1569
132	231	0.0	3	183 31 12 5
133	110	0.0	3	90 11 5 4
134	210	0.0	3	172 26 8 4
135	137	0.0	3	112 14 9 2
136	90	0.0	3	83 5 1 1
137	106	0.0	3	95 7 4
138	174	0.0	3	161 8 2 3
139	90	0.0	3	84 5 0 1
140	152	0.0	3	143 7 1 1
141	230	0.0	3	210 14 4 2
142	145	0.0	3	128 12 3 2
143	204	0.0	3	186 15 1 2
144	277	0.0	3	251 19 4 3
145	203	0.0	3	187 12 2 2
146	302	0.0	3	284 17 1
147	252	0.0	3	226 13 10 3
148	252	0.0	3	229 19 4
149	297	0.0	3	181 82 21 13
150	8708	0.0	3	7395 838 291 184

RUN STATISTICS FOR INPUT FILE: /vortexfs1/omics/tepolt/raw_reads/C_maenas/Cm_yrv_2023/25-171_R2_001.fastq.gz
=============================================
47552922 sequences processed in total
Sequences removed because they became shorter than the length cutoff of 20 bp:	48406 (0.1%)

