
SUMMARISING RUN PARAMETERS
==========================
Input filename: /vortexfs1/omics/tepolt/raw_reads/C_maenas/Cm_yrv_2023/25-195_R2_001.fastq.gz
Trimming mode: single-end
Trim Galore version: 0.6.6
Cutadapt version: 3.5
Python version: could not detect
Number of cores used for trimming: 8
Quality Phred score cutoff: 20
Quality encoding type selected: ASCII+33
Adapter sequence: 'AGATCGGAAGAGCGTCGTGTAGGGAAAGAGTGT' (user defined)
Maximum trimming error rate: 0.1 (default)
Minimum required adapter overlap (stringency): 1 bp
Minimum required sequence length before a sequence gets removed: 20 bp
Running FastQC on the data once trimming has completed
Running FastQC with the following extra arguments: --outdir /vortexfs1/scratch/yaamini.venkataraman/wc-green-crab/output/06b-trimgalore     --threads 28
Output file will be GZIP compressed


This is cutadapt 3.5 with Python 3.9.5
Command line parameters: -j 8 -e 0.1 -q 20 -O 1 -a AGATCGGAAGAGCGTCGTGTAGGGAAAGAGTGT /vortexfs1/omics/tepolt/raw_reads/C_maenas/Cm_yrv_2023/25-195_R2_001.fastq.gz
Processing reads on 8 cores in single-end mode ...
Finished in 77.44 s (2 µs/read; 26.41 M reads/minute).

=== Summary ===

Total reads processed:              34,083,306
Reads with adapters:                17,502,017 (51.4%)
Reads written (passing filters):    34,083,306 (100.0%)

Total basepairs processed: 5,112,495,900 bp
Quality-trimmed:              15,137,181 bp (0.3%)
Total written (filtered):  4,841,268,949 bp (94.7%)

=== Adapter 1 ===

Sequence: AGATCGGAAGAGCGTCGTGTAGGGAAAGAGTGT; Type: regular 3'; Length: 33; Trimmed: 17502017 times

Minimum overlap: 1
No. of allowed errors:
1-9 bp: 0; 10-19 bp: 1; 20-29 bp: 2; 30-33 bp: 3

Bases preceding removed adapters:
  A: 22.5%
  C: 32.3%
  G: 26.7%
  T: 18.3%
  none/other: 0.1%

Overview of removed sequences
length	count	expect	max.err	error counts
1	6561610	8520826.5	0	6561610
2	1835835	2130206.6	0	1835835
3	700332	532551.7	0	700332
4	308345	133137.9	0	308345
5	227377	33284.5	0	227377
6	199432	8321.1	0	199432
7	198654	2080.3	0	198654
8	189849	520.1	0	189849
9	185874	130.0	0	185149 725
10	189700	32.5	1	186024 3676
11	186435	8.1	1	182827 3608
12	193026	2.0	1	188575 4451
13	184763	0.5	1	181134 3629
14	188847	0.1	1	183982 4865
15	199993	0.0	1	194696 5297
16	179159	0.0	1	174242 4917
17	185796	0.0	1	178456 7340
18	181887	0.0	1	174739 7048 100
19	198791	0.0	1	189266 9394 131
20	178811	0.0	2	170775 7060 976
21	158190	0.0	2	150136 7242 812
22	160622	0.0	2	150488 9044 1090
23	167480	0.0	2	155630 10449 1401
24	180927	0.0	2	165910 12869 2148
25	157892	0.0	2	146979 9648 1265
26	163330	0.0	2	149701 11944 1685
27	174660	0.0	2	158414 13340 2897 9
28	148952	0.0	2	135523 11076 2179 174
29	144895	0.0	2	131546 11600 1711 38
30	151291	0.0	3	134641 12653 2901 1096
31	132842	0.0	3	120246 10051 1879 666
32	144668	0.0	3	128114 13188 2457 909
33	135852	0.0	3	123377 10282 1650 543
34	169008	0.0	3	146599 17149 3868 1392
35	108787	0.0	3	98764 8325 1269 429
36	140452	0.0	3	123710 13304 2553 885
37	127917	0.0	3	112954 12097 2176 690
38	128572	0.0	3	115220 10939 1824 589
39	110177	0.0	3	99414 8991 1344 428
40	145148	0.0	3	127411 13946 2824 967
41	90368	0.0	3	80814 7852 1242 460
42	104957	0.0	3	94697 8355 1421 484
43	110570	0.0	3	97572 10476 1922 600
44	97699	0.0	3	87125 8649 1452 473
45	116233	0.0	3	101002 11999 2388 844
46	87615	0.0	3	77524 8037 1557 497
47	85868	0.0	3	76387 7712 1345 424
48	95332	0.0	3	84055 9070 1697 510
49	82106	0.0	3	73100 7372 1242 392
50	75390	0.0	3	67126 6739 1125 400
51	72872	0.0	3	64422 6650 1307 493
52	76526	0.0	3	67129 7414 1450 533
53	61019	0.0	3	54967 4964 814 274
54	63445	0.0	3	55964 5875 1157 449
55	63284	0.0	3	56157 5676 1093 358
56	55115	0.0	3	49698 4417 743 257
57	58678	0.0	3	51312 5738 1226 402
58	62278	0.0	3	54744 6071 1148 315
59	42500	0.0	3	37761 3818 683 238
60	46646	0.0	3	41554 4147 697 248
61	39435	0.0	3	35625 3090 549 171
62	39962	0.0	3	35671 3435 628 228
63	31768	0.0	3	28672 2536 411 149
64	37772	0.0	3	33439 3481 637 215
65	27980	0.0	3	25518 2048 298 116
66	28234	0.0	3	25192 2510 410 122
67	28948	0.0	3	25761 2606 434 147
68	22947	0.0	3	20507 1993 348 99
69	19089	0.0	3	17205 1575 233 76
70	25456	0.0	3	22471 2406 417 162
71	11555	0.0	3	10230 1056 193 76
72	15199	0.0	3	13491 1363 254 91
73	15093	0.0	3	13273 1454 253 113
74	15160	0.0	3	13331 1477 264 88
75	15567	0.0	3	14215 1086 195 71
76	5084	0.0	3	4501 488 63 32
77	9416	0.0	3	8571 663 136 46
78	9119	0.0	3	8191 738 133 57
79	8608	0.0	3	7687 741 133 47
80	7577	0.0	3	6762 626 128 61
81	6869	0.0	3	6092 579 131 67
82	6280	0.0	3	5568 556 112 44
83	5448	0.0	3	4804 495 113 36
84	4868	0.0	3	4277 466 82 43
85	4618	0.0	3	4037 429 102 50
86	4452	0.0	3	3894 411 95 52
87	3916	0.0	3	3445 361 70 40
88	3626	0.0	3	3168 351 80 27
89	3548	0.0	3	3147 298 67 36
90	3302	0.0	3	2912 283 75 32
91	2855	0.0	3	2519 237 67 32
92	2703	0.0	3	2402 223 55 23
93	2338	0.0	3	2038 216 55 29
94	2116	0.0	3	1868 179 45 24
95	1764	0.0	3	1554 146 46 18
96	1800	0.0	3	1585 163 27 25
97	1686	0.0	3	1468 152 52 14
98	1656	0.0	3	1450 143 39 24
99	1453	0.0	3	1250 137 48 18
100	1373	0.0	3	1182 140 31 20
101	1212	0.0	3	1038 121 33 20
102	1088	0.0	3	930 98 31 29
103	1040	0.0	3	901 102 26 11
104	894	0.0	3	751 102 21 20
105	864	0.0	3	732 82 26 24
106	791	0.0	3	663 84 25 19
107	755	0.0	3	647 67 23 18
108	689	0.0	3	594 64 18 13
109	747	0.0	3	629 80 23 15
110	688	0.0	3	570 83 22 13
111	626	0.0	3	533 55 20 18
112	538	0.0	3	459 47 22 10
113	472	0.0	3	380 59 20 13
114	461	0.0	3	358 56 28 19
115	389	0.0	3	323 40 12 14
116	358	0.0	3	293 37 20 8
117	320	0.0	3	255 47 12 6
118	312	0.0	3	242 38 23 9
119	267	0.0	3	217 31 14 5
120	287	0.0	3	213 39 19 16
121	273	0.0	3	194 41 20 18
122	215	0.0	3	165 36 7 7
123	227	0.0	3	184 25 9 9
124	156	0.0	3	113 15 16 12
125	139	0.0	3	113 17 4 5
126	125	0.0	3	90 13 12 10
127	136	0.0	3	101 17 13 5
128	135	0.0	3	99 16 14 6
129	157	0.0	3	120 16 12 9
130	263	0.0	3	198 37 18 10
131	936	0.0	3	579 209 93 55
132	171	0.0	3	130 27 11 3
133	181	0.0	3	132 32 11 6
134	471	0.0	3	412 34 13 12
135	270	0.0	3	220 35 15
136	172	0.0	3	145 18 7 2
137	230	0.0	3	192 27 8 3
138	670	0.0	3	623 37 6 4
139	270	0.0	3	244 25 1
140	262	0.0	3	246 12 4
141	767	0.0	3	703 52 8 4
142	382	0.0	3	347 28 3 4
143	491	0.0	3	445 36 7 3
144	517	0.0	3	474 34 5 4
145	443	0.0	3	411 25 4 3
146	590	0.0	3	538 44 7 1
147	584	0.0	3	526 44 10 4
148	850	0.0	3	761 72 13 4
149	537	0.0	3	406 72 31 28
150	23280	0.0	3	20196 1978 610 496

RUN STATISTICS FOR INPUT FILE: /vortexfs1/omics/tepolt/raw_reads/C_maenas/Cm_yrv_2023/25-195_R2_001.fastq.gz
=============================================
34083306 sequences processed in total
Sequences removed because they became shorter than the length cutoff of 20 bp:	38069 (0.1%)

