
SUMMARISING RUN PARAMETERS
==========================
Input filename: /vortexfs1/omics/tepolt/raw_reads/C_maenas/Cm_yrv_2023/25-170_R2_001.fastq.gz
Trimming mode: single-end
Trim Galore version: 0.6.6
Cutadapt version: 3.5
Python version: could not detect
Number of cores used for trimming: 8
Quality Phred score cutoff: 20
Quality encoding type selected: ASCII+33
Adapter sequence: 'AGATCGGAAGAGCGTCGTGTAGGGAAAGAGTGT' (user defined)
Maximum trimming error rate: 0.1 (default)
Minimum required adapter overlap (stringency): 1 bp
Minimum required sequence length before a sequence gets removed: 20 bp
Running FastQC on the data once trimming has completed
Running FastQC with the following extra arguments: --outdir /vortexfs1/scratch/yaamini.venkataraman/wc-green-crab/output/06b-trimgalore     --threads 28
Output file will be GZIP compressed


This is cutadapt 3.5 with Python 3.9.5
Command line parameters: -j 8 -e 0.1 -q 20 -O 1 -a AGATCGGAAGAGCGTCGTGTAGGGAAAGAGTGT /vortexfs1/omics/tepolt/raw_reads/C_maenas/Cm_yrv_2023/25-170_R2_001.fastq.gz
Processing reads on 8 cores in single-end mode ...
Finished in 118.71 s (2 µs/read; 25.14 M reads/minute).

=== Summary ===

Total reads processed:              49,733,846
Reads with adapters:                22,628,497 (45.5%)
Reads written (passing filters):    49,733,846 (100.0%)

Total basepairs processed: 7,460,076,900 bp
Quality-trimmed:              23,009,347 bp (0.3%)
Total written (filtered):  7,231,991,895 bp (96.9%)

=== Adapter 1 ===

Sequence: AGATCGGAAGAGCGTCGTGTAGGGAAAGAGTGT; Type: regular 3'; Length: 33; Trimmed: 22628497 times

Minimum overlap: 1
No. of allowed errors:
1-9 bp: 0; 10-19 bp: 1; 20-29 bp: 2; 30-33 bp: 3

Bases preceding removed adapters:
  A: 26.7%
  C: 29.1%
  G: 25.1%
  T: 19.0%
  none/other: 0.1%

Overview of removed sequences
length	count	expect	max.err	error counts
1	11119241	12433461.5	0	11119241
2	3020847	3108365.4	0	3020847
3	1090712	777091.3	0	1090712
4	424641	194272.8	0	424641
5	273052	48568.2	0	273052
6	225497	12142.1	0	225497
7	217747	3035.5	0	217747
8	206737	758.9	0	206737
9	198805	189.7	0	197800 1005
10	201391	47.4	1	197221 4170
11	192804	11.9	1	188471 4333
12	198172	3.0	1	193459 4713
13	186086	0.7	1	182287 3799
14	190979	0.2	1	185964 5015
15	203024	0.0	1	197530 5494
16	179783	0.0	1	174589 5194
17	183998	0.0	1	176735 7263
18	177240	0.0	1	170114 7035 91
19	192941	0.0	1	183873 8970 98
20	173437	0.0	2	165644 6795 998
21	152467	0.0	2	144363 7313 791
22	153289	0.0	2	143516 8683 1090
23	157456	0.0	2	146095 9802 1559
24	167644	0.0	2	153561 12065 2018
25	144945	0.0	2	134511 9159 1275
26	148467	0.0	2	135922 10817 1728
27	154361	0.0	2	139932 11794 2627 8
28	128542	0.0	2	116885 9488 1993 176
29	127131	0.0	2	115093 10167 1821 50
30	131924	0.0	3	117165 11236 2556 967
31	106167	0.0	3	96319 7823 1454 571
32	119179	0.0	3	104453 11400 2464 862
33	120901	0.0	3	108264 9924 1954 759
34	103327	0.0	3	91620 9383 1758 566
35	104659	0.0	3	93877 8374 1696 712
36	129312	0.0	3	111355 13791 3130 1036
37	98375	0.0	3	86169 9586 1916 704
38	97400	0.0	3	88541 7465 1097 297
39	69994	0.0	3	63322 5581 809 282
40	80823	0.0	3	72142 7003 1228 450
41	80625	0.0	3	71042 7480 1573 530
42	80560	0.0	3	70367 7855 1702 636
43	77548	0.0	3	68284 7284 1458 522
44	65675	0.0	3	58317 5929 1068 361
45	87771	0.0	3	76130 9098 1906 637
46	53565	0.0	3	47033 5194 1007 331
47	51481	0.0	3	45687 4702 828 264
48	64035	0.0	3	56399 6132 1159 345
49	46784	0.0	3	41743 4121 704 216
50	44623	0.0	3	39574 3987 768 294
51	43565	0.0	3	38535 3982 776 272
52	46836	0.0	3	41085 4561 862 328
53	32092	0.0	3	28887 2577 457 171
54	37634	0.0	3	33004 3623 757 250
55	36075	0.0	3	32203 3068 616 188
56	29778	0.0	3	26881 2270 447 180
57	33818	0.0	3	29450 3392 715 261
58	36313	0.0	3	31940 3478 689 206
59	21560	0.0	3	19018 2002 402 138
60	25709	0.0	3	22958 2177 427 147
61	17333	0.0	3	15681 1339 236 77
62	20084	0.0	3	17920 1768 300 96
63	14401	0.0	3	12906 1184 225 86
64	20151	0.0	3	17952 1752 343 104
65	11633	0.0	3	10559 856 158 60
66	13331	0.0	3	11871 1168 201 91
67	13790	0.0	3	12306 1191 214 79
68	10133	0.0	3	8922 934 209 68
69	7800	0.0	3	6901 706 143 50
70	13683	0.0	3	12142 1223 229 89
71	3542	0.0	3	3003 424 65 50
72	7124	0.0	3	6321 612 132 59
73	7480	0.0	3	6536 720 165 59
74	7504	0.0	3	6568 748 129 59
75	7447	0.0	3	6716 550 135 46
76	2384	0.0	3	2087 235 38 24
77	4173	0.0	3	3765 309 62 37
78	4508	0.0	3	4022 381 71 34
79	4390	0.0	3	3874 380 98 38
80	3879	0.0	3	3407 357 84 31
81	3681	0.0	3	3188 373 91 29
82	3390	0.0	3	2970 305 71 44
83	2938	0.0	3	2492 301 93 52
84	2697	0.0	3	2312 257 83 45
85	2566	0.0	3	2159 297 73 37
86	2406	0.0	3	2062 236 62 46
87	2348	0.0	3	1999 247 65 37
88	2211	0.0	3	1880 240 66 25
89	2133	0.0	3	1870 180 55 28
90	1927	0.0	3	1651 192 48 36
91	1793	0.0	3	1566 169 37 21
92	1625	0.0	3	1393 171 36 25
93	1459	0.0	3	1244 154 32 29
94	1279	0.0	3	1063 152 39 25
95	1159	0.0	3	1011 102 25 21
96	1152	0.0	3	952 126 39 35
97	1100	0.0	3	903 141 38 18
98	1054	0.0	3	882 108 43 21
99	1081	0.0	3	893 123 48 17
100	931	0.0	3	761 106 38 26
101	922	0.0	3	756 106 32 28
102	996	0.0	3	693 181 73 49
103	771	0.0	3	629 92 31 19
104	727	0.0	3	608 76 31 12
105	602	0.0	3	503 60 19 20
106	644	0.0	3	501 84 37 22
107	707	0.0	3	525 98 46 38
108	935	0.0	3	529 183 129 94
109	592	0.0	3	478 59 25 30
110	552	0.0	3	429 67 39 17
111	522	0.0	3	397 72 37 16
112	483	0.0	3	365 62 33 23
113	377	0.0	3	290 50 22 15
114	456	0.0	3	334 60 40 22
115	480	0.0	3	270 85 74 51
116	385	0.0	3	261 60 34 30
117	411	0.0	3	260 65 49 37
118	368	0.0	3	266 53 31 18
119	345	0.0	3	215 55 40 35
120	528	0.0	3	241 111 102 74
121	396	0.0	3	231 69 48 48
122	524	0.0	3	233 144 77 70
123	255	0.0	3	179 34 24 18
124	163	0.0	3	117 21 18 7
125	169	0.0	3	121 28 12 8
126	159	0.0	3	101 35 13 10
127	162	0.0	3	99 32 18 13
128	167	0.0	3	116 22 14 15
129	149	0.0	3	103 24 11 11
130	286	0.0	3	179 48 22 37
131	6314	0.0	3	3369 1608 845 492
132	204	0.0	3	133 43 17 11
133	149	0.0	3	110 26 11 2
134	350	0.0	3	297 33 11 9
135	190	0.0	3	147 30 13
136	131	0.0	3	108 14 7 2
137	152	0.0	3	123 20 6 3
138	306	0.0	3	272 23 10 1
139	143	0.0	3	127 11 3 2
140	138	0.0	3	125 11 1 1
141	317	0.0	3	275 29 7 6
142	164	0.0	3	136 19 4 5
143	199	0.0	3	172 15 9 3
144	160	0.0	3	139 14 3 4
145	186	0.0	3	165 11 9 1
146	215	0.0	3	189 18 4 4
147	209	0.0	3	171 20 12 6
148	281	0.0	3	240 25 11 5
149	445	0.0	3	240 97 64 44
150	20767	0.0	3	13985 3172 2163 1447

RUN STATISTICS FOR INPUT FILE: /vortexfs1/omics/tepolt/raw_reads/C_maenas/Cm_yrv_2023/25-170_R2_001.fastq.gz
=============================================
49733846 sequences processed in total
Sequences removed because they became shorter than the length cutoff of 20 bp:	42230 (0.1%)

