
SUMMARISING RUN PARAMETERS
==========================
Input filename: /vortexfs1/omics/tepolt/raw_reads/C_maenas/Cm_yrv_2023/25-115_R2_001.fastq.gz
Trimming mode: single-end
Trim Galore version: 0.6.6
Cutadapt version: 3.5
Python version: could not detect
Number of cores used for trimming: 8
Quality Phred score cutoff: 20
Quality encoding type selected: ASCII+33
Adapter sequence: 'AGATCGGAAGAGCGTCGTGTAGGGAAAGAGTGT' (user defined)
Maximum trimming error rate: 0.1 (default)
Minimum required adapter overlap (stringency): 1 bp
Minimum required sequence length before a sequence gets removed: 20 bp
Running FastQC on the data once trimming has completed
Running FastQC with the following extra arguments: --outdir /vortexfs1/scratch/yaamini.venkataraman/wc-green-crab/output/06b-trimgalore     --threads 28
Output file will be GZIP compressed


This is cutadapt 3.5 with Python 3.9.5
Command line parameters: -j 8 -e 0.1 -q 20 -O 1 -a AGATCGGAAGAGCGTCGTGTAGGGAAAGAGTGT /vortexfs1/omics/tepolt/raw_reads/C_maenas/Cm_yrv_2023/25-115_R2_001.fastq.gz
Processing reads on 8 cores in single-end mode ...
Finished in 88.26 s (2 µs/read; 26.66 M reads/minute).

=== Summary ===

Total reads processed:              39,222,905
Reads with adapters:                19,966,901 (50.9%)
Reads written (passing filters):    39,222,905 (100.0%)

Total basepairs processed: 5,883,435,750 bp
Quality-trimmed:              15,934,117 bp (0.3%)
Total written (filtered):  5,575,167,262 bp (94.8%)

=== Adapter 1 ===

Sequence: AGATCGGAAGAGCGTCGTGTAGGGAAAGAGTGT; Type: regular 3'; Length: 33; Trimmed: 19966901 times

Minimum overlap: 1
No. of allowed errors:
1-9 bp: 0; 10-19 bp: 1; 20-29 bp: 2; 30-33 bp: 3

Bases preceding removed adapters:
  A: 23.2%
  C: 29.8%
  G: 29.7%
  T: 17.2%
  none/other: 0.0%

Overview of removed sequences
length	count	expect	max.err	error counts
1	7895523	9805726.2	0	7895523
2	2232862	2451431.6	0	2232862
3	842073	612857.9	0	842073
4	361062	153214.5	0	361062
5	254270	38303.6	0	254270
6	220397	9575.9	0	220397
7	217804	2394.0	0	217804
8	210321	598.5	0	210321
9	202623	149.6	0	201746 877
10	205945	37.4	1	202194 3751
11	201563	9.4	1	197693 3870
12	207070	2.3	1	202552 4518
13	196705	0.6	1	193073 3632
14	203086	0.1	1	198173 4913
15	216332	0.0	1	211026 5306
16	193853	0.0	1	188722 5131
17	201180	0.0	1	193839 7341
18	196524	0.0	1	189268 7142 114
19	212776	0.0	1	203620 9016 140
20	193578	0.0	2	185520 7125 933
21	170484	0.0	2	162215 7504 765
22	174390	0.0	2	163976 9317 1097
23	185516	0.0	2	173141 10947 1428
24	191241	0.0	2	176361 12876 2004
25	170887	0.0	2	159756 9870 1261
26	175647	0.0	2	161865 12058 1724
27	187226	0.0	2	170870 13516 2830 10
28	156226	0.0	2	143294 10780 1989 163
29	155988	0.0	2	142476 11709 1752 51
30	159143	0.0	3	143001 12458 2703 981
31	137288	0.0	3	125487 9533 1704 564
32	150281	0.0	3	133859 13024 2526 872
33	141935	0.0	3	129732 10074 1610 519
34	177795	0.0	3	155736 17008 3709 1342
35	112495	0.0	3	102805 8070 1232 388
36	145524	0.0	3	129216 12968 2486 854
37	131478	0.0	3	117202 11640 2009 627
38	130342	0.0	3	117742 10284 1760 556
39	113578	0.0	3	103045 8858 1302 373
40	145679	0.0	3	128670 13654 2548 807
41	90696	0.0	3	81744 7350 1220 382
42	104372	0.0	3	94915 7794 1232 431
43	109488	0.0	3	97576 9538 1771 603
44	96936	0.0	3	87157 7980 1333 466
45	113022	0.0	3	98715 11206 2347 754
46	87598	0.0	3	78277 7512 1346 463
47	85021	0.0	3	76247 7256 1123 395
48	93330	0.0	3	82811 8545 1503 471
49	77090	0.0	3	69186 6526 1053 325
50	71672	0.0	3	64383 5871 1050 368
51	68258	0.0	3	60727 5985 1147 399
52	70553	0.0	3	62328 6517 1280 428
53	56816	0.0	3	51622 4297 669 228
54	58457	0.0	3	52200 4999 893 365
55	57738	0.0	3	51705 4819 898 316
56	50241	0.0	3	45701 3712 608 220
57	51400	0.0	3	45525 4599 933 343
58	53195	0.0	3	47210 4832 880 273
59	40079	0.0	3	35684 3553 640 202
60	39196	0.0	3	35197 3274 549 176
61	34624	0.0	3	31332 2705 443 144
62	33974	0.0	3	30466 2853 495 160
63	26283	0.0	3	23797 2029 359 98
64	31153	0.0	3	27678 2792 523 160
65	22160	0.0	3	20288 1549 228 95
66	23072	0.0	3	20672 1984 314 102
67	22743	0.0	3	20353 1944 320 126
68	18171	0.0	3	16422 1428 235 86
69	15429	0.0	3	13926 1221 223 59
70	20669	0.0	3	18205 1968 374 122
71	8788	0.0	3	7824 778 135 51
72	11646	0.0	3	10328 1065 191 62
73	11612	0.0	3	10318 1028 187 79
74	11243	0.0	3	9989 987 195 72
75	12001	0.0	3	11026 778 149 48
76	3535	0.0	3	3096 351 68 20
77	6862	0.0	3	6223 501 98 40
78	6918	0.0	3	6227 558 95 38
79	6307	0.0	3	5651 505 103 48
80	5607	0.0	3	4962 481 108 56
81	5009	0.0	3	4398 475 94 42
82	4496	0.0	3	3965 367 108 56
83	4003	0.0	3	3495 359 98 51
84	3453	0.0	3	3024 308 95 26
85	3259	0.0	3	2875 294 61 29
86	3200	0.0	3	2793 300 77 30
87	2944	0.0	3	2575 284 46 39
88	2618	0.0	3	2297 243 54 24
89	2485	0.0	3	2185 231 49 20
90	2187	0.0	3	1951 167 52 17
91	1957	0.0	3	1724 177 37 19
92	1837	0.0	3	1602 163 44 28
93	1514	0.0	3	1327 129 33 25
94	1394	0.0	3	1220 113 45 16
95	1227	0.0	3	1061 118 33 15
96	1169	0.0	3	997 118 38 16
97	1156	0.0	3	1011 99 26 20
98	1107	0.0	3	957 100 32 18
99	1034	0.0	3	873 104 35 22
100	954	0.0	3	800 90 41 23
101	870	0.0	3	734 88 26 22
102	828	0.0	3	659 95 46 28
103	758	0.0	3	591 104 40 23
104	682	0.0	3	530 91 34 27
105	651	0.0	3	501 85 40 25
106	601	0.0	3	466 66 43 26
107	685	0.0	3	510 89 55 31
108	781	0.0	3	459 159 95 68
109	559	0.0	3	394 82 52 31
110	640	0.0	3	414 109 56 61
111	500	0.0	3	312 100 48 40
112	578	0.0	3	350 105 65 58
113	477	0.0	3	282 76 71 48
114	491	0.0	3	273 81 85 52
115	636	0.0	3	264 139 142 91
116	654	0.0	3	277 165 115 97
117	576	0.0	3	259 131 100 86
118	525	0.0	3	276 98 90 61
119	692	0.0	3	309 155 136 92
120	1521	0.0	3	462 397 397 265
121	2192	0.0	3	583 650 568 391
122	1252	0.0	3	466 387 235 164
123	461	0.0	3	244 105 71 41
124	218	0.0	3	136 30 21 31
125	274	0.0	3	161 59 24 30
126	226	0.0	3	113 41 42 30
127	251	0.0	3	135 51 39 26
128	349	0.0	3	119 61 80 89
129	475	0.0	3	153 95 108 119
130	4552	0.0	3	1950 1047 878 677
131	297603	0.0	3	186147 67855 28876 14725
132	891	0.0	3	663 154 46 28
133	244	0.0	3	195 37 9 3
134	206	0.0	3	185 18 1 2
135	170	0.0	3	142 22 4 2
136	119	0.0	3	105 11 3
137	127	0.0	3	117 6 0 4
138	222	0.0	3	202 13 6 1
139	162	0.0	3	148 12 1 1
140	178	0.0	3	163 14 1
141	318	0.0	3	296 19 2 1
142	175	0.0	3	160 12 3
143	279	0.0	3	252 22 1 4
144	349	0.0	3	316 26 4 3
145	312	0.0	3	285 23 3 1
146	468	0.0	3	433 25 7 3
147	477	0.0	3	433 32 9 3
148	328	0.0	3	301 20 4 3
149	201	0.0	3	152 30 16 3
150	6469	0.0	3	5365 653 213 238

RUN STATISTICS FOR INPUT FILE: /vortexfs1/omics/tepolt/raw_reads/C_maenas/Cm_yrv_2023/25-115_R2_001.fastq.gz
=============================================
39222905 sequences processed in total
Sequences removed because they became shorter than the length cutoff of 20 bp:	320375 (0.8%)

