
SUMMARISING RUN PARAMETERS
==========================
Input filename: /vortexfs1/omics/tepolt/raw_reads/C_maenas/Cm_yrv_2023/25-110_R2_001.fastq.gz
Trimming mode: single-end
Trim Galore version: 0.6.6
Cutadapt version: 3.5
Python version: could not detect
Number of cores used for trimming: 8
Quality Phred score cutoff: 20
Quality encoding type selected: ASCII+33
Adapter sequence: 'AGATCGGAAGAGCGTCGTGTAGGGAAAGAGTGT' (user defined)
Maximum trimming error rate: 0.1 (default)
Minimum required adapter overlap (stringency): 1 bp
Minimum required sequence length before a sequence gets removed: 20 bp
Running FastQC on the data once trimming has completed
Running FastQC with the following extra arguments: --outdir /vortexfs1/scratch/yaamini.venkataraman/wc-green-crab/output/06b-trimgalore     --threads 28
Output file will be GZIP compressed


This is cutadapt 3.5 with Python 3.9.5
Command line parameters: -j 8 -e 0.1 -q 20 -O 1 -a AGATCGGAAGAGCGTCGTGTAGGGAAAGAGTGT /vortexfs1/omics/tepolt/raw_reads/C_maenas/Cm_yrv_2023/25-110_R2_001.fastq.gz
Processing reads on 8 cores in single-end mode ...
Finished in 86.90 s (2 µs/read; 24.52 M reads/minute).

=== Summary ===

Total reads processed:              35,508,585
Reads with adapters:                16,293,217 (45.9%)
Reads written (passing filters):    35,508,585 (100.0%)

Total basepairs processed: 5,326,287,750 bp
Quality-trimmed:              15,730,756 bp (0.3%)
Total written (filtered):  5,166,584,252 bp (97.0%)

=== Adapter 1 ===

Sequence: AGATCGGAAGAGCGTCGTGTAGGGAAAGAGTGT; Type: regular 3'; Length: 33; Trimmed: 16293217 times

Minimum overlap: 1
No. of allowed errors:
1-9 bp: 0; 10-19 bp: 1; 20-29 bp: 2; 30-33 bp: 3

Bases preceding removed adapters:
  A: 27.6%
  C: 26.5%
  G: 24.3%
  T: 21.5%
  none/other: 0.1%

Overview of removed sequences
length	count	expect	max.err	error counts
1	8315825	8877146.2	0	8315825
2	2093862	2219286.6	0	2093862
3	708440	554821.6	0	708440
4	288993	138705.4	0	288993
5	185864	34676.4	0	185864
6	155364	8669.1	0	155364
7	152408	2167.3	0	152408
8	141048	541.8	0	141048
9	135279	135.5	0	134723 556
10	136504	33.9	1	133639 2865
11	132249	8.5	1	129445 2804
12	136804	2.1	1	133444 3360
13	128893	0.5	1	126213 2680
14	133513	0.1	1	129883 3630
15	146643	0.0	1	142439 4204
16	124645	0.0	1	120773 3872
17	130852	0.0	1	125465 5387
18	125984	0.0	1	120826 5088 70
19	137586	0.0	1	130962 6539 85
20	123224	0.0	2	117376 5154 694
21	104919	0.0	2	99032 5283 604
22	106208	0.0	2	99050 6393 765
23	111664	0.0	2	103188 7290 1186
24	115285	0.0	2	105447 8504 1334
25	103454	0.0	2	95483 6956 1015
26	103007	0.0	2	93846 7949 1212
27	110591	0.0	2	99788 8902 1898 3
28	86719	0.0	2	78642 6660 1322 95
29	90629	0.0	2	81343 7821 1428 37
30	85876	0.0	3	75734 7974 1582 586
31	78597	0.0	3	70435 6584 1167 411
32	81181	0.0	3	71292 7713 1578 598
33	89235	0.0	3	78280 8339 1902 714
34	71352	0.0	3	62663 6896 1317 476
35	75602	0.0	3	66616 6807 1507 672
36	124831	0.0	3	107190 13721 3045 875
37	41217	0.0	3	34873 5046 964 334
38	93006	0.0	3	82819 8285 1529 373
39	44839	0.0	3	39412 4485 719 223
40	68823	0.0	3	61889 5780 909 245
41	40173	0.0	3	35730 3709 545 189
42	49202	0.0	3	44304 4063 626 209
43	54998	0.0	3	48931 4992 832 243
44	44390	0.0	3	39598 3934 659 199
45	68189	0.0	3	59918 6616 1269 386
46	37821	0.0	3	33197 3724 650 250
47	33600	0.0	3	29950 2970 501 179
48	54121	0.0	3	47934 5038 884 265
49	30427	0.0	3	27223 2694 398 112
50	31087	0.0	3	27640 2835 454 158
51	30847	0.0	3	27362 2835 475 175
52	34949	0.0	3	30718 3415 621 195
53	20424	0.0	3	18329 1720 258 117
54	27327	0.0	3	24031 2610 525 161
55	26023	0.0	3	23321 2217 395 90
56	20620	0.0	3	18451 1727 321 121
57	26612	0.0	3	23323 2631 470 188
58	29937	0.0	3	26705 2621 473 138
59	15828	0.0	3	13949 1522 267 90
60	16042	0.0	3	14393 1330 226 93
61	12195	0.0	3	10914 1027 182 72
62	16714	0.0	3	15030 1351 267 66
63	8387	0.0	3	7433 757 133 64
64	15089	0.0	3	13636 1197 188 68
65	6943	0.0	3	6190 621 96 36
66	8729	0.0	3	7752 814 104 59
67	9519	0.0	3	8484 866 138 31
68	6592	0.0	3	5836 614 93 49
69	4502	0.0	3	3956 437 80 29
70	9183	0.0	3	8207 776 156 44
71	1804	0.0	3	1446 266 64 28
72	4420	0.0	3	3897 412 82 29
73	4958	0.0	3	4385 465 77 31
74	4778	0.0	3	4243 438 74 23
75	4443	0.0	3	4015 358 51 19
76	1186	0.0	3	991 141 39 15
77	2435	0.0	3	2189 191 36 19
78	2789	0.0	3	2444 259 55 31
79	2722	0.0	3	2364 302 40 16
80	2327	0.0	3	2026 226 48 27
81	2100	0.0	3	1844 191 39 26
82	1899	0.0	3	1621 207 52 19
83	1653	0.0	3	1409 176 39 29
84	1492	0.0	3	1254 179 45 14
85	1336	0.0	3	1167 119 34 16
86	1301	0.0	3	1089 164 31 17
87	1194	0.0	3	1021 124 29 20
88	1130	0.0	3	948 137 33 12
89	965	0.0	3	855 83 15 12
90	962	0.0	3	839 92 22 9
91	924	0.0	3	816 81 20 7
92	870	0.0	3	762 76 24 8
93	661	0.0	3	565 64 18 14
94	628	0.0	3	543 62 15 8
95	581	0.0	3	498 52 21 10
96	474	0.0	3	403 50 11 10
97	451	0.0	3	377 55 11 8
98	446	0.0	3	372 38 23 13
99	437	0.0	3	346 52 29 10
100	404	0.0	3	329 48 16 11
101	340	0.0	3	275 38 17 10
102	342	0.0	3	275 41 17 9
103	306	0.0	3	250 25 18 13
104	306	0.0	3	253 33 11 9
105	278	0.0	3	231 30 8 9
106	269	0.0	3	213 29 20 7
107	267	0.0	3	214 32 16 5
108	225	0.0	3	188 20 10 7
109	228	0.0	3	179 32 10 7
110	191	0.0	3	147 28 12 4
111	194	0.0	3	145 28 11 10
112	202	0.0	3	160 24 10 8
113	168	0.0	3	131 23 7 7
114	161	0.0	3	121 23 13 4
115	132	0.0	3	87 17 20 8
116	132	0.0	3	98 18 10 6
117	131	0.0	3	88 24 13 6
118	122	0.0	3	79 20 12 11
119	124	0.0	3	82 24 10 8
120	129	0.0	3	84 23 6 16
121	158	0.0	3	73 46 21 18
122	120	0.0	3	75 28 12 5
123	77	0.0	3	50 16 8 3
124	61	0.0	3	42 11 3 5
125	61	0.0	3	44 8 2 7
126	58	0.0	3	42 9 3 4
127	66	0.0	3	45 10 5 6
128	76	0.0	3	48 10 11 7
129	93	0.0	3	56 22 5 10
130	367	0.0	3	185 81 61 40
131	11265	0.0	3	6934 2596 1123 612
132	123	0.0	3	93 17 12 1
133	72	0.0	3	53 13 4 2
134	198	0.0	3	176 14 4 4
135	75	0.0	3	64 9 1 1
136	61	0.0	3	46 12 3
137	93	0.0	3	79 12 1 1
138	135	0.0	3	120 11 3 1
139	85	0.0	3	78 6 1
140	111	0.0	3	100 8 2 1
141	235	0.0	3	212 20 2 1
142	128	0.0	3	117 6 1 4
143	188	0.0	3	165 17 5 1
144	241	0.0	3	214 21 3 3
145	219	0.0	3	191 23 3 2
146	345	0.0	3	315 18 9 3
147	292	0.0	3	264 16 6 6
148	305	0.0	3	272 22 10 1
149	254	0.0	3	150 64 18 22
150	10153	0.0	3	7490 1369 831 463

RUN STATISTICS FOR INPUT FILE: /vortexfs1/omics/tepolt/raw_reads/C_maenas/Cm_yrv_2023/25-110_R2_001.fastq.gz
=============================================
35508585 sequences processed in total
Sequences removed because they became shorter than the length cutoff of 20 bp:	34134 (0.1%)

