
SUMMARISING RUN PARAMETERS
==========================
Input filename: /vortexfs1/omics/tepolt/raw_reads/C_maenas/Cm_yrv_2023/25-116_R2_001.fastq.gz
Trimming mode: single-end
Trim Galore version: 0.6.6
Cutadapt version: 3.5
Python version: could not detect
Number of cores used for trimming: 8
Quality Phred score cutoff: 20
Quality encoding type selected: ASCII+33
Adapter sequence: 'AGATCGGAAGAGCGTCGTGTAGGGAAAGAGTGT' (user defined)
Maximum trimming error rate: 0.1 (default)
Minimum required adapter overlap (stringency): 1 bp
Minimum required sequence length before a sequence gets removed: 20 bp
Running FastQC on the data once trimming has completed
Running FastQC with the following extra arguments: --outdir /vortexfs1/scratch/yaamini.venkataraman/wc-green-crab/output/06b-trimgalore     --threads 28
Output file will be GZIP compressed


This is cutadapt 3.5 with Python 3.9.5
Command line parameters: -j 8 -e 0.1 -q 20 -O 1 -a AGATCGGAAGAGCGTCGTGTAGGGAAAGAGTGT /vortexfs1/omics/tepolt/raw_reads/C_maenas/Cm_yrv_2023/25-116_R2_001.fastq.gz
Processing reads on 8 cores in single-end mode ...
Finished in 103.21 s (2 µs/read; 25.74 M reads/minute).

=== Summary ===

Total reads processed:              44,276,886
Reads with adapters:                20,651,099 (46.6%)
Reads written (passing filters):    44,276,886 (100.0%)

Total basepairs processed: 6,641,532,900 bp
Quality-trimmed:              18,696,958 bp (0.3%)
Total written (filtered):  6,423,299,826 bp (96.7%)

=== Adapter 1 ===

Sequence: AGATCGGAAGAGCGTCGTGTAGGGAAAGAGTGT; Type: regular 3'; Length: 33; Trimmed: 20651099 times

Minimum overlap: 1
No. of allowed errors:
1-9 bp: 0; 10-19 bp: 1; 20-29 bp: 2; 30-33 bp: 3

Bases preceding removed adapters:
  A: 26.2%
  C: 28.7%
  G: 25.8%
  T: 19.2%
  none/other: 0.1%

Overview of removed sequences
length	count	expect	max.err	error counts
1	9784391	11069221.5	0	9784391
2	2640411	2767305.4	0	2640411
3	944082	691826.3	0	944082
4	389454	172956.6	0	389454
5	261652	43239.1	0	261652
6	219762	10809.8	0	219762
7	215236	2702.4	0	215236
8	203080	675.6	0	203080
9	196745	168.9	0	195854 891
10	196283	42.2	1	192439 3844
11	191202	10.6	1	187112 4090
12	194205	2.6	1	189902 4303
13	186447	0.7	1	182609 3838
14	187881	0.2	1	183260 4621
15	202590	0.0	1	197286 5304
16	178340	0.0	1	173305 5035
17	182354	0.0	1	175455 6899
18	176148	0.0	1	169466 6586 96
19	186423	0.0	1	178174 8136 113
20	176757	0.0	2	169152 6673 932
21	149866	0.0	2	142286 6808 772
22	152282	0.0	2	142920 8382 980
23	157211	0.0	2	146291 9461 1459
24	164918	0.0	2	152031 11196 1691
25	145792	0.0	2	135623 8934 1235
26	147538	0.0	2	135564 10483 1491
27	155029	0.0	2	140928 11688 2402 11
28	127896	0.0	2	116966 9068 1719 143
29	126456	0.0	2	115126 9777 1510 43
30	121303	0.0	3	108634 9788 2014 867
31	116215	0.0	3	104767 9036 1808 604
32	114728	0.0	3	102578 9785 1746 619
33	113480	0.0	3	102635 8553 1606 686
34	119853	0.0	3	103365 12134 2990 1364
35	119913	0.0	3	107491 9932 1870 620
36	91510	0.0	3	81717 7825 1432 536
37	93196	0.0	3	83348 8113 1310 425
38	96909	0.0	3	87149 7954 1349 457
39	88081	0.0	3	78446 7812 1384 439
40	87087	0.0	3	77840 7522 1308 417
41	84151	0.0	3	74230 7920 1516 485
42	69000	0.0	3	62844 5123 799 234
43	73116	0.0	3	65199 6416 1122 379
44	67785	0.0	3	60710 5784 970 321
45	74442	0.0	3	64958 7412 1548 524
46	60316	0.0	3	53552 5452 935 377
47	56280	0.0	3	50370 4857 802 251
48	60767	0.0	3	54001 5454 964 348
49	50429	0.0	3	45266 4292 669 202
50	45411	0.0	3	40655 3879 641 236
51	43646	0.0	3	38684 3950 730 282
52	43353	0.0	3	38309 3906 846 292
53	35299	0.0	3	31864 2802 458 175
54	35980	0.0	3	31882 3273 614 211
55	35564	0.0	3	31674 3090 620 180
56	30084	0.0	3	27135 2389 390 170
57	31935	0.0	3	28147 2937 600 251
58	33674	0.0	3	29667 3255 571 181
59	21740	0.0	3	19347 1943 335 115
60	23945	0.0	3	21429 2044 334 138
61	20379	0.0	3	18393 1625 265 96
62	19642	0.0	3	17518 1688 323 113
63	15736	0.0	3	14152 1281 224 79
64	18432	0.0	3	16382 1639 297 114
65	13459	0.0	3	12189 1039 154 77
66	13744	0.0	3	12240 1225 199 80
67	13245	0.0	3	11744 1217 208 76
68	11270	0.0	3	10075 959 173 63
69	9173	0.0	3	8254 724 143 52
70	12160	0.0	3	10718 1157 210 75
71	5793	0.0	3	5158 496 100 39
72	7089	0.0	3	6260 644 135 50
73	7142	0.0	3	6305 676 128 33
74	7129	0.0	3	6310 667 106 46
75	7125	0.0	3	6551 462 89 23
76	2085	0.0	3	1802 226 34 23
77	4400	0.0	3	3994 316 63 27
78	4458	0.0	3	4007 347 71 33
79	4202	0.0	3	3706 376 78 42
80	3906	0.0	3	3425 367 85 29
81	3540	0.0	3	3033 364 89 54
82	3341	0.0	3	2842 315 103 81
83	2909	0.0	3	2404 334 107 64
84	2563	0.0	3	2209 245 65 44
85	2350	0.0	3	2010 234 71 35
86	2275	0.0	3	1915 241 84 35
87	2162	0.0	3	1867 211 54 30
88	2052	0.0	3	1759 222 48 23
89	1933	0.0	3	1691 168 46 28
90	1791	0.0	3	1562 149 57 23
91	1732	0.0	3	1483 178 45 26
92	1589	0.0	3	1371 148 42 28
93	1380	0.0	3	1174 154 34 18
94	1207	0.0	3	1027 122 34 24
95	1157	0.0	3	992 110 30 25
96	995	0.0	3	828 112 31 24
97	1007	0.0	3	853 97 35 22
98	1023	0.0	3	887 91 28 17
99	1086	0.0	3	888 118 38 42
100	916	0.0	3	775 84 42 15
101	839	0.0	3	717 74 30 18
102	728	0.0	3	583 90 41 14
103	723	0.0	3	615 68 20 20
104	564	0.0	3	475 55 20 14
105	574	0.0	3	471 60 22 21
106	564	0.0	3	453 63 29 19
107	900	0.0	3	760 85 38 17
108	534	0.0	3	431 71 21 11
109	556	0.0	3	461 60 27 8
110	499	0.0	3	404 53 28 14
111	474	0.0	3	396 49 20 9
112	422	0.0	3	336 54 22 10
113	403	0.0	3	315 58 16 14
114	370	0.0	3	300 45 17 8
115	303	0.0	3	232 29 29 13
116	335	0.0	3	245 50 18 22
117	249	0.0	3	181 31 23 14
118	285	0.0	3	214 46 15 10
119	306	0.0	3	236 38 19 13
120	275	0.0	3	167 41 40 27
121	347	0.0	3	217 58 41 31
122	241	0.0	3	174 38 16 13
123	199	0.0	3	148 31 12 8
124	132	0.0	3	104 12 11 5
125	122	0.0	3	89 16 12 5
126	110	0.0	3	90 12 6 2
127	133	0.0	3	108 13 6 6
128	116	0.0	3	87 15 12 2
129	121	0.0	3	83 15 13 10
130	399	0.0	3	294 56 24 25
131	6830	0.0	3	3951 1626 788 465
132	149	0.0	3	118 17 9 5
133	118	0.0	3	94 19 3 2
134	298	0.0	3	258 28 10 2
135	144	0.0	3	118 20 4 2
136	108	0.0	3	101 5 2
137	161	0.0	3	136 18 6 1
138	230	0.0	3	210 17 2 1
139	142	0.0	3	124 11 7
140	171	0.0	3	156 12 3
141	308	0.0	3	282 18 2 6
142	171	0.0	3	155 10 5 1
143	287	0.0	3	257 22 6 2
144	352	0.0	3	329 18 4 1
145	289	0.0	3	266 18 4 1
146	407	0.0	3	363 34 9 1
147	405	0.0	3	369 27 5 4
148	481	0.0	3	435 36 6 4
149	400	0.0	3	224 132 27 17
150	10625	0.0	3	9035 929 360 301

RUN STATISTICS FOR INPUT FILE: /vortexfs1/omics/tepolt/raw_reads/C_maenas/Cm_yrv_2023/25-116_R2_001.fastq.gz
=============================================
44276886 sequences processed in total
Sequences removed because they became shorter than the length cutoff of 20 bp:	31908 (0.1%)

