
SUMMARISING RUN PARAMETERS
==========================
Input filename: /vortexfs1/omics/tepolt/raw_reads/C_maenas/Cm_yrv_2023/25-117_R2_001.fastq.gz
Trimming mode: single-end
Trim Galore version: 0.6.6
Cutadapt version: 3.5
Python version: could not detect
Number of cores used for trimming: 8
Quality Phred score cutoff: 20
Quality encoding type selected: ASCII+33
Adapter sequence: 'AGATCGGAAGAGCGTCGTGTAGGGAAAGAGTGT' (user defined)
Maximum trimming error rate: 0.1 (default)
Minimum required adapter overlap (stringency): 1 bp
Minimum required sequence length before a sequence gets removed: 20 bp
Running FastQC on the data once trimming has completed
Running FastQC with the following extra arguments: --outdir /vortexfs1/scratch/yaamini.venkataraman/wc-green-crab/output/06b-trimgalore     --threads 28
Output file will be GZIP compressed


This is cutadapt 3.5 with Python 3.9.5
Command line parameters: -j 8 -e 0.1 -q 20 -O 1 -a AGATCGGAAGAGCGTCGTGTAGGGAAAGAGTGT /vortexfs1/omics/tepolt/raw_reads/C_maenas/Cm_yrv_2023/25-117_R2_001.fastq.gz
Processing reads on 8 cores in single-end mode ...
Finished in 90.22 s (2 µs/read; 25.88 M reads/minute).

=== Summary ===

Total reads processed:              38,909,636
Reads with adapters:                20,063,115 (51.6%)
Reads written (passing filters):    38,909,636 (100.0%)

Total basepairs processed: 5,836,445,400 bp
Quality-trimmed:              18,886,941 bp (0.3%)
Total written (filtered):  5,419,915,970 bp (92.9%)

=== Adapter 1 ===

Sequence: AGATCGGAAGAGCGTCGTGTAGGGAAAGAGTGT; Type: regular 3'; Length: 33; Trimmed: 20063115 times

Minimum overlap: 1
No. of allowed errors:
1-9 bp: 0; 10-19 bp: 1; 20-29 bp: 2; 30-33 bp: 3

Bases preceding removed adapters:
  A: 21.4%
  C: 29.8%
  G: 30.0%
  T: 18.7%
  none/other: 0.1%

Overview of removed sequences
length	count	expect	max.err	error counts
1	7481598	9727409.0	0	7481598
2	2059909	2431852.2	0	2059909
3	736600	607963.1	0	736600
4	292704	151990.8	0	292704
5	191111	37997.7	0	191111
6	159952	9499.4	0	159952
7	155016	2374.9	0	155016
8	150004	593.7	0	150004
9	145149	148.4	0	144517 632
10	149596	37.1	1	146530 3066
11	148734	9.3	1	145641 3093
12	154648	2.3	1	151121 3527
13	151069	0.6	1	148001 3068
14	155440	0.1	1	151588 3852
15	167421	0.0	1	163321 4100
16	151283	0.0	1	147083 4200
17	151620	0.0	1	146274 5346
18	150017	0.0	1	144360 5571 86
19	149291	0.0	1	143069 6119 103
20	169548	0.0	2	161818 6709 1021
21	126406	0.0	2	119956 5794 656
22	140070	0.0	2	130683 8575 812
23	150474	0.0	2	138992 10157 1325
24	159281	0.0	2	145825 11899 1557
25	142814	0.0	2	131960 9599 1255
26	146488	0.0	2	133769 11149 1570
27	156016	0.0	2	140781 12583 2638 14
28	128746	0.0	2	117203 9589 1836 118
29	132365	0.0	2	119855 10656 1806 48
30	124945	0.0	3	112373 9944 1897 731
31	134806	0.0	3	119229 11970 2600 1007
32	130546	0.0	3	116866 11100 1898 682
33	145856	0.0	3	129995 12299 2533 1029
34	126877	0.0	3	112932 11323 1931 691
35	135511	0.0	3	122649 10423 1782 657
36	141258	0.0	3	122983 13879 3116 1280
37	143371	0.0	3	124257 14543 3246 1325
38	130686	0.0	3	117222 10784 1902 778
39	119602	0.0	3	107120 10217 1675 590
40	128020	0.0	3	112514 12311 2348 847
41	117758	0.0	3	102740 11224 2540 1254
42	112650	0.0	3	102281 8782 1175 412
43	123472	0.0	3	109091 11500 2145 736
44	116000	0.0	3	104008 9951 1585 456
45	138330	0.0	3	119814 14472 2938 1106
46	116092	0.0	3	102891 10519 2034 648
47	113277	0.0	3	101250 9965 1557 505
48	125886	0.0	3	111113 11816 2170 787
49	106339	0.0	3	95264 8878 1729 468
50	101756	0.0	3	90970 8771 1488 527
51	102275	0.0	3	90735 9266 1703 571
52	108795	0.0	3	95706 10427 1940 722
53	94101	0.0	3	84747 7746 1205 403
54	102443	0.0	3	90821 9316 1652 654
55	110312	0.0	3	98062 9858 1786 606
56	97190	0.0	3	87989 7529 1236 436
57	108201	0.0	3	95133 10224 2009 835
58	122943	0.0	3	108065 12030 2177 671
59	87278	0.0	3	77146 8342 1341 449
60	95189	0.0	3	85077 8371 1301 440
61	81746	0.0	3	74022 6432 954 338
62	85250	0.0	3	75946 7555 1289 460
63	76042	0.0	3	68633 6098 962 349
64	96185	0.0	3	85563 8767 1397 458
65	75144	0.0	3	68770 5346 739 289
66	85596	0.0	3	76631 7468 1142 355
67	86654	0.0	3	77374 7704 1211 365
68	78200	0.0	3	70259 6578 1056 307
69	66389	0.0	3	60119 5308 715 247
70	88562	0.0	3	78403 8385 1337 437
71	45874	0.0	3	41107 3925 613 229
72	59290	0.0	3	53113 5131 798 248
73	65223	0.0	3	57823 6116 985 299
74	70694	0.0	3	63277 6211 909 297
75	78706	0.0	3	72612 5135 744 215
76	23088	0.0	3	20133 2481 348 126
77	53755	0.0	3	49221 3677 647 210
78	55443	0.0	3	50223 4335 640 245
79	52012	0.0	3	46853 4163 706 290
80	48176	0.0	3	43246 4018 686 226
81	45437	0.0	3	40707 3892 622 216
82	42746	0.0	3	38300 3660 559 227
83	38762	0.0	3	34502 3451 593 216
84	37526	0.0	3	33510 3257 541 218
85	37612	0.0	3	33576 3253 581 202
86	37753	0.0	3	33587 3375 577 214
87	38485	0.0	3	34389 3337 545 214
88	35714	0.0	3	32079 2894 535 206
89	33027	0.0	3	30039 2371 444 173
90	29460	0.0	3	26711 2223 384 142
91	26455	0.0	3	23941 2037 348 129
92	24089	0.0	3	21706 1962 305 116
93	20762	0.0	3	18696 1645 298 123
94	20146	0.0	3	18169 1602 274 101
95	18325	0.0	3	16621 1417 203 84
96	17329	0.0	3	15737 1280 217 95
97	16944	0.0	3	15248 1362 243 91
98	15729	0.0	3	14251 1191 217 70
99	14208	0.0	3	12872 1084 173 79
100	12157	0.0	3	10992 889 184 92
101	10503	0.0	3	9582 723 131 67
102	8743	0.0	3	7912 655 120 56
103	7819	0.0	3	7097 573 108 41
104	6624	0.0	3	5935 551 102 36
105	6093	0.0	3	5462 486 101 44
106	5676	0.0	3	5157 401 80 38
107	5841	0.0	3	5277 439 87 38
108	5099	0.0	3	4614 369 77 39
109	4572	0.0	3	4126 356 59 31
110	4026	0.0	3	3646 288 67 25
111	3385	0.0	3	3068 258 41 18
112	2829	0.0	3	2552 205 56 16
113	2231	0.0	3	2007 173 30 21
114	2191	0.0	3	1997 157 26 11
115	1675	0.0	3	1503 113 40 19
116	1618	0.0	3	1459 124 22 13
117	1367	0.0	3	1237 90 27 13
118	1456	0.0	3	1321 97 22 16
119	1176	0.0	3	1057 78 24 17
120	1065	0.0	3	955 81 16 13
121	1066	0.0	3	943 86 25 12
122	724	0.0	3	638 71 9 6
123	508	0.0	3	444 46 10 8
124	406	0.0	3	366 28 8 4
125	315	0.0	3	269 31 7 8
126	266	0.0	3	218 29 10 9
127	237	0.0	3	209 20 7 1
128	258	0.0	3	214 30 10 4
129	224	0.0	3	195 21 5 3
130	327	0.0	3	279 33 9 6
131	836	0.0	3	575 166 58 37
132	258	0.0	3	224 26 5 3
133	243	0.0	3	215 21 3 4
134	593	0.0	3	531 50 8 4
135	411	0.0	3	360 37 10 4
136	367	0.0	3	334 26 3 4
137	398	0.0	3	354 34 8 2
138	632	0.0	3	589 39 3 1
139	455	0.0	3	423 26 4 2
140	615	0.0	3	563 39 10 3
141	910	0.0	3	836 62 10 2
142	574	0.0	3	517 40 10 7
143	773	0.0	3	721 37 9 6
144	907	0.0	3	827 68 8 4
145	894	0.0	3	810 76 6 2
146	1185	0.0	3	1080 86 10 9
147	1023	0.0	3	921 78 14 10
148	758	0.0	3	677 58 18 5
149	357	0.0	3	256 65 21 15
150	12776	0.0	3	10358 1373 529 516

RUN STATISTICS FOR INPUT FILE: /vortexfs1/omics/tepolt/raw_reads/C_maenas/Cm_yrv_2023/25-117_R2_001.fastq.gz
=============================================
38909636 sequences processed in total
Sequences removed because they became shorter than the length cutoff of 20 bp:	34539 (0.1%)

