
SUMMARISING RUN PARAMETERS
==========================
Input filename: /vortexfs1/omics/tepolt/raw_reads/C_maenas/Cm_yrv_2023/25-186_R2_001.fastq.gz
Trimming mode: single-end
Trim Galore version: 0.6.6
Cutadapt version: 3.5
Python version: could not detect
Number of cores used for trimming: 8
Quality Phred score cutoff: 20
Quality encoding type selected: ASCII+33
Adapter sequence: 'AGATCGGAAGAGCGTCGTGTAGGGAAAGAGTGT' (user defined)
Maximum trimming error rate: 0.1 (default)
Minimum required adapter overlap (stringency): 1 bp
Minimum required sequence length before a sequence gets removed: 20 bp
Running FastQC on the data once trimming has completed
Running FastQC with the following extra arguments: --outdir /vortexfs1/scratch/yaamini.venkataraman/wc-green-crab/output/06b-trimgalore     --threads 28
Output file will be GZIP compressed


This is cutadapt 3.5 with Python 3.9.5
Command line parameters: -j 8 -e 0.1 -q 20 -O 1 -a AGATCGGAAGAGCGTCGTGTAGGGAAAGAGTGT /vortexfs1/omics/tepolt/raw_reads/C_maenas/Cm_yrv_2023/25-186_R2_001.fastq.gz
Processing reads on 8 cores in single-end mode ...
Finished in 64.00 s (2 µs/read; 24.37 M reads/minute).

=== Summary ===

Total reads processed:              25,992,262
Reads with adapters:                12,153,074 (46.8%)
Reads written (passing filters):    25,992,262 (100.0%)

Total basepairs processed: 3,898,839,300 bp
Quality-trimmed:              13,591,347 bp (0.3%)
Total written (filtered):  3,731,034,163 bp (95.7%)

=== Adapter 1 ===

Sequence: AGATCGGAAGAGCGTCGTGTAGGGAAAGAGTGT; Type: regular 3'; Length: 33; Trimmed: 12153074 times

Minimum overlap: 1
No. of allowed errors:
1-9 bp: 0; 10-19 bp: 1; 20-29 bp: 2; 30-33 bp: 3

Bases preceding removed adapters:
  A: 24.6%
  C: 29.0%
  G: 27.6%
  T: 18.7%
  none/other: 0.1%

Overview of removed sequences
length	count	expect	max.err	error counts
1	5576814	6498065.5	0	5576814
2	1526146	1624516.4	0	1526146
3	537927	406129.1	0	537927
4	218166	101532.3	0	218166
5	143081	25383.1	0	143081
6	118902	6345.8	0	118902
7	116509	1586.4	0	116509
8	110688	396.6	0	110688
9	107117	99.2	0	106604 513
10	109392	24.8	1	106891 2501
11	106283	6.2	1	103690 2593
12	109749	1.5	1	106663 3086
13	102486	0.4	1	100120 2366
14	105457	0.1	1	102258 3199
15	114079	0.0	1	110612 3467
16	99501	0.0	1	96318 3183
17	102761	0.0	1	98065 4696
18	98695	0.0	1	94192 4433 70
19	108076	0.0	1	102416 5596 64
20	96203	0.0	2	91407 4155 641
21	85482	0.0	2	80451 4492 539
22	86196	0.0	2	80183 5302 711
23	91158	0.0	2	84017 6158 983
24	95536	0.0	2	86752 7398 1386
25	83145	0.0	2	76404 5906 835
26	85450	0.0	2	77448 6845 1157
27	89781	0.0	2	80337 7751 1684 9
28	75637	0.0	2	68195 5979 1327 136
29	74364	0.0	2	66732 6398 1193 41
30	77945	0.0	3	68367 7279 1679 620
31	62225	0.0	3	55849 5051 953 372
32	72349	0.0	3	62592 7451 1720 586
33	72653	0.0	3	64264 6620 1316 453
34	62571	0.0	3	54707 6283 1148 433
35	63485	0.0	3	56158 5765 1083 479
36	78795	0.0	3	66788 9172 2148 687
37	59712	0.0	3	51593 6341 1319 459
38	59496	0.0	3	53539 4962 764 231
39	41589	0.0	3	37191 3632 573 193
40	49549	0.0	3	43753 4552 912 332
41	50157	0.0	3	43781 5025 1021 330
42	50107	0.0	3	43090 5350 1197 470
43	48859	0.0	3	42444 5116 973 326
44	41019	0.0	3	36052 3941 784 242
45	55794	0.0	3	47823 6263 1281 427
46	35173	0.0	3	30582 3559 756 276
47	33215	0.0	3	29172 3176 639 228
48	41282	0.0	3	35936 4226 876 244
49	30296	0.0	3	26757 2877 500 162
50	28876	0.0	3	25306 2844 567 159
51	28426	0.0	3	24691 2879 634 222
52	30776	0.0	3	26483 3358 716 219
53	20887	0.0	3	18549 1904 308 126
54	24547	0.0	3	21136 2587 601 223
55	23648	0.0	3	20932 2143 437 136
56	19934	0.0	3	17816 1673 341 104
57	22658	0.0	3	19443 2428 584 203
58	24135	0.0	3	21066 2464 476 129
59	15002	0.0	3	13024 1560 312 106
60	17455	0.0	3	15331 1739 296 89
61	11728	0.0	3	10446 1057 162 63
62	13357	0.0	3	11770 1287 216 84
63	9811	0.0	3	8648 913 186 64
64	13754	0.0	3	12168 1273 249 64
65	7996	0.0	3	7175 668 111 42
66	9319	0.0	3	8231 863 170 55
67	9819	0.0	3	8652 909 196 62
68	7242	0.0	3	6369 691 142 40
69	5540	0.0	3	4911 498 92 39
70	9560	0.0	3	8522 799 168 71
71	2616	0.0	3	2174 339 66 37
72	4816	0.0	3	4249 451 83 33
73	5023	0.0	3	4382 497 112 32
74	5123	0.0	3	4449 514 112 48
75	5231	0.0	3	4688 418 90 35
76	1824	0.0	3	1583 189 36 16
77	3009	0.0	3	2685 253 53 18
78	3254	0.0	3	2877 292 65 20
79	3096	0.0	3	2696 290 82 28
80	2787	0.0	3	2443 255 63 26
81	2582	0.0	3	2218 273 63 28
82	2374	0.0	3	2044 258 47 25
83	2117	0.0	3	1797 219 64 37
84	1769	0.0	3	1495 197 52 25
85	1780	0.0	3	1527 184 57 12
86	1612	0.0	3	1386 172 30 24
87	1639	0.0	3	1408 161 48 22
88	1496	0.0	3	1272 165 43 16
89	1526	0.0	3	1343 120 41 22
90	1357	0.0	3	1180 133 23 21
91	1311	0.0	3	1126 142 29 14
92	1122	0.0	3	974 109 22 17
93	1011	0.0	3	878 94 21 18
94	908	0.0	3	777 93 21 17
95	794	0.0	3	683 80 18 13
96	745	0.0	3	629 90 14 12
97	719	0.0	3	603 67 32 17
98	751	0.0	3	635 87 22 7
99	694	0.0	3	578 83 22 11
100	645	0.0	3	538 71 22 14
101	615	0.0	3	483 76 34 22
102	827	0.0	3	540 149 83 55
103	522	0.0	3	379 82 41 20
104	444	0.0	3	351 49 23 21
105	416	0.0	3	313 58 27 18
106	479	0.0	3	324 91 40 24
107	554	0.0	3	355 94 64 41
108	972	0.0	3	409 241 193 129
109	415	0.0	3	301 56 26 32
110	573	0.0	3	330 113 84 46
111	354	0.0	3	218 60 45 31
112	498	0.0	3	295 90 70 43
113	398	0.0	3	237 55 62 44
114	421	0.0	3	245 78 55 43
115	584	0.0	3	230 146 112 96
116	530	0.0	3	221 125 98 86
117	483	0.0	3	212 123 88 60
118	531	0.0	3	202 137 109 83
119	538	0.0	3	193 136 118 91
120	1465	0.0	3	362 463 359 281
121	1976	0.0	3	480 587 541 368
122	1165	0.0	3	409 373 235 148
123	358	0.0	3	159 103 58 38
124	217	0.0	3	114 40 33 30
125	467	0.0	3	256 105 65 41
126	243	0.0	3	106 58 51 28
127	278	0.0	3	119 53 56 50
128	472	0.0	3	105 109 150 108
129	555	0.0	3	150 108 156 141
130	4356	0.0	3	1357 1192 1020 787
131	239541	0.0	3	143537 58805 24593 12606
132	699	0.0	3	497 124 55 23
133	255	0.0	3	195 35 18 7
134	222	0.0	3	189 22 9 2
135	151	0.0	3	128 15 5 3
136	91	0.0	3	85 3 3
137	126	0.0	3	108 13 5
138	233	0.0	3	213 14 6
139	141	0.0	3	130 8 2 1
140	144	0.0	3	132 11 1
141	308	0.0	3	281 20 5 2
142	185	0.0	3	166 14 3 2
143	245	0.0	3	227 15 3
144	266	0.0	3	244 16 4 2
145	319	0.0	3	294 23 1 1
146	410	0.0	3	376 22 10 2
147	392	0.0	3	360 22 7 3
148	346	0.0	3	307 29 4 6
149	214	0.0	3	162 40 8 4
150	7827	0.0	3	6643 737 247 200

RUN STATISTICS FOR INPUT FILE: /vortexfs1/omics/tepolt/raw_reads/C_maenas/Cm_yrv_2023/25-186_R2_001.fastq.gz
=============================================
25992262 sequences processed in total
Sequences removed because they became shorter than the length cutoff of 20 bp:	264459 (1.0%)

