
SUMMARISING RUN PARAMETERS
==========================
Input filename: /vortexfs1/omics/tepolt/raw_reads/C_maenas/Cm_yrv_2023/25-120_R2_001.fastq.gz
Trimming mode: single-end
Trim Galore version: 0.6.6
Cutadapt version: 3.5
Python version: could not detect
Number of cores used for trimming: 8
Quality Phred score cutoff: 20
Quality encoding type selected: ASCII+33
Adapter sequence: 'AGATCGGAAGAGCGTCGTGTAGGGAAAGAGTGT' (user defined)
Maximum trimming error rate: 0.1 (default)
Minimum required adapter overlap (stringency): 1 bp
Minimum required sequence length before a sequence gets removed: 20 bp
Running FastQC on the data once trimming has completed
Running FastQC with the following extra arguments: --outdir /vortexfs1/scratch/yaamini.venkataraman/wc-green-crab/output/06b-trimgalore     --threads 28
Output file will be GZIP compressed


This is cutadapt 3.5 with Python 3.9.5
Command line parameters: -j 8 -e 0.1 -q 20 -O 1 -a AGATCGGAAGAGCGTCGTGTAGGGAAAGAGTGT /vortexfs1/omics/tepolt/raw_reads/C_maenas/Cm_yrv_2023/25-120_R2_001.fastq.gz
Processing reads on 8 cores in single-end mode ...
Finished in 126.99 s (2 µs/read; 26.56 M reads/minute).

=== Summary ===

Total reads processed:              56,223,361
Reads with adapters:                30,640,681 (54.5%)
Reads written (passing filters):    56,223,361 (100.0%)

Total basepairs processed: 8,433,504,150 bp
Quality-trimmed:              25,359,276 bp (0.3%)
Total written (filtered):  7,893,396,436 bp (93.6%)

=== Adapter 1 ===

Sequence: AGATCGGAAGAGCGTCGTGTAGGGAAAGAGTGT; Type: regular 3'; Length: 33; Trimmed: 30640681 times

Minimum overlap: 1
No. of allowed errors:
1-9 bp: 0; 10-19 bp: 1; 20-29 bp: 2; 30-33 bp: 3

Bases preceding removed adapters:
  A: 21.4%
  C: 33.6%
  G: 27.8%
  T: 17.1%
  none/other: 0.1%

Overview of removed sequences
length	count	expect	max.err	error counts
1	10330944	14055840.2	0	10330944
2	2872662	3513960.1	0	2872662
3	1125076	878490.0	0	1125076
4	516029	219622.5	0	516029
5	381762	54905.6	0	381762
6	342402	13726.4	0	342402
7	339615	3431.6	0	339615
8	333235	857.9	0	333235
9	322571	214.5	0	321400 1171
10	329600	53.6	1	323700 5900
11	323947	13.4	1	317712 6235
12	339535	3.4	1	331907 7628
13	330371	0.8	1	324143 6228
14	348894	0.2	1	339859 9035
15	371278	0.1	1	361590 9688
16	332004	0.0	1	322778 9226
17	340340	0.0	1	326968 13372
18	334024	0.0	1	320763 13086 175
19	369298	0.0	1	352075 16988 235
20	333810	0.0	2	319450 12600 1760
21	300753	0.0	2	285366 13939 1448
22	304844	0.0	2	285905 16895 2044
23	323442	0.0	2	300806 19883 2753
24	348593	0.0	2	319908 24412 4273
25	304305	0.0	2	283193 18646 2466
26	321832	0.0	2	295150 23136 3546
27	345235	0.0	2	313549 26084 5579 23
28	291218	0.0	2	265847 20850 4139 382
29	288162	0.0	2	261947 22690 3432 93
30	304068	0.0	3	270663 25460 5797 2148
31	263067	0.0	3	238851 19314 3607 1295
32	294688	0.0	3	260455 26877 5462 1894
33	281864	0.0	3	255869 21180 3603 1212
34	353245	0.0	3	307160 35269 7927 2889
35	222521	0.0	3	202052 16853 2746 870
36	289375	0.0	3	255474 26688 5379 1834
37	269244	0.0	3	238705 24595 4516 1428
38	262944	0.0	3	236268 21742 3732 1202
39	234663	0.0	3	211972 18993 2829 869
40	303999	0.0	3	266758 29417 5850 1974
41	189685	0.0	3	169560 16489 2688 948
42	219883	0.0	3	198476 17480 3012 915
43	229479	0.0	3	202642 21375 4096 1366
44	207065	0.0	3	184491 18255 3223 1096
45	242386	0.0	3	210125 24995 5307 1959
46	189386	0.0	3	167789 17214 3252 1131
47	182081	0.0	3	162493 15969 2696 923
48	200207	0.0	3	176469 19069 3548 1121
49	168565	0.0	3	150582 14643 2507 833
50	156718	0.0	3	139885 13628 2385 820
51	154178	0.0	3	136694 13763 2783 938
52	159822	0.0	3	140203 15485 3082 1052
53	127277	0.0	3	114994 10056 1674 553
54	134067	0.0	3	118561 12312 2387 807
55	136021	0.0	3	121031 11854 2352 784
56	118143	0.0	3	106784 9211 1597 551
57	126008	0.0	3	110652 11900 2557 899
58	133745	0.0	3	118001 12564 2432 748
59	88950	0.0	3	79049 8003 1433 465
60	102095	0.0	3	91159 8945 1548 443
61	85795	0.0	3	77571 6821 1075 328
62	87077	0.0	3	77874 7504 1268 431
63	69354	0.0	3	62586 5549 941 278
64	82603	0.0	3	73302 7539 1345 417
65	58602	0.0	3	53469 4227 660 246
66	61963	0.0	3	55156 5575 938 294
67	61288	0.0	3	54607 5387 965 329
68	50102	0.0	3	44920 4167 759 256
69	41888	0.0	3	37753 3441 512 182
70	57214	0.0	3	50841 5100 939 334
71	23747	0.0	3	21080 2187 377 103
72	32826	0.0	3	29203 2930 500 193
73	33687	0.0	3	29759 3191 560 177
74	33892	0.0	3	30053 3152 510 177
75	34915	0.0	3	32133 2299 349 134
76	10582	0.0	3	9295 1071 153 63
77	21298	0.0	3	19446 1508 250 94
78	21102	0.0	3	19009 1688 283 122
79	19255	0.0	3	17324 1538 286 107
80	17508	0.0	3	15651 1465 279 113
81	15653	0.0	3	13966 1325 256 106
82	13974	0.0	3	12423 1190 250 111
83	12799	0.0	3	11308 1136 253 102
84	11427	0.0	3	10082 1074 179 92
85	10938	0.0	3	9697 953 209 79
86	10434	0.0	3	9255 913 202 64
87	9632	0.0	3	8549 842 164 77
88	8989	0.0	3	7973 779 166 71
89	8288	0.0	3	7487 639 110 52
90	7430	0.0	3	6588 664 116 62
91	6846	0.0	3	6131 564 106 45
92	6243	0.0	3	5550 541 107 45
93	5454	0.0	3	4860 456 94 44
94	4929	0.0	3	4380 415 88 46
95	4522	0.0	3	4038 362 73 49
96	4268	0.0	3	3784 359 86 39
97	4146	0.0	3	3664 352 94 36
98	3950	0.0	3	3516 333 58 43
99	3747	0.0	3	3270 327 100 50
100	3172	0.0	3	2781 272 85 34
101	2851	0.0	3	2481 259 65 46
102	2495	0.0	3	2151 225 75 44
103	2408	0.0	3	2087 216 67 38
104	2117	0.0	3	1827 192 66 32
105	1864	0.0	3	1638 139 56 31
106	1943	0.0	3	1688 157 58 40
107	2036	0.0	3	1757 192 56 31
108	1844	0.0	3	1544 191 70 39
109	1592	0.0	3	1366 159 46 21
110	1542	0.0	3	1298 168 46 30
111	1394	0.0	3	1162 129 59 44
112	1131	0.0	3	930 131 44 26
113	1025	0.0	3	853 102 44 26
114	904	0.0	3	721 111 46 26
115	794	0.0	3	625 91 53 25
116	708	0.0	3	584 77 25 22
117	664	0.0	3	520 83 32 29
118	715	0.0	3	566 78 46 25
119	625	0.0	3	474 88 36 27
120	717	0.0	3	463 126 68 60
121	711	0.0	3	463 116 86 46
122	584	0.0	3	411 102 43 28
123	415	0.0	3	316 55 27 17
124	295	0.0	3	231 36 15 13
125	193	0.0	3	155 25 9 4
126	257	0.0	3	192 34 18 13
127	233	0.0	3	172 24 15 22
128	265	0.0	3	198 31 18 18
129	239	0.0	3	176 32 20 11
130	918	0.0	3	559 172 101 86
131	27536	0.0	3	17080 6484 2575 1397
132	324	0.0	3	266 38 16 4
133	273	0.0	3	222 36 10 5
134	562	0.0	3	497 53 9 3
135	349	0.0	3	310 30 4 5
136	275	0.0	3	249 22 3 1
137	350	0.0	3	320 25 3 2
138	691	0.0	3	633 48 6 4
139	389	0.0	3	360 24 5
140	419	0.0	3	377 36 5 1
141	889	0.0	3	824 57 5 3
142	461	0.0	3	425 29 5 2
143	673	0.0	3	632 36 3 2
144	785	0.0	3	710 57 14 4
145	750	0.0	3	696 44 8 2
146	925	0.0	3	858 56 11
147	911	0.0	3	839 55 11 6
148	745	0.0	3	687 42 7 9
149	490	0.0	3	393 52 29 16
150	16646	0.0	3	13614 1560 714 758

RUN STATISTICS FOR INPUT FILE: /vortexfs1/omics/tepolt/raw_reads/C_maenas/Cm_yrv_2023/25-120_R2_001.fastq.gz
=============================================
56223361 sequences processed in total
Sequences removed because they became shorter than the length cutoff of 20 bp:	67477 (0.1%)

