
SUMMARISING RUN PARAMETERS
==========================
Input filename: /vortexfs1/omics/tepolt/raw_reads/C_maenas/Cm_yrv_2023/25-113_R2_001.fastq.gz
Trimming mode: single-end
Trim Galore version: 0.6.6
Cutadapt version: 3.5
Python version: could not detect
Number of cores used for trimming: 8
Quality Phred score cutoff: 20
Quality encoding type selected: ASCII+33
Adapter sequence: 'AGATCGGAAGAGCGTCGTGTAGGGAAAGAGTGT' (user defined)
Maximum trimming error rate: 0.1 (default)
Minimum required adapter overlap (stringency): 1 bp
Minimum required sequence length before a sequence gets removed: 20 bp
Running FastQC on the data once trimming has completed
Running FastQC with the following extra arguments: --outdir /vortexfs1/scratch/yaamini.venkataraman/wc-green-crab/output/06b-trimgalore     --threads 28
Output file will be GZIP compressed


This is cutadapt 3.5 with Python 3.9.5
Command line parameters: -j 8 -e 0.1 -q 20 -O 1 -a AGATCGGAAGAGCGTCGTGTAGGGAAAGAGTGT /vortexfs1/omics/tepolt/raw_reads/C_maenas/Cm_yrv_2023/25-113_R2_001.fastq.gz
Processing reads on 8 cores in single-end mode ...
Finished in 78.34 s (2 µs/read; 24.82 M reads/minute).

=== Summary ===

Total reads processed:              32,410,729
Reads with adapters:                15,238,617 (47.0%)
Reads written (passing filters):    32,410,729 (100.0%)

Total basepairs processed: 4,861,609,350 bp
Quality-trimmed:              15,199,532 bp (0.3%)
Total written (filtered):  4,691,653,569 bp (96.5%)

=== Adapter 1 ===

Sequence: AGATCGGAAGAGCGTCGTGTAGGGAAAGAGTGT; Type: regular 3'; Length: 33; Trimmed: 15238617 times

Minimum overlap: 1
No. of allowed errors:
1-9 bp: 0; 10-19 bp: 1; 20-29 bp: 2; 30-33 bp: 3

Bases preceding removed adapters:
  A: 25.7%
  C: 30.0%
  G: 25.8%
  T: 18.4%
  none/other: 0.1%

Overview of removed sequences
length	count	expect	max.err	error counts
1	7004715	8102682.2	0	7004715
2	1939828	2025670.6	0	1939828
3	711722	506417.6	0	711722
4	302079	126604.4	0	302079
5	205328	31651.1	0	205328
6	174438	7912.8	0	174438
7	170246	1978.2	0	170246
8	158603	494.5	0	158603
9	153759	123.6	0	153055 704
10	155706	30.9	1	152424 3282
11	150624	7.7	1	147218 3406
12	156176	1.9	1	152164 4012
13	147972	0.5	1	144749 3223
14	150182	0.1	1	145723 4459
15	159706	0.0	1	154980 4726
16	140117	0.0	1	135615 4502
17	145166	0.0	1	138541 6625
18	138408	0.0	1	131994 6339 75
19	150984	0.0	1	143117 7743 124
20	135769	0.0	2	128989 5974 806
21	118124	0.0	2	111133 6275 716
22	116931	0.0	2	108713 7340 878
23	121804	0.0	2	112297 8234 1273
24	128411	0.0	2	116872 9901 1638
25	113234	0.0	2	104019 8043 1172
26	115013	0.0	2	104544 9018 1451
27	120934	0.0	2	108680 10066 2183 5
28	96935	0.0	2	87228 7954 1621 132
29	98851	0.0	2	88720 8556 1535 40
30	93709	0.0	3	82489 8664 1858 698
31	85801	0.0	3	76412 7540 1390 459
32	87046	0.0	3	76111 8620 1726 589
33	95076	0.0	3	83352 9036 1972 716
34	75150	0.0	3	65775 7508 1426 441
35	78496	0.0	3	69263 7227 1398 608
36	129311	0.0	3	110863 14335 3131 982
37	42609	0.0	3	36196 5163 922 328
38	94100	0.0	3	83477 8607 1574 442
39	45000	0.0	3	39429 4615 723 233
40	68367	0.0	3	61236 5924 915 292
41	39531	0.0	3	35234 3588 539 170
42	49595	0.0	3	44500 4153 730 212
43	54144	0.0	3	48024 4927 920 273
44	42219	0.0	3	37382 3965 650 222
45	64290	0.0	3	56344 6377 1178 391
46	34731	0.0	3	30373 3542 617 199
47	31865	0.0	3	28158 3021 523 163
48	45506	0.0	3	40082 4444 753 227
49	27629	0.0	3	24649 2478 376 126
50	27489	0.0	3	24286 2581 437 185
51	28077	0.0	3	24706 2713 472 186
52	30514	0.0	3	26768 3043 519 184
53	17792	0.0	3	15955 1486 240 111
54	23671	0.0	3	20765 2328 433 145
55	21997	0.0	3	19619 1907 343 128
56	17458	0.0	3	15673 1435 246 104
57	21398	0.0	3	18687 2174 391 146
58	23524	0.0	3	21026 2060 336 102
59	12412	0.0	3	10870 1230 227 85
60	12947	0.0	3	11589 1120 183 55
61	9945	0.0	3	8828 915 144 58
62	13650	0.0	3	12246 1161 181 62
63	6789	0.0	3	6041 579 115 54
64	11942	0.0	3	10706 1003 164 69
65	5627	0.0	3	4996 501 95 35
66	7293	0.0	3	6473 673 109 38
67	7871	0.0	3	7014 686 133 38
68	5125	0.0	3	4525 467 89 44
69	3619	0.0	3	3165 370 63 21
70	7309	0.0	3	6515 643 117 34
71	1532	0.0	3	1228 222 54 28
72	3523	0.0	3	3080 335 83 25
73	3900	0.0	3	3411 391 74 24
74	3857	0.0	3	3378 387 73 19
75	3745	0.0	3	3353 310 63 19
76	1144	0.0	3	969 148 17 10
77	1945	0.0	3	1706 186 32 21
78	2380	0.0	3	2137 189 36 18
79	2114	0.0	3	1819 212 63 20
80	2048	0.0	3	1770 206 55 17
81	1793	0.0	3	1561 185 35 12
82	1615	0.0	3	1397 173 27 18
83	1424	0.0	3	1178 169 55 22
84	1295	0.0	3	1094 144 37 20
85	1196	0.0	3	1010 139 40 7
86	1281	0.0	3	1065 152 45 19
87	1111	0.0	3	955 111 27 18
88	1076	0.0	3	911 112 38 15
89	1007	0.0	3	876 94 28 9
90	968	0.0	3	839 80 33 16
91	892	0.0	3	763 84 26 19
92	812	0.0	3	691 84 17 20
93	669	0.0	3	561 71 23 14
94	628	0.0	3	536 63 21 8
95	546	0.0	3	459 54 21 12
96	495	0.0	3	436 39 13 7
97	531	0.0	3	445 49 24 13
98	508	0.0	3	428 51 16 13
99	545	0.0	3	458 62 16 9
100	479	0.0	3	390 46 18 25
101	476	0.0	3	384 61 19 12
102	419	0.0	3	328 61 15 15
103	381	0.0	3	298 48 22 13
104	331	0.0	3	257 40 17 17
105	325	0.0	3	255 46 17 7
106	304	0.0	3	223 46 15 20
107	320	0.0	3	243 52 14 11
108	352	0.0	3	238 61 29 24
109	290	0.0	3	215 39 15 21
110	345	0.0	3	248 56 24 17
111	289	0.0	3	226 32 20 11
112	277	0.0	3	186 51 23 17
113	255	0.0	3	179 39 20 17
114	246	0.0	3	170 38 26 12
115	300	0.0	3	170 64 35 31
116	275	0.0	3	160 53 38 24
117	282	0.0	3	152 64 41 25
118	259	0.0	3	156 53 27 23
119	273	0.0	3	135 70 40 28
120	608	0.0	3	225 160 143 80
121	730	0.0	3	248 213 164 105
122	399	0.0	3	200 118 49 32
123	199	0.0	3	118 37 29 15
124	156	0.0	3	88 34 22 12
125	113	0.0	3	65 27 14 7
126	120	0.0	3	60 23 21 16
127	131	0.0	3	73 23 18 17
128	189	0.0	3	63 41 46 39
129	210	0.0	3	79 51 42 38
130	1685	0.0	3	641 460 332 252
131	86241	0.0	3	57400 18021 7207 3613
132	239	0.0	3	176 34 22 7
133	120	0.0	3	96 16 5 3
134	205	0.0	3	176 22 6 1
135	119	0.0	3	101 11 4 3
136	78	0.0	3	65 11 1 1
137	101	0.0	3	90 10 0 1
138	288	0.0	3	265 18 2 3
139	139	0.0	3	127 9 2 1
140	146	0.0	3	133 11 1 1
141	305	0.0	3	281 16 7 1
142	190	0.0	3	174 13 2 1
143	272	0.0	3	248 21 2 1
144	312	0.0	3	290 16 5 1
145	279	0.0	3	254 21 2 2
146	421	0.0	3	374 35 7 5
147	412	0.0	3	374 26 5 7
148	411	0.0	3	373 27 9 2
149	260	0.0	3	169 50 28 13
150	10092	0.0	3	7422 1439 769 462

RUN STATISTICS FOR INPUT FILE: /vortexfs1/omics/tepolt/raw_reads/C_maenas/Cm_yrv_2023/25-113_R2_001.fastq.gz
=============================================
32410729 sequences processed in total
Sequences removed because they became shorter than the length cutoff of 20 bp:	110291 (0.3%)

