
SUMMARISING RUN PARAMETERS
==========================
Input filename: /vortexfs1/omics/tepolt/raw_reads/C_maenas/Cm_yrv_2023/25-119_R2_001.fastq.gz
Trimming mode: single-end
Trim Galore version: 0.6.6
Cutadapt version: 3.5
Python version: could not detect
Number of cores used for trimming: 8
Quality Phred score cutoff: 20
Quality encoding type selected: ASCII+33
Adapter sequence: 'AGATCGGAAGAGCGTCGTGTAGGGAAAGAGTGT' (user defined)
Maximum trimming error rate: 0.1 (default)
Minimum required adapter overlap (stringency): 1 bp
Minimum required sequence length before a sequence gets removed: 20 bp
Running FastQC on the data once trimming has completed
Running FastQC with the following extra arguments: --outdir /vortexfs1/scratch/yaamini.venkataraman/wc-green-crab/output/06b-trimgalore     --threads 28
Output file will be GZIP compressed


This is cutadapt 3.5 with Python 3.9.5
Command line parameters: -j 8 -e 0.1 -q 20 -O 1 -a AGATCGGAAGAGCGTCGTGTAGGGAAAGAGTGT /vortexfs1/omics/tepolt/raw_reads/C_maenas/Cm_yrv_2023/25-119_R2_001.fastq.gz
Processing reads on 8 cores in single-end mode ...
Finished in 112.28 s (2 µs/read; 27.25 M reads/minute).

=== Summary ===

Total reads processed:              50,999,426
Reads with adapters:                21,422,138 (42.0%)
Reads written (passing filters):    50,999,426 (100.0%)

Total basepairs processed: 7,649,913,900 bp
Quality-trimmed:              21,722,835 bp (0.3%)
Total written (filtered):  7,505,147,378 bp (98.1%)

=== Adapter 1 ===

Sequence: AGATCGGAAGAGCGTCGTGTAGGGAAAGAGTGT; Type: regular 3'; Length: 33; Trimmed: 21422138 times

Minimum overlap: 1
No. of allowed errors:
1-9 bp: 0; 10-19 bp: 1; 20-29 bp: 2; 30-33 bp: 3

Bases preceding removed adapters:
  A: 31.7%
  C: 22.7%
  G: 21.1%
  T: 24.3%
  none/other: 0.1%

Overview of removed sequences
length	count	expect	max.err	error counts
1	13357395	12749856.5	0	13357395
2	3069545	3187464.1	0	3069545
3	930686	796866.0	0	930686
4	325614	199216.5	0	325614
5	169488	49804.1	0	169488
6	130552	12451.0	0	130552
7	124917	3112.8	0	124917
8	113622	778.2	0	113622
9	108175	194.5	0	107578 597
10	107002	48.6	1	104502 2500
11	101463	12.2	1	99201 2262
12	105543	3.0	1	102832 2711
13	100187	0.8	1	97997 2190
14	102796	0.2	1	99897 2899
15	115102	0.0	1	111884 3218
16	96596	0.0	1	93637 2959
17	98018	0.0	1	94075 3943
18	94186	0.0	1	90274 3850 62
19	101887	0.0	1	97032 4795 60
20	94769	0.0	2	90438 3816 515
21	77429	0.0	2	73284 3694 451
22	77350	0.0	2	72404 4405 541
23	82890	0.0	2	76859 5243 788
24	81952	0.0	2	75322 5749 881
25	79472	0.0	2	73716 5072 684
26	74943	0.0	2	68640 5434 869
27	79776	0.0	2	72588 5946 1238 4
28	62203	0.0	2	56954 4376 841 32
29	61868	0.0	2	55966 5035 838 29
30	59967	0.0	3	53353 5032 1159 423
31	56461	0.0	3	50696 4498 924 343
32	56903	0.0	3	50387 5170 994 352
33	58775	0.0	3	52119 5134 1053 469
34	58690	0.0	3	51957 5394 1047 292
35	47970	0.0	3	43463 3772 543 192
36	54978	0.0	3	48348 5105 1092 433
37	48921	0.0	3	43340 4481 837 263
38	51778	0.0	3	45847 4688 910 333
39	56945	0.0	3	49975 5428 1138 404
40	35926	0.0	3	31867 3292 527 240
41	40392	0.0	3	35787 3582 724 299
42	36987	0.0	3	33430 2935 460 162
43	39417	0.0	3	34890 3535 704 288
44	34707	0.0	3	30914 3078 513 202
45	40811	0.0	3	35455 4133 868 355
46	32252	0.0	3	28493 2927 595 237
47	29468	0.0	3	26384 2526 421 137
48	37424	0.0	3	33005 3538 634 247
49	27231	0.0	3	24375 2300 389 167
50	23944	0.0	3	21259 2131 401 153
51	22888	0.0	3	20187 2087 434 180
52	23856	0.0	3	20831 2338 498 189
53	19650	0.0	3	17698 1562 275 115
54	19623	0.0	3	17202 1858 399 164
55	20423	0.0	3	18002 1864 404 153
56	16844	0.0	3	15207 1334 217 86
57	18233	0.0	3	16038 1705 351 139
58	20646	0.0	3	18050 2041 402 153
59	13885	0.0	3	12185 1334 277 89
60	13392	0.0	3	11960 1154 203 75
61	11565	0.0	3	10287 1009 203 66
62	12272	0.0	3	10835 1140 204 93
63	9560	0.0	3	8631 744 134 51
64	11648	0.0	3	10216 1150 194 88
65	7706	0.0	3	6961 593 109 43
66	8042	0.0	3	7097 745 148 52
67	8050	0.0	3	7082 777 133 58
68	6472	0.0	3	5750 575 106 41
69	5266	0.0	3	4689 477 75 25
70	6867	0.0	3	6006 667 142 52
71	3061	0.0	3	2687 290 59 25
72	3827	0.0	3	3344 379 78 26
73	4060	0.0	3	3542 413 76 29
74	3888	0.0	3	3381 408 66 33
75	3798	0.0	3	3394 314 72 18
76	1118	0.0	3	955 128 20 15
77	2403	0.0	3	2142 199 45 17
78	2347	0.0	3	2071 204 46 26
79	2254	0.0	3	1950 221 54 29
80	1948	0.0	3	1704 189 38 17
81	1899	0.0	3	1648 184 41 26
82	1750	0.0	3	1506 163 49 32
83	1484	0.0	3	1242 144 61 37
84	1338	0.0	3	1125 142 52 19
85	1208	0.0	3	1011 138 33 26
86	1220	0.0	3	1026 143 32 19
87	1139	0.0	3	953 121 35 30
88	1047	0.0	3	889 111 30 17
89	895	0.0	3	777 85 25 8
90	896	0.0	3	767 85 29 15
91	930	0.0	3	770 105 33 22
92	787	0.0	3	674 80 20 13
93	662	0.0	3	583 49 21 9
94	613	0.0	3	506 69 23 15
95	464	0.0	3	389 46 17 12
96	449	0.0	3	370 51 16 12
97	460	0.0	3	377 47 22 14
98	500	0.0	3	411 59 15 15
99	435	0.0	3	336 61 26 12
100	412	0.0	3	326 42 25 19
101	402	0.0	3	325 43 22 12
102	318	0.0	3	257 29 15 17
103	326	0.0	3	253 38 20 15
104	265	0.0	3	203 28 17 17
105	300	0.0	3	226 42 18 14
106	288	0.0	3	221 37 19 11
107	353	0.0	3	285 44 15 9
108	265	0.0	3	187 40 22 16
109	227	0.0	3	176 31 10 10
110	223	0.0	3	168 35 10 10
111	198	0.0	3	141 33 14 10
112	228	0.0	3	174 29 16 9
113	166	0.0	3	123 21 14 8
114	236	0.0	3	182 30 14 10
115	181	0.0	3	106 36 22 17
116	151	0.0	3	114 19 13 5
117	141	0.0	3	85 26 13 17
118	152	0.0	3	106 24 11 11
119	162	0.0	3	101 24 18 19
120	183	0.0	3	85 43 36 19
121	320	0.0	3	132 81 54 53
122	165	0.0	3	86 35 22 22
123	88	0.0	3	60 16 6 6
124	63	0.0	3	41 9 9 4
125	68	0.0	3	41 12 9 6
126	62	0.0	3	38 7 9 8
127	65	0.0	3	45 12 5 3
128	61	0.0	3	29 16 11 5
129	77	0.0	3	45 10 19 3
130	408	0.0	3	190 80 70 68
131	16408	0.0	3	10250 3512 1598 1048
132	114	0.0	3	82 20 5 7
133	77	0.0	3	45 20 9 3
134	234	0.0	3	198 19 9 8
135	73	0.0	3	50 20 2 1
136	47	0.0	3	34 9 2 2
137	56	0.0	3	47 7 1 1
138	129	0.0	3	115 8 2 4
139	34	0.0	3	32 1 0 1
140	58	0.0	3	51 5 1 1
141	156	0.0	3	137 12 3 4
142	47	0.0	3	41 3 2 1
143	92	0.0	3	87 4 1
144	85	0.0	3	78 6 1
145	66	0.0	3	61 4 0 1
146	97	0.0	3	86 8 3
147	99	0.0	3	88 8 2 1
148	140	0.0	3	112 17 7 4
149	274	0.0	3	152 57 41 24
150	18157	0.0	3	13629 2045 1406 1077

RUN STATISTICS FOR INPUT FILE: /vortexfs1/omics/tepolt/raw_reads/C_maenas/Cm_yrv_2023/25-119_R2_001.fastq.gz
=============================================
50999426 sequences processed in total
Sequences removed because they became shorter than the length cutoff of 20 bp:	50160 (0.1%)

