
SUMMARISING RUN PARAMETERS
==========================
Input filename: /vortexfs1/omics/tepolt/raw_reads/C_maenas/Cm_yrv_2023/25-167_R2_001.fastq.gz
Trimming mode: single-end
Trim Galore version: 0.6.6
Cutadapt version: 3.5
Python version: could not detect
Number of cores used for trimming: 8
Quality Phred score cutoff: 20
Quality encoding type selected: ASCII+33
Adapter sequence: 'AGATCGGAAGAGCGTCGTGTAGGGAAAGAGTGT' (user defined)
Maximum trimming error rate: 0.1 (default)
Minimum required adapter overlap (stringency): 1 bp
Minimum required sequence length before a sequence gets removed: 20 bp
Running FastQC on the data once trimming has completed
Running FastQC with the following extra arguments: --outdir /vortexfs1/scratch/yaamini.venkataraman/wc-green-crab/output/06b-trimgalore     --threads 28
Output file will be GZIP compressed


This is cutadapt 3.5 with Python 3.9.5
Command line parameters: -j 8 -e 0.1 -q 20 -O 1 -a AGATCGGAAGAGCGTCGTGTAGGGAAAGAGTGT /vortexfs1/omics/tepolt/raw_reads/C_maenas/Cm_yrv_2023/25-167_R2_001.fastq.gz
Processing reads on 8 cores in single-end mode ...
Finished in 88.08 s (2 µs/read; 25.50 M reads/minute).

=== Summary ===

Total reads processed:              37,431,573
Reads with adapters:                19,691,844 (52.6%)
Reads written (passing filters):    37,431,573 (100.0%)

Total basepairs processed: 5,614,735,950 bp
Quality-trimmed:              31,967,317 bp (0.6%)
Total written (filtered):  5,300,365,892 bp (94.4%)

=== Adapter 1 ===

Sequence: AGATCGGAAGAGCGTCGTGTAGGGAAAGAGTGT; Type: regular 3'; Length: 33; Trimmed: 19691844 times

Minimum overlap: 1
No. of allowed errors:
1-9 bp: 0; 10-19 bp: 1; 20-29 bp: 2; 30-33 bp: 3

Bases preceding removed adapters:
  A: 23.4%
  C: 32.5%
  G: 26.2%
  T: 17.9%
  none/other: 0.0%

Overview of removed sequences
length	count	expect	max.err	error counts
1	7444722	9357893.2	0	7444722
2	1977978	2339473.3	0	1977978
3	750573	584868.3	0	750573
4	348033	146217.1	0	348033
5	255381	36554.3	0	255381
6	228869	9138.6	0	228869
7	226982	2284.6	0	226982
8	217078	571.2	0	217078
9	211105	142.8	0	210275 830
10	213987	35.7	1	209679 4308
11	207313	8.9	1	202913 4400
12	217911	2.2	1	212581 5330
13	215051	0.6	1	210246 4805
14	229765	0.1	1	223379 6386
15	247460	0.0	1	240200 7260
16	213929	0.0	1	207186 6743
17	217531	0.0	1	208647 8884
18	211513	0.0	1	202260 9127 126
19	231339	0.0	1	219730 11433 176
20	210392	0.0	2	200431 8777 1184
21	185458	0.0	2	175104 9341 1013
22	186993	0.0	2	174449 11145 1399
23	194199	0.0	2	178985 12818 2396
24	208011	0.0	2	189443 15912 2656
25	180444	0.0	2	166015 12478 1951
26	189157	0.0	2	172003 14699 2455
27	205557	0.0	2	184614 17113 3814 16
28	166791	0.0	2	150220 13217 3067 287
29	163004	0.0	2	146493 13946 2455 110
30	164236	0.0	3	144096 14803 3703 1634
31	156363	0.0	3	139786 12828 2689 1060
32	161414	0.0	3	141362 15541 3191 1320
33	169621	0.0	3	147528 15909 4056 2128
34	153568	0.0	3	135008 14614 2905 1041
35	162792	0.0	3	142933 14078 3733 2048
36	167748	0.0	3	145425 15648 4232 2443
37	142026	0.0	3	124347 12766 3231 1682
38	144194	0.0	3	127796 11882 2902 1614
39	161508	0.0	3	139217 15380 4354 2557
40	123843	0.0	3	108177 10877 2852 1937
41	131726	0.0	3	114202 12124 3406 1994
42	113191	0.0	3	101532 8721 2028 910
43	118163	0.0	3	104069 10216 2581 1297
44	109707	0.0	3	96769 9494 2292 1152
45	124650	0.0	3	106391 12448 3679 2132
46	104473	0.0	3	91115 8891 2882 1585
47	93630	0.0	3	82740 7744 2145 1001
48	105283	0.0	3	91258 9510 2899 1616
49	87995	0.0	3	78003 7304 1895 793
50	81198	0.0	3	71568 6943 1777 910
51	79029	0.0	3	69161 7116 1788 964
52	80187	0.0	3	69863 7342 1980 1002
53	65353	0.0	3	58103 5281 1279 690
54	68056	0.0	3	59170 6050 1768 1068
55	68803	0.0	3	60466 5954 1551 832
56	58091	0.0	3	51687 4547 1192 665
57	62777	0.0	3	53846 5893 1885 1153
58	68646	0.0	3	59589 6331 1799 927
59	43758	0.0	3	38219 3996 1002 541
60	51958	0.0	3	45589 4501 1219 649
61	45501	0.0	3	40702 3490 855 454
62	43584	0.0	3	38498 3668 930 488
63	35117	0.0	3	31098 2812 764 443
64	39242	0.0	3	34557 3381 865 439
65	28084	0.0	3	25408 1976 449 251
66	28506	0.0	3	25190 2426 583 307
67	28127	0.0	3	24772 2420 616 319
68	23613	0.0	3	20833 2000 523 257
69	18899	0.0	3	16861 1495 358 185
70	24359	0.0	3	21286 2154 621 298
71	10815	0.0	3	9426 992 250 147
72	13904	0.0	3	12251 1157 347 149
73	14247	0.0	3	12425 1306 311 205
74	14075	0.0	3	12370 1276 290 139
75	13821	0.0	3	12599 878 229 115
76	3907	0.0	3	3362 411 83 51
77	8550	0.0	3	7627 630 188 105
78	8438	0.0	3	7549 619 168 102
79	7580	0.0	3	6641 653 181 105
80	6765	0.0	3	5941 560 173 91
81	6232	0.0	3	5435 551 142 104
82	5353	0.0	3	4675 447 141 90
83	4696	0.0	3	4058 421 127 90
84	4230	0.0	3	3649 374 119 88
85	3952	0.0	3	3419 350 118 65
86	3783	0.0	3	3305 289 112 77
87	3456	0.0	3	3010 279 100 67
88	3211	0.0	3	2800 262 98 51
89	2846	0.0	3	2470 236 88 52
90	2615	0.0	3	2273 227 70 45
91	2321	0.0	3	2062 170 56 33
92	2147	0.0	3	1851 192 56 48
93	2095	0.0	3	1814 186 60 35
94	1651	0.0	3	1442 131 44 34
95	1472	0.0	3	1283 119 47 23
96	1313	0.0	3	1163 102 29 19
97	1376	0.0	3	1186 122 42 26
98	1206	0.0	3	1044 114 29 19
99	1122	0.0	3	963 101 30 28
100	968	0.0	3	845 71 29 23
101	908	0.0	3	771 93 27 17
102	830	0.0	3	714 62 26 28
103	828	0.0	3	698 79 29 22
104	710	0.0	3	596 64 30 20
105	678	0.0	3	567 59 33 19
106	626	0.0	3	529 52 26 19
107	684	0.0	3	568 65 22 29
108	672	0.0	3	541 76 31 24
109	493	0.0	3	410 46 21 16
110	527	0.0	3	421 47 35 24
111	436	0.0	3	368 36 20 12
112	405	0.0	3	327 40 22 16
113	317	0.0	3	260 34 9 14
114	305	0.0	3	260 23 12 10
115	312	0.0	3	236 30 24 22
116	284	0.0	3	213 33 16 22
117	248	0.0	3	193 27 16 12
118	283	0.0	3	217 31 10 25
119	251	0.0	3	181 38 13 19
120	289	0.0	3	185 26 31 47
121	344	0.0	3	200 59 39 46
122	252	0.0	3	168 40 21 23
123	156	0.0	3	127 16 8 5
124	115	0.0	3	95 11 5 4
125	91	0.0	3	63 10 9 9
126	78	0.0	3	61 12 3 2
127	93	0.0	3	72 11 5 5
128	107	0.0	3	76 13 5 13
129	98	0.0	3	71 12 4 11
130	350	0.0	3	196 50 45 59
131	13041	0.0	3	8310 2115 1449 1167
132	112	0.0	3	92 12 2 6
133	121	0.0	3	108 9 4
134	196	0.0	3	172 15 6 3
135	130	0.0	3	110 12 4 4
136	137	0.0	3	117 13 3 4
137	144	0.0	3	126 12 4 2
138	293	0.0	3	265 16 5 7
139	164	0.0	3	147 12 3 2
140	212	0.0	3	195 13 3 1
141	410	0.0	3	378 19 11 2
142	251	0.0	3	230 16 3 2
143	344	0.0	3	317 18 5 4
144	427	0.0	3	396 19 10 2
145	412	0.0	3	376 21 10 5
146	592	0.0	3	530 42 12 8
147	531	0.0	3	479 29 16 7
148	473	0.0	3	423 32 12 6
149	257	0.0	3	185 39 8 25
150	8135	0.0	3	6656 805 316 358

RUN STATISTICS FOR INPUT FILE: /vortexfs1/omics/tepolt/raw_reads/C_maenas/Cm_yrv_2023/25-167_R2_001.fastq.gz
=============================================
37431573 sequences processed in total
Sequences removed because they became shorter than the length cutoff of 20 bp:	63426 (0.2%)

