
SUMMARISING RUN PARAMETERS
==========================
Input filename: /vortexfs1/omics/tepolt/raw_reads/C_maenas/Cm_yrv_2023/25-172_R2_001.fastq.gz
Trimming mode: single-end
Trim Galore version: 0.6.6
Cutadapt version: 3.5
Python version: could not detect
Number of cores used for trimming: 8
Quality Phred score cutoff: 20
Quality encoding type selected: ASCII+33
Adapter sequence: 'AGATCGGAAGAGCGTCGTGTAGGGAAAGAGTGT' (user defined)
Maximum trimming error rate: 0.1 (default)
Minimum required adapter overlap (stringency): 1 bp
Minimum required sequence length before a sequence gets removed: 20 bp
Running FastQC on the data once trimming has completed
Running FastQC with the following extra arguments: --outdir /vortexfs1/scratch/yaamini.venkataraman/wc-green-crab/output/06b-trimgalore     --threads 28
Output file will be GZIP compressed


This is cutadapt 3.5 with Python 3.9.5
Command line parameters: -j 8 -e 0.1 -q 20 -O 1 -a AGATCGGAAGAGCGTCGTGTAGGGAAAGAGTGT /vortexfs1/omics/tepolt/raw_reads/C_maenas/Cm_yrv_2023/25-172_R2_001.fastq.gz
Processing reads on 8 cores in single-end mode ...
Finished in 91.00 s (2 µs/read; 24.57 M reads/minute).

=== Summary ===

Total reads processed:              37,267,613
Reads with adapters:                19,273,604 (51.7%)
Reads written (passing filters):    37,267,613 (100.0%)

Total basepairs processed: 5,590,141,950 bp
Quality-trimmed:              18,652,722 bp (0.3%)
Total written (filtered):  5,300,769,543 bp (94.8%)

=== Adapter 1 ===

Sequence: AGATCGGAAGAGCGTCGTGTAGGGAAAGAGTGT; Type: regular 3'; Length: 33; Trimmed: 19273604 times

Minimum overlap: 1
No. of allowed errors:
1-9 bp: 0; 10-19 bp: 1; 20-29 bp: 2; 30-33 bp: 3

Bases preceding removed adapters:
  A: 22.6%
  C: 31.1%
  G: 28.2%
  T: 18.0%
  none/other: 0.1%

Overview of removed sequences
length	count	expect	max.err	error counts
1	7239892	9316903.2	0	7239892
2	2054462	2329225.8	0	2054462
3	798211	582306.5	0	798211
4	359583	145576.6	0	359583
5	264438	36394.2	0	264438
6	231092	9098.5	0	231092
7	228079	2274.6	0	228079
8	219383	568.7	0	219383
9	215034	142.2	0	214231 803
10	220019	35.5	1	215315 4704
11	217052	8.9	1	212172 4880
12	221062	2.2	1	215586 5476
13	213465	0.6	1	208766 4699
14	218258	0.1	1	212039 6219
15	230793	0.0	1	224153 6640
16	209351	0.0	1	202895 6456
17	213029	0.0	1	204442 8587
18	208947	0.0	1	200167 8649 131
19	208590	0.0	1	199007 9407 176
20	236736	0.0	2	224678 10482 1576
21	173075	0.0	2	163319 8770 986
22	185538	0.0	2	172093 12102 1343
23	195401	0.0	2	179571 14076 1754
24	207279	0.0	2	188403 16646 2230
25	181329	0.0	2	166693 13020 1616
26	186703	0.0	2	169391 15125 2187
27	197144	0.0	2	177082 16748 3298 16
28	163382	0.0	2	147751 13004 2449 178
29	164797	0.0	2	148078 14330 2339 50
30	154763	0.0	3	137926 13234 2590 1013
31	164294	0.0	3	144094 15499 3353 1348
32	153601	0.0	3	136187 14284 2310 820
33	168960	0.0	3	149537 15257 3051 1115
34	138947	0.0	3	122641 13386 2228 692
35	147989	0.0	3	132609 12426 2181 773
36	151008	0.0	3	130612 15599 3479 1318
37	151619	0.0	3	131057 15957 3389 1216
38	136949	0.0	3	122322 11956 1962 709
39	123950	0.0	3	109709 11714 1888 639
40	129362	0.0	3	112958 13000 2512 892
41	114981	0.0	3	100402 11468 2240 871
42	107174	0.0	3	96248 9137 1392 397
43	111837	0.0	3	98164 10921 2042 710
44	101183	0.0	3	89777 9420 1530 456
45	113708	0.0	3	97804 12414 2599 891
46	92105	0.0	3	80964 8952 1618 571
47	86348	0.0	3	76198 8432 1296 422
48	92653	0.0	3	81161 9197 1734 561
49	77648	0.0	3	68850 7003 1382 413
50	71208	0.0	3	62915 6734 1168 391
51	69145	0.0	3	60622 6791 1290 442
52	68605	0.0	3	59712 7112 1316 465
53	56567	0.0	3	50597 4939 776 255
54	57373	0.0	3	50329 5655 1034 355
55	58181	0.0	3	51135 5545 1123 378
56	47738	0.0	3	42782 4029 696 231
57	49533	0.0	3	43466 4737 959 371
58	52556	0.0	3	45849 5446 960 301
59	38578	0.0	3	33770 3948 648 212
60	37318	0.0	3	33130 3427 562 199
61	31667	0.0	3	28309 2824 373 161
62	32122	0.0	3	28339 3073 523 187
63	25882	0.0	3	23140 2277 351 114
64	30673	0.0	3	26992 2990 512 179
65	21838	0.0	3	19748 1746 242 102
66	22702	0.0	3	20108 2149 329 116
67	21796	0.0	3	19295 2050 328 123
68	18432	0.0	3	16240 1788 300 104
69	14823	0.0	3	13289 1289 181 64
70	19400	0.0	3	16951 1972 357 120
71	9350	0.0	3	8256 912 124 58
72	11651	0.0	3	10286 1112 187 66
73	11656	0.0	3	10129 1196 240 91
74	11515	0.0	3	10166 1093 177 79
75	11378	0.0	3	10323 882 125 48
76	3228	0.0	3	2783 372 53 20
77	7050	0.0	3	6368 544 99 39
78	7105	0.0	3	6337 615 101 52
79	6363	0.0	3	5587 580 137 59
80	5742	0.0	3	5058 515 118 51
81	5189	0.0	3	4521 501 115 52
82	4871	0.0	3	4229 459 114 69
83	4193	0.0	3	3554 455 113 71
84	3605	0.0	3	3149 347 67 42
85	3424	0.0	3	2984 330 77 33
86	3235	0.0	3	2783 332 84 36
87	3031	0.0	3	2639 303 66 23
88	2928	0.0	3	2559 293 46 30
89	2699	0.0	3	2358 241 62 38
90	2500	0.0	3	2220 211 48 21
91	2177	0.0	3	1913 194 47 23
92	2023	0.0	3	1769 190 36 28
93	1664	0.0	3	1434 163 40 27
94	1532	0.0	3	1314 145 50 23
95	1379	0.0	3	1204 109 46 20
96	1299	0.0	3	1118 120 41 20
97	1211	0.0	3	1048 121 22 20
98	1320	0.0	3	1134 119 46 21
99	1205	0.0	3	1015 120 47 23
100	1117	0.0	3	965 103 24 25
101	980	0.0	3	830 97 35 18
102	994	0.0	3	820 120 37 17
103	809	0.0	3	678 79 34 18
104	731	0.0	3	581 98 29 23
105	680	0.0	3	557 83 25 15
106	637	0.0	3	515 69 29 24
107	797	0.0	3	657 93 28 19
108	681	0.0	3	528 92 35 26
109	608	0.0	3	502 66 22 18
110	576	0.0	3	455 75 28 18
111	585	0.0	3	445 86 35 19
112	509	0.0	3	413 52 24 20
113	410	0.0	3	323 46 26 15
114	458	0.0	3	362 59 21 16
115	439	0.0	3	305 74 36 24
116	387	0.0	3	265 63 28 31
117	430	0.0	3	272 94 36 28
118	382	0.0	3	281 62 30 9
119	450	0.0	3	295 84 46 25
120	653	0.0	3	371 157 82 43
121	964	0.0	3	516 232 137 79
122	457	0.0	3	261 116 47 33
123	297	0.0	3	215 45 24 13
124	185	0.0	3	135 28 8 14
125	161	0.0	3	113 21 14 13
126	126	0.0	3	79 25 12 10
127	143	0.0	3	94 27 13 9
128	217	0.0	3	118 34 38 27
129	244	0.0	3	112 49 50 33
130	1488	0.0	3	672 325 257 234
131	78702	0.0	3	54460 15669 5484 3089
132	312	0.0	3	235 53 20 4
133	184	0.0	3	142 21 14 7
134	272	0.0	3	231 26 10 5
135	168	0.0	3	142 19 5 2
136	112	0.0	3	93 13 4 2
137	148	0.0	3	127 16 3 2
138	279	0.0	3	253 20 6
139	166	0.0	3	151 10 3 2
140	216	0.0	3	204 9 0 3
141	376	0.0	3	345 25 4 2
142	216	0.0	3	196 17 2 1
143	304	0.0	3	276 19 8 1
144	381	0.0	3	348 23 8 2
145	330	0.0	3	298 24 5 3
146	513	0.0	3	461 41 9 2
147	467	0.0	3	435 22 5 5
148	468	0.0	3	415 35 10 8
149	305	0.0	3	225 53 15 12
150	10227	0.0	3	8259 1162 458 348

RUN STATISTICS FOR INPUT FILE: /vortexfs1/omics/tepolt/raw_reads/C_maenas/Cm_yrv_2023/25-172_R2_001.fastq.gz
=============================================
37267613 sequences processed in total
Sequences removed because they became shorter than the length cutoff of 20 bp:	104853 (0.3%)

