
SUMMARISING RUN PARAMETERS
==========================
Input filename: /vortexfs1/omics/tepolt/raw_reads/C_maenas/Cm_yrv_2023/25-114_R2_001.fastq.gz
Trimming mode: single-end
Trim Galore version: 0.6.6
Cutadapt version: 3.5
Python version: could not detect
Number of cores used for trimming: 8
Quality Phred score cutoff: 20
Quality encoding type selected: ASCII+33
Adapter sequence: 'AGATCGGAAGAGCGTCGTGTAGGGAAAGAGTGT' (user defined)
Maximum trimming error rate: 0.1 (default)
Minimum required adapter overlap (stringency): 1 bp
Minimum required sequence length before a sequence gets removed: 20 bp
Running FastQC on the data once trimming has completed
Running FastQC with the following extra arguments: --outdir /vortexfs1/scratch/yaamini.venkataraman/wc-green-crab/output/06b-trimgalore     --threads 28
Output file will be GZIP compressed


This is cutadapt 3.5 with Python 3.9.5
Command line parameters: -j 8 -e 0.1 -q 20 -O 1 -a AGATCGGAAGAGCGTCGTGTAGGGAAAGAGTGT /vortexfs1/omics/tepolt/raw_reads/C_maenas/Cm_yrv_2023/25-114_R2_001.fastq.gz
Processing reads on 8 cores in single-end mode ...
Finished in 154.47 s (2 µs/read; 26.36 M reads/minute).

=== Summary ===

Total reads processed:              67,866,400
Reads with adapters:                30,325,745 (44.7%)
Reads written (passing filters):    67,866,400 (100.0%)

Total basepairs processed: 10,179,960,000 bp
Quality-trimmed:              28,084,934 bp (0.3%)
Total written (filtered):  9,879,112,375 bp (97.0%)

=== Adapter 1 ===

Sequence: AGATCGGAAGAGCGTCGTGTAGGGAAAGAGTGT; Type: regular 3'; Length: 33; Trimmed: 30325745 times

Minimum overlap: 1
No. of allowed errors:
1-9 bp: 0; 10-19 bp: 1; 20-29 bp: 2; 30-33 bp: 3

Bases preceding removed adapters:
  A: 26.8%
  C: 28.3%
  G: 24.2%
  T: 20.7%
  none/other: 0.1%

Overview of removed sequences
length	count	expect	max.err	error counts
1	15610274	16966600.0	0	15610274
2	4035416	4241650.0	0	4035416
3	1413976	1060412.5	0	1413976
4	554074	265103.1	0	554074
5	335508	66275.8	0	335508
6	279623	16568.9	0	279623
7	270793	4142.2	0	270793
8	259302	1035.6	0	259302
9	247020	258.9	0	245818 1202
10	248878	64.7	1	244028 4850
11	240940	16.2	1	235980 4960
12	244936	4.0	1	239399 5537
13	231681	1.0	1	227331 4350
14	237755	0.3	1	231873 5882
15	250639	0.1	1	244336 6303
16	223520	0.0	1	217485 6035
17	226857	0.0	1	218379 8478
18	221439	0.0	1	212934 8385 120
19	241827	0.0	1	231052 10650 125
20	216015	0.0	2	206951 7927 1137
21	183691	0.0	2	174471 8335 885
22	182534	0.0	2	171083 10218 1233
23	190022	0.0	2	176671 11693 1658
24	201313	0.0	2	184903 14039 2371
25	173298	0.0	2	161188 10758 1352
26	179213	0.0	2	164413 12812 1988
27	188891	0.0	2	171695 14262 2924 10
28	156675	0.0	2	142985 11309 2202 179
29	151837	0.0	2	138366 11600 1817 54
30	153581	0.0	3	136909 12712 2821 1139
31	131869	0.0	3	119626 9683 1875 685
32	144286	0.0	3	127647 13231 2575 833
33	135935	0.0	3	123486 10154 1717 578
34	163794	0.0	3	142530 16209 3677 1378
35	103860	0.0	3	94514 7763 1192 391
36	131642	0.0	3	115873 12377 2489 903
37	118882	0.0	3	105492 10806 1949 635
38	118928	0.0	3	106839 9827 1693 569
39	99930	0.0	3	90259 8109 1171 391
40	127290	0.0	3	111529 12453 2418 890
41	78869	0.0	3	70592 6704 1185 388
42	87907	0.0	3	79198 7094 1222 393
43	91558	0.0	3	80879 8350 1759 570
44	81069	0.0	3	72276 7082 1290 421
45	95258	0.0	3	82601 9791 2118 748
46	70554	0.0	3	62525 6432 1144 453
47	68455	0.0	3	61094 5931 1060 370
48	74818	0.0	3	65916 7109 1341 452
49	63047	0.0	3	56165 5621 954 307
50	56954	0.0	3	50728 5000 906 320
51	54268	0.0	3	48016 4817 1021 414
52	55444	0.0	3	48449 5411 1193 391
53	43410	0.0	3	39210 3397 606 197
54	44518	0.0	3	39264 4147 825 282
55	45065	0.0	3	39979 3991 811 284
56	38592	0.0	3	34771 3052 572 197
57	40048	0.0	3	35101 3841 794 312
58	39582	0.0	3	34743 3769 798 272
59	31202	0.0	3	27553 2865 569 215
60	29610	0.0	3	26272 2741 447 150
61	27446	0.0	3	24537 2347 438 124
62	28174	0.0	3	24942 2574 484 174
63	20730	0.0	3	18591 1750 284 105
64	25296	0.0	3	22255 2411 469 161
65	17718	0.0	3	16043 1346 246 83
66	18392	0.0	3	16243 1728 309 112
67	18598	0.0	3	16511 1675 305 107
68	14852	0.0	3	13247 1264 244 97
69	11968	0.0	3	10703 1007 190 68
70	16048	0.0	3	14016 1592 320 120
71	7382	0.0	3	6514 655 155 58
72	9597	0.0	3	8464 895 170 68
73	9716	0.0	3	8507 922 199 88
74	9171	0.0	3	7977 886 216 92
75	9746	0.0	3	8808 715 145 78
76	3111	0.0	3	2695 327 56 33
77	6118	0.0	3	5435 517 104 62
78	6183	0.0	3	5510 521 96 56
79	5555	0.0	3	4854 498 133 70
80	5142	0.0	3	4460 446 141 95
81	5057	0.0	3	4152 511 213 181
82	5229	0.0	3	3801 624 406 398
83	4893	0.0	3	3468 750 425 250
84	3600	0.0	3	2960 412 140 88
85	3054	0.0	3	2548 349 103 54
86	2952	0.0	3	2507 290 96 59
87	3024	0.0	3	2587 294 81 62
88	2659	0.0	3	2277 259 82 41
89	2560	0.0	3	2224 224 80 32
90	2400	0.0	3	2072 226 56 46
91	2223	0.0	3	1889 230 70 34
92	1937	0.0	3	1633 222 59 23
93	1779	0.0	3	1517 175 59 28
94	1572	0.0	3	1334 152 52 34
95	1404	0.0	3	1183 157 40 24
96	1311	0.0	3	1114 119 48 30
97	1303	0.0	3	1037 166 55 45
98	1376	0.0	3	1127 144 58 47
99	1484	0.0	3	1133 221 82 48
100	1231	0.0	3	984 148 57 42
101	1058	0.0	3	825 140 64 29
102	956	0.0	3	762 108 52 34
103	930	0.0	3	718 117 52 43
104	858	0.0	3	652 113 61 32
105	808	0.0	3	597 110 61 40
106	881	0.0	3	630 139 65 47
107	2799	0.0	3	2397 288 70 44
108	784	0.0	3	511 124 84 65
109	981	0.0	3	738 139 60 44
110	689	0.0	3	448 105 80 56
111	789	0.0	3	518 130 85 56
112	631	0.0	3	378 128 68 57
113	701	0.0	3	451 120 70 60
114	591	0.0	3	379 95 67 50
115	698	0.0	3	349 144 115 90
116	665	0.0	3	354 138 104 69
117	739	0.0	3	372 167 111 89
118	736	0.0	3	364 156 139 77
119	714	0.0	3	330 150 128 106
120	840	0.0	3	354 203 151 132
121	1460	0.0	3	441 412 331 276
122	687	0.0	3	318 173 118 78
123	413	0.0	3	255 80 58 20
124	250	0.0	3	167 43 23 17
125	235	0.0	3	153 35 26 21
126	225	0.0	3	151 31 25 18
127	227	0.0	3	139 30 33 25
128	301	0.0	3	159 52 54 36
129	345	0.0	3	163 60 62 60
130	3201	0.0	3	1877 522 443 359
131	136422	0.0	3	83611 32016 13747 7048
132	1227	0.0	3	914 219 67 27
133	351	0.0	3	243 68 27 13
134	473	0.0	3	404 42 20 7
135	354	0.0	3	290 38 18 8
136	161	0.0	3	138 19 4
137	202	0.0	3	177 22 3
138	432	0.0	3	392 33 5 2
139	151	0.0	3	137 11 3
140	187	0.0	3	170 12 3 2
141	425	0.0	3	377 37 7 4
142	191	0.0	3	167 22 1 1
143	310	0.0	3	283 24 1 2
144	273	0.0	3	249 17 4 3
145	213	0.0	3	200 9 2 2
146	299	0.0	3	281 16 2
147	305	0.0	3	276 22 3 4
148	394	0.0	3	343 34 9 8
149	519	0.0	3	350 115 29 25
150	17501	0.0	3	14217 1874 750 660

RUN STATISTICS FOR INPUT FILE: /vortexfs1/omics/tepolt/raw_reads/C_maenas/Cm_yrv_2023/25-114_R2_001.fastq.gz
=============================================
67866400 sequences processed in total
Sequences removed because they became shorter than the length cutoff of 20 bp:	175835 (0.3%)

