
SUMMARISING RUN PARAMETERS
==========================
Input filename: /vortexfs1/omics/tepolt/raw_reads/C_maenas/Cm_yrv_2023/25-193_R2_001.fastq.gz
Trimming mode: single-end
Trim Galore version: 0.6.6
Cutadapt version: 3.5
Python version: could not detect
Number of cores used for trimming: 8
Quality Phred score cutoff: 20
Quality encoding type selected: ASCII+33
Adapter sequence: 'AGATCGGAAGAGCGTCGTGTAGGGAAAGAGTGT' (user defined)
Maximum trimming error rate: 0.1 (default)
Minimum required adapter overlap (stringency): 1 bp
Minimum required sequence length before a sequence gets removed: 20 bp
Running FastQC on the data once trimming has completed
Running FastQC with the following extra arguments: --outdir /vortexfs1/scratch/yaamini.venkataraman/wc-green-crab/output/06b-trimgalore     --threads 28
Output file will be GZIP compressed


This is cutadapt 3.5 with Python 3.9.5
Command line parameters: -j 8 -e 0.1 -q 20 -O 1 -a AGATCGGAAGAGCGTCGTGTAGGGAAAGAGTGT /vortexfs1/omics/tepolt/raw_reads/C_maenas/Cm_yrv_2023/25-193_R2_001.fastq.gz
Processing reads on 8 cores in single-end mode ...
Finished in 56.21 s (2 µs/read; 29.31 M reads/minute).

=== Summary ===

Total reads processed:              27,463,768
Reads with adapters:                13,978,657 (50.9%)
Reads written (passing filters):    27,463,768 (100.0%)

Total basepairs processed: 4,119,565,200 bp
Quality-trimmed:              11,656,778 bp (0.3%)
Total written (filtered):  3,874,098,085 bp (94.0%)

=== Adapter 1 ===

Sequence: AGATCGGAAGAGCGTCGTGTAGGGAAAGAGTGT; Type: regular 3'; Length: 33; Trimmed: 13978657 times

Minimum overlap: 1
No. of allowed errors:
1-9 bp: 0; 10-19 bp: 1; 20-29 bp: 2; 30-33 bp: 3

Bases preceding removed adapters:
  A: 24.8%
  C: 25.8%
  G: 27.0%
  T: 22.2%
  none/other: 0.2%

Overview of removed sequences
length	count	expect	max.err	error counts
1	5829486	6865942.0	0	5829486
2	1354402	1716485.5	0	1354402
3	445245	429121.4	0	445245
4	197845	107280.3	0	197845
5	129347	26820.1	0	129347
6	109991	6705.0	0	109991
7	107734	1676.3	0	107734
8	101408	419.1	0	101408
9	96045	104.8	0	95676 369
10	95992	26.2	1	94296 1696
11	95534	6.5	1	93804 1730
12	102444	1.6	1	100234 2210
13	103539	0.4	1	101593 1946
14	108152	0.1	1	105577 2575
15	129151	0.0	1	125905 3246
16	108931	0.0	1	105961 2970
17	111186	0.0	1	107262 3924
18	110203	0.0	1	106169 3984 50
19	116544	0.0	1	111548 4925 71
20	111978	0.0	2	107324 4083 571
21	94385	0.0	2	89856 4080 449
22	98385	0.0	2	92706 5118 561
23	114140	0.0	2	106627 6498 1015
24	112811	0.0	2	104555 7195 1061
25	116227	0.0	2	108256 7012 959
26	109736	0.0	2	101501 7108 1127
27	117762	0.0	2	107371 8535 1848 8
28	95099	0.0	2	87469 6300 1272 58
29	95230	0.0	2	86810 7165 1203 52
30	92873	0.0	3	83358 7252 1616 647
31	92851	0.0	3	84311 6725 1312 503
32	96335	0.0	3	86347 7990 1463 535
33	104797	0.0	3	93633 8367 1909 888
34	107194	0.0	3	95756 9154 1719 565
35	91975	0.0	3	84395 6378 911 291
36	107168	0.0	3	95172 9267 1892 837
37	96701	0.0	3	86801 8083 1327 490
38	108210	0.0	3	96717 9193 1716 584
39	118998	0.0	3	105980 10330 1922 766
40	74026	0.0	3	66208 6225 1146 447
41	87083	0.0	3	77648 7366 1431 638
42	81672	0.0	3	74557 6015 817 283
43	90289	0.0	3	80606 7714 1472 497
44	84645	0.0	3	76673 6616 1006 350
45	103887	0.0	3	91053 9970 2077 787
46	85875	0.0	3	76641 7322 1394 518
47	83803	0.0	3	75882 6503 1032 386
48	100161	0.0	3	89568 8537 1528 528
49	79501	0.0	3	71888 6360 963 290
50	73721	0.0	3	66468 5925 986 342
51	72330	0.0	3	64829 6031 1094 376
52	76101	0.0	3	67767 6575 1313 446
53	64620	0.0	3	58884 4731 726 279
54	67641	0.0	3	60413 5714 1075 439
55	72823	0.0	3	65269 6065 1078 411
56	66048	0.0	3	60080 4815 824 329
57	72543	0.0	3	64921 5960 1177 485
58	83134	0.0	3	73784 7484 1421 445
59	56753	0.0	3	50686 4954 811 302
60	59435	0.0	3	53696 4731 724 284
61	49907	0.0	3	45351 3749 602 205
62	54090	0.0	3	48686 4395 741 268
63	42127	0.0	3	38193 3235 494 205
64	54474	0.0	3	48811 4654 752 257
65	39047	0.0	3	35871 2664 379 133
66	44273	0.0	3	39713 3782 567 211
67	44422	0.0	3	39961 3676 570 215
68	36718	0.0	3	33282 2835 442 159
69	30129	0.0	3	27246 2388 365 130
70	38400	0.0	3	34234 3425 544 197
71	17368	0.0	3	15550 1465 274 79
72	21827	0.0	3	19610 1861 258 98
73	22423	0.0	3	19960 2036 304 123
74	23449	0.0	3	20882 2111 340 116
75	25582	0.0	3	23596 1631 268 87
76	7520	0.0	3	6615 744 116 45
77	16040	0.0	3	14661 1126 186 67
78	16405	0.0	3	14967 1159 204 75
79	14686	0.0	3	13275 1125 200 86
80	13093	0.0	3	11834 1015 174 70
81	11948	0.0	3	10722 968 173 85
82	10482	0.0	3	9423 841 158 60
83	9243	0.0	3	8217 811 155 60
84	8579	0.0	3	7681 738 108 52
85	8520	0.0	3	7609 717 139 55
86	8462	0.0	3	7537 720 161 44
87	8710	0.0	3	7822 694 142 52
88	7951	0.0	3	7098 668 137 48
89	7222	0.0	3	6516 539 128 39
90	6519	0.0	3	5863 511 105 40
91	5969	0.0	3	5400 438 92 39
92	5600	0.0	3	5025 470 75 30
93	4552	0.0	3	4107 345 74 26
94	4500	0.0	3	4047 351 65 37
95	3918	0.0	3	3503 313 69 33
96	3763	0.0	3	3354 313 63 33
97	3841	0.0	3	3450 314 50 27
98	3745	0.0	3	3396 271 52 26
99	3436	0.0	3	3071 281 53 31
100	3199	0.0	3	2876 235 53 35
101	2922	0.0	3	2612 242 41 27
102	2155	0.0	3	1923 177 33 22
103	2423	0.0	3	2158 192 47 26
104	2109	0.0	3	1891 158 35 25
105	1961	0.0	3	1758 133 44 26
106	1919	0.0	3	1722 146 34 17
107	2161	0.0	3	1940 182 26 13
108	1910	0.0	3	1713 155 28 14
109	1576	0.0	3	1393 133 33 17
110	1506	0.0	3	1338 126 29 13
111	1243	0.0	3	1111 90 28 14
112	1089	0.0	3	978 88 17 6
113	824	0.0	3	735 59 21 9
114	1387	0.0	3	1262 93 23 9
115	723	0.0	3	636 63 17 7
116	880	0.0	3	783 75 14 8
117	626	0.0	3	555 49 9 13
118	722	0.0	3	643 58 14 7
119	551	0.0	3	489 44 7 11
120	525	0.0	3	467 42 7 9
121	536	0.0	3	465 52 15 4
122	296	0.0	3	273 14 4 5
123	272	0.0	3	238 20 9 5
124	243	0.0	3	220 15 6 2
125	191	0.0	3	166 18 5 2
126	232	0.0	3	202 21 5 4
127	196	0.0	3	171 16 4 5
128	215	0.0	3	199 8 6 2
129	200	0.0	3	177 16 6 1
130	273	0.0	3	238 21 9 5
131	813	0.0	3	548 157 67 41
132	222	0.0	3	200 16 4 2
133	245	0.0	3	217 14 10 4
134	557	0.0	3	500 44 9 4
135	302	0.0	3	270 24 5 3
136	236	0.0	3	215 15 1 5
137	350	0.0	3	325 18 7
138	904	0.0	3	838 52 12 2
139	355	0.0	3	314 29 6 6
140	534	0.0	3	500 26 3 5
141	1045	0.0	3	970 60 10 5
142	465	0.0	3	436 21 7 1
143	736	0.0	3	668 61 5 2
144	878	0.0	3	807 60 8 3
145	821	0.0	3	754 55 8 4
146	1143	0.0	3	1049 74 12 8
147	890	0.0	3	810 65 9 6
148	667	0.0	3	606 50 5 6
149	486	0.0	3	361 68 29 28
150	20878	0.0	3	17527 1867 792 692

RUN STATISTICS FOR INPUT FILE: /vortexfs1/omics/tepolt/raw_reads/C_maenas/Cm_yrv_2023/25-193_R2_001.fastq.gz
=============================================
27463768 sequences processed in total
Sequences removed because they became shorter than the length cutoff of 20 bp:	39698 (0.1%)

