
SUMMARISING RUN PARAMETERS
==========================
Input filename: /vortexfs1/omics/tepolt/raw_reads/C_maenas/Cm_yrv_2023/25-202_R2_001.fastq.gz
Trimming mode: single-end
Trim Galore version: 0.6.6
Cutadapt version: 3.5
Python version: could not detect
Number of cores used for trimming: 8
Quality Phred score cutoff: 20
Quality encoding type selected: ASCII+33
Adapter sequence: 'AGATCGGAAGAGCGTCGTGTAGGGAAAGAGTGT' (user defined)
Maximum trimming error rate: 0.1 (default)
Minimum required adapter overlap (stringency): 1 bp
Minimum required sequence length before a sequence gets removed: 20 bp
Running FastQC on the data once trimming has completed
Running FastQC with the following extra arguments: --outdir /vortexfs1/scratch/yaamini.venkataraman/wc-green-crab/output/06b-trimgalore     --threads 28
Output file will be GZIP compressed


This is cutadapt 3.5 with Python 3.9.5
Command line parameters: -j 8 -e 0.1 -q 20 -O 1 -a AGATCGGAAGAGCGTCGTGTAGGGAAAGAGTGT /vortexfs1/omics/tepolt/raw_reads/C_maenas/Cm_yrv_2023/25-202_R2_001.fastq.gz
Processing reads on 8 cores in single-end mode ...
Finished in 101.52 s (2 µs/read; 29.11 M reads/minute).

=== Summary ===

Total reads processed:              49,247,884
Reads with adapters:                28,795,608 (58.5%)
Reads written (passing filters):    49,247,884 (100.0%)

Total basepairs processed: 7,387,182,600 bp
Quality-trimmed:              20,265,025 bp (0.3%)
Total written (filtered):  6,842,815,393 bp (92.6%)

=== Adapter 1 ===

Sequence: AGATCGGAAGAGCGTCGTGTAGGGAAAGAGTGT; Type: regular 3'; Length: 33; Trimmed: 28795608 times

Minimum overlap: 1
No. of allowed errors:
1-9 bp: 0; 10-19 bp: 1; 20-29 bp: 2; 30-33 bp: 3

Bases preceding removed adapters:
  A: 22.8%
  C: 28.6%
  G: 28.3%
  T: 20.3%
  none/other: 0.1%

Overview of removed sequences
length	count	expect	max.err	error counts
1	9373855	12311971.0	0	9373855
2	2499241	3077992.8	0	2499241
3	903754	769498.2	0	903754
4	469665	192374.5	0	469665
5	349925	48093.6	0	349925
6	312358	12023.4	0	312358
7	310752	3005.9	0	310752
8	298808	751.5	0	298808
9	291827	187.9	0	290830 997
10	295669	47.0	1	290416 5253
11	289882	11.7	1	284367 5515
12	296796	2.9	1	290297 6499
13	295135	0.7	1	288935 6200
14	299316	0.2	1	291649 7667
15	334921	0.0	1	326139 8782
16	303644	0.0	1	294957 8687
17	325283	0.0	1	312655 12628
18	318880	0.0	1	306053 12629 198
19	338360	0.0	1	322646 15483 231
20	326258	0.0	2	311727 12868 1663
21	273461	0.0	2	259554 12556 1351
22	282019	0.0	2	264604 15741 1674
23	288678	0.0	2	268037 18078 2563
24	325750	0.0	2	300116 22385 3249
25	318484	0.0	2	296210 19816 2458
26	311269	0.0	2	286494 21617 3158
27	346453	0.0	2	315577 25521 5337 18
28	271130	0.0	2	247894 19193 3825 218
29	290889	0.0	2	263671 23353 3767 98
30	269973	0.0	3	242169 22119 4109 1576
31	268108	0.0	3	240915 21947 3862 1384
32	267370	0.0	3	238980 23028 3965 1397
33	322111	0.0	3	280783 30210 7596 3522
34	270247	0.0	3	240004 24189 4454 1600
35	267424	0.0	3	241394 21198 3628 1204
36	246022	0.0	3	223092 19323 2831 776
37	266447	0.0	3	238153 23468 3768 1058
38	274768	0.0	3	247535 22577 3612 1044
39	268468	0.0	3	237887 24616 4484 1481
40	259182	0.0	3	231272 22886 3830 1194
41	223531	0.0	3	202256 18021 2551 703
42	230353	0.0	3	207630 18766 3000 957
43	235205	0.0	3	209571 20668 3857 1109
44	212466	0.0	3	190762 17960 2802 942
45	244289	0.0	3	213553 24340 4805 1591
46	204784	0.0	3	182256 18146 3278 1104
47	198256	0.0	3	177876 16980 2648 752
48	228355	0.0	3	203526 20388 3447 994
49	189453	0.0	3	170316 16055 2375 707
50	171941	0.0	3	154260 14505 2403 773
51	165329	0.0	3	147632 14353 2546 798
52	164379	0.0	3	145621 15153 2727 878
53	141961	0.0	3	128477 11221 1688 575
54	147398	0.0	3	131453 12881 2245 819
55	149452	0.0	3	134039 12502 2204 707
56	137752	0.0	3	124645 10754 1790 563
57	148277	0.0	3	131618 13265 2512 882
58	166125	0.0	3	147433 15210 2688 794
59	121568	0.0	3	108198 11007 1775 588
60	117283	0.0	3	105524 9679 1595 485
61	93992	0.0	3	85146 7422 1070 354
62	96778	0.0	3	86882 8172 1301 423
63	88263	0.0	3	79901 6911 1090 361
64	105813	0.0	3	94466 9388 1516 443
65	73500	0.0	3	67389 5134 739 238
66	75026	0.0	3	67325 6394 978 329
67	73410	0.0	3	65795 6289 1021 305
68	62344	0.0	3	56103 5228 794 219
69	51840	0.0	3	46799 4229 628 184
70	63399	0.0	3	56514 5591 985 309
71	31149	0.0	3	27860 2708 427 154
72	37786	0.0	3	33821 3214 576 175
73	36862	0.0	3	32667 3465 558 172
74	36478	0.0	3	32676 3210 448 144
75	36376	0.0	3	33467 2425 375 109
76	10733	0.0	3	9373 1140 161 59
77	22961	0.0	3	20986 1650 257 68
78	22570	0.0	3	20523 1671 268 108
79	20409	0.0	3	18367 1634 291 117
80	18500	0.0	3	16515 1614 262 109
81	16672	0.0	3	14877 1458 245 92
82	14702	0.0	3	13084 1290 244 84
83	12583	0.0	3	11183 1126 183 91
84	11442	0.0	3	10184 998 185 75
85	10654	0.0	3	9506 917 181 50
86	10384	0.0	3	9165 963 187 69
87	9942	0.0	3	8875 844 156 67
88	8837	0.0	3	7948 707 138 44
89	7914	0.0	3	7145 609 118 42
90	7288	0.0	3	6537 592 102 57
91	6732	0.0	3	6100 508 88 36
92	6369	0.0	3	5677 548 93 51
93	5385	0.0	3	4835 428 86 36
94	4761	0.0	3	4281 374 76 30
95	3980	0.0	3	3571 311 63 35
96	3853	0.0	3	3464 303 63 23
97	3607	0.0	3	3209 295 80 23
98	3555	0.0	3	3210 267 51 27
99	3257	0.0	3	2912 274 48 23
100	2823	0.0	3	2520 223 49 31
101	2607	0.0	3	2325 200 62 20
102	2092	0.0	3	1845 180 41 26
103	2069	0.0	3	1826 188 45 10
104	1726	0.0	3	1520 142 38 26
105	1671	0.0	3	1471 145 37 18
106	1641	0.0	3	1463 113 42 23
107	1735	0.0	3	1520 162 30 23
108	1395	0.0	3	1217 134 32 12
109	1316	0.0	3	1159 103 35 19
110	1201	0.0	3	1041 115 29 16
111	1062	0.0	3	945 74 29 14
112	880	0.0	3	754 78 31 17
113	712	0.0	3	619 67 14 12
114	734	0.0	3	652 51 16 15
115	579	0.0	3	482 62 18 17
116	608	0.0	3	528 60 13 7
117	505	0.0	3	444 40 6 15
118	529	0.0	3	434 70 19 6
119	510	0.0	3	441 42 20 7
120	474	0.0	3	385 51 24 14
121	430	0.0	3	326 65 22 17
122	320	0.0	3	267 33 14 6
123	240	0.0	3	199 23 12 6
124	210	0.0	3	175 21 5 9
125	159	0.0	3	131 13 10 5
126	153	0.0	3	123 19 6 5
127	131	0.0	3	108 12 7 4
128	186	0.0	3	158 14 3 11
129	174	0.0	3	128 17 18 11
130	374	0.0	3	225 65 47 37
131	11909	0.0	3	8461 2225 830 393
132	200	0.0	3	170 19 6 5
133	184	0.0	3	166 11 4 3
134	435	0.0	3	396 31 3 5
135	205	0.0	3	175 20 7 3
136	176	0.0	3	163 8 3 2
137	246	0.0	3	236 5 3 2
138	537	0.0	3	506 27 4
139	241	0.0	3	220 14 5 2
140	354	0.0	3	319 28 6 1
141	730	0.0	3	684 38 6 2
142	432	0.0	3	409 18 4 1
143	677	0.0	3	626 37 9 5
144	692	0.0	3	635 44 10 3
145	606	0.0	3	579 21 3 3
146	922	0.0	3	850 60 8 4
147	912	0.0	3	846 50 12 4
148	916	0.0	3	827 67 13 9
149	398	0.0	3	281 74 24 19
150	14745	0.0	3	11396 1665 891 793

RUN STATISTICS FOR INPUT FILE: /vortexfs1/omics/tepolt/raw_reads/C_maenas/Cm_yrv_2023/25-202_R2_001.fastq.gz
=============================================
49247884 sequences processed in total
Sequences removed because they became shorter than the length cutoff of 20 bp:	46837 (0.1%)

