
SUMMARISING RUN PARAMETERS
==========================
Input filename: /vortexfs1/omics/tepolt/raw_reads/C_maenas/Cm_yrv_2023/25-203_R2_001.fastq.gz
Trimming mode: single-end
Trim Galore version: 0.6.6
Cutadapt version: 3.5
Python version: could not detect
Number of cores used for trimming: 8
Quality Phred score cutoff: 20
Quality encoding type selected: ASCII+33
Adapter sequence: 'AGATCGGAAGAGCGTCGTGTAGGGAAAGAGTGT' (user defined)
Maximum trimming error rate: 0.1 (default)
Minimum required adapter overlap (stringency): 1 bp
Minimum required sequence length before a sequence gets removed: 20 bp
Running FastQC on the data once trimming has completed
Running FastQC with the following extra arguments: --outdir /vortexfs1/scratch/yaamini.venkataraman/wc-green-crab/output/06b-trimgalore     --threads 28
Output file will be GZIP compressed


This is cutadapt 3.5 with Python 3.9.5
Command line parameters: -j 8 -e 0.1 -q 20 -O 1 -a AGATCGGAAGAGCGTCGTGTAGGGAAAGAGTGT /vortexfs1/omics/tepolt/raw_reads/C_maenas/Cm_yrv_2023/25-203_R2_001.fastq.gz
Processing reads on 8 cores in single-end mode ...
Finished in 82.54 s (2 µs/read; 26.09 M reads/minute).

=== Summary ===

Total reads processed:              35,893,775
Reads with adapters:                17,622,448 (49.1%)
Reads written (passing filters):    35,893,775 (100.0%)

Total basepairs processed: 5,384,066,250 bp
Quality-trimmed:              30,365,927 bp (0.6%)
Total written (filtered):  5,147,295,591 bp (95.6%)

=== Adapter 1 ===

Sequence: AGATCGGAAGAGCGTCGTGTAGGGAAAGAGTGT; Type: regular 3'; Length: 33; Trimmed: 17622448 times

Minimum overlap: 1
No. of allowed errors:
1-9 bp: 0; 10-19 bp: 1; 20-29 bp: 2; 30-33 bp: 3

Bases preceding removed adapters:
  A: 25.6%
  C: 29.8%
  G: 25.6%
  T: 18.9%
  none/other: 0.1%

Overview of removed sequences
length	count	expect	max.err	error counts
1	7768530	8973443.8	0	7768530
2	2008935	2243360.9	0	2008935
3	742590	560840.2	0	742590
4	325295	140210.1	0	325295
5	222052	35052.5	0	222052
6	195833	8763.1	0	195833
7	191367	2190.8	0	191367
8	183299	547.7	0	183299
9	175525	136.9	0	174864 661
10	176314	34.2	1	172624 3690
11	170853	8.6	1	167091 3762
12	177516	2.1	1	173124 4392
13	171582	0.5	1	167951 3631
14	181733	0.1	1	176664 5069
15	195203	0.0	1	189680 5523
16	168769	0.0	1	163550 5219
17	173343	0.0	1	166220 7123
18	166408	0.0	1	159353 6958 97
19	182440	0.0	1	173347 8973 120
20	161247	0.0	2	153686 6618 943
21	142066	0.0	2	134169 7098 799
22	139785	0.0	2	130552 8248 985
23	148601	0.0	2	137460 9664 1477
24	156950	0.0	2	143015 11865 2070
25	136923	0.0	2	126709 8988 1226
26	142012	0.0	2	129515 10761 1736
27	151049	0.0	2	136450 12036 2553 10
28	122466	0.0	2	111067 9325 1910 164
29	121293	0.0	2	109321 10219 1700 53
30	126741	0.0	3	111867 11412 2530 932
31	104301	0.0	3	94009 8233 1535 524
32	118259	0.0	3	103276 11671 2483 829
33	111578	0.0	3	100575 8986 1507 510
34	139887	0.0	3	119941 15274 3418 1254
35	84333	0.0	3	75867 6925 1154 387
36	110997	0.0	3	96820 11035 2350 792
37	103488	0.0	3	90719 10139 1984 646
38	99064	0.0	3	87969 9006 1601 488
39	85043	0.0	3	76238 7245 1178 382
40	110359	0.0	3	95428 11607 2486 838
41	68465	0.0	3	60659 6291 1128 387
42	76769	0.0	3	68422 6722 1215 410
43	78710	0.0	3	68762 7847 1525 576
44	71026	0.0	3	62587 6761 1228 450
45	81158	0.0	3	69452 8986 2008 712
46	64999	0.0	3	56909 6428 1272 390
47	59434	0.0	3	52350 5628 1082 374
48	67991	0.0	3	59062 7047 1407 475
49	55506	0.0	3	48955 5283 934 334
50	50633	0.0	3	44417 4927 973 316
51	48546	0.0	3	42404 4826 973 343
52	50202	0.0	3	43386 5324 1124 368
53	38907	0.0	3	34697 3408 621 181
54	40892	0.0	3	35730 4013 839 310
55	41125	0.0	3	36033 3968 856 268
56	35213	0.0	3	31387 3068 553 205
57	37636	0.0	3	32642 3832 872 290
58	40697	0.0	3	35186 4329 897 285
59	27221	0.0	3	23761 2772 524 164
60	29883	0.0	3	26315 2909 496 163
61	25501	0.0	3	22718 2293 380 110
62	25767	0.0	3	22627 2489 504 147
63	19818	0.0	3	17760 1720 252 86
64	23403	0.0	3	20414 2354 474 161
65	15951	0.0	3	14341 1312 216 82
66	16628	0.0	3	14569 1665 291 103
67	16747	0.0	3	14662 1660 312 113
68	13657	0.0	3	12040 1315 221 81
69	11100	0.0	3	9816 1046 181 57
70	14648	0.0	3	12744 1506 286 112
71	5783	0.0	3	5008 598 115 62
72	7892	0.0	3	6919 767 146 60
73	8098	0.0	3	7019 854 171 54
74	8101	0.0	3	7061 843 139 58
75	8161	0.0	3	7341 649 124 47
76	2320	0.0	3	2012 247 39 22
77	4992	0.0	3	4499 390 75 28
78	4904	0.0	3	4362 409 91 42
79	4485	0.0	3	3934 418 97 36
80	3959	0.0	3	3464 384 83 28
81	3611	0.0	3	3173 327 87 24
82	3092	0.0	3	2686 303 76 27
83	2794	0.0	3	2375 306 78 35
84	2533	0.0	3	2169 277 66 21
85	2403	0.0	3	2069 240 66 28
86	2259	0.0	3	1920 243 64 32
87	2179	0.0	3	1903 200 54 22
88	1897	0.0	3	1632 201 44 20
89	1814	0.0	3	1574 181 33 26
90	1664	0.0	3	1433 164 45 22
91	1522	0.0	3	1324 141 38 19
92	1362	0.0	3	1195 120 31 16
93	1230	0.0	3	1059 120 31 20
94	1170	0.0	3	982 134 38 16
95	945	0.0	3	815 92 25 13
96	918	0.0	3	771 91 36 20
97	925	0.0	3	779 104 30 12
98	828	0.0	3	693 95 28 12
99	777	0.0	3	629 97 33 18
100	757	0.0	3	638 77 28 14
101	644	0.0	3	515 79 31 19
102	584	0.0	3	461 79 25 19
103	540	0.0	3	433 67 25 15
104	459	0.0	3	366 60 21 12
105	454	0.0	3	368 48 20 18
106	424	0.0	3	344 45 19 16
107	475	0.0	3	374 57 30 14
108	528	0.0	3	383 78 43 24
109	413	0.0	3	323 49 20 21
110	374	0.0	3	285 43 31 15
111	353	0.0	3	255 56 29 13
112	338	0.0	3	243 49 23 23
113	278	0.0	3	187 51 22 18
114	278	0.0	3	196 45 24 13
115	325	0.0	3	176 69 54 26
116	292	0.0	3	193 37 34 28
117	239	0.0	3	150 45 20 24
118	235	0.0	3	148 49 23 15
119	267	0.0	3	154 61 34 18
120	510	0.0	3	205 136 106 63
121	623	0.0	3	186 190 134 113
122	385	0.0	3	188 103 58 36
123	173	0.0	3	114 32 17 10
124	129	0.0	3	84 27 12 6
125	140	0.0	3	94 21 13 12
126	101	0.0	3	69 13 10 9
127	115	0.0	3	69 9 17 20
128	131	0.0	3	75 13 27 16
129	167	0.0	3	77 32 39 19
130	1315	0.0	3	605 302 222 186
131	62790	0.0	3	37935 15078 6465 3312
132	254	0.0	3	194 39 12 9
133	130	0.0	3	107 18 2 3
134	203	0.0	3	171 29 2 1
135	110	0.0	3	91 13 4 2
136	72	0.0	3	69 2 1
137	123	0.0	3	111 8 4
138	294	0.0	3	263 21 6 4
139	100	0.0	3	88 9 3
140	140	0.0	3	126 10 2 2
141	313	0.0	3	289 19 3 2
142	179	0.0	3	164 11 2 2
143	271	0.0	3	248 19 2 2
144	284	0.0	3	257 24 2 1
145	284	0.0	3	261 17 4 2
146	379	0.0	3	347 27 3 2
147	310	0.0	3	276 29 5
148	295	0.0	3	256 31 7 1
149	235	0.0	3	184 33 11 7
150	8756	0.0	3	7359 845 281 271

RUN STATISTICS FOR INPUT FILE: /vortexfs1/omics/tepolt/raw_reads/C_maenas/Cm_yrv_2023/25-203_R2_001.fastq.gz
=============================================
35893775 sequences processed in total
Sequences removed because they became shorter than the length cutoff of 20 bp:	111019 (0.3%)

