
SUMMARISING RUN PARAMETERS
==========================
Input filename: /vortexfs1/omics/tepolt/raw_reads/C_maenas/Cm_yrv_2023/5-003_R2_001.fastq.gz
Trimming mode: single-end
Trim Galore version: 0.6.6
Cutadapt version: 3.5
Python version: could not detect
Number of cores used for trimming: 8
Quality Phred score cutoff: 20
Quality encoding type selected: ASCII+33
Adapter sequence: 'AGATCGGAAGAGCGTCGTGTAGGGAAAGAGTGT' (user defined)
Maximum trimming error rate: 0.1 (default)
Minimum required adapter overlap (stringency): 1 bp
Minimum required sequence length before a sequence gets removed: 20 bp
Running FastQC on the data once trimming has completed
Running FastQC with the following extra arguments: --outdir /vortexfs1/scratch/yaamini.venkataraman/wc-green-crab/output/06b-trimgalore     --threads 28
Output file will be GZIP compressed


This is cutadapt 3.5 with Python 3.9.5
Command line parameters: -j 8 -e 0.1 -q 20 -O 1 -a AGATCGGAAGAGCGTCGTGTAGGGAAAGAGTGT /vortexfs1/omics/tepolt/raw_reads/C_maenas/Cm_yrv_2023/5-003_R2_001.fastq.gz
Processing reads on 8 cores in single-end mode ...
Finished in 99.97 s (2 µs/read; 28.04 M reads/minute).

=== Summary ===

Total reads processed:              46,712,444
Reads with adapters:                24,108,956 (51.6%)
Reads written (passing filters):    46,712,444 (100.0%)

Total basepairs processed: 7,006,866,600 bp
Quality-trimmed:              17,120,444 bp (0.2%)
Total written (filtered):  6,668,441,311 bp (95.2%)

=== Adapter 1 ===

Sequence: AGATCGGAAGAGCGTCGTGTAGGGAAAGAGTGT; Type: regular 3'; Length: 33; Trimmed: 24108956 times

Minimum overlap: 1
No. of allowed errors:
1-9 bp: 0; 10-19 bp: 1; 20-29 bp: 2; 30-33 bp: 3

Bases preceding removed adapters:
  A: 25.2%
  C: 27.7%
  G: 27.2%
  T: 19.9%
  none/other: 0.0%

Overview of removed sequences
length	count	expect	max.err	error counts
1	9990000	11678111.0	0	9990000
2	2518853	2919527.8	0	2518853
3	925638	729881.9	0	925638
4	426016	182470.5	0	426016
5	303819	45617.6	0	303819
6	263215	11404.4	0	263215
7	264932	2851.1	0	264932
8	249309	712.8	0	249309
9	237094	178.2	0	236226 868
10	238219	44.5	1	234030 4189
11	232179	11.1	1	227894 4285
12	238809	2.8	1	233788 5021
13	235840	0.7	1	231194 4646
14	239264	0.2	1	233378 5886
15	267692	0.0	1	261201 6491
16	231904	0.0	1	225657 6247
17	239287	0.0	1	230656 8631
18	239019	0.0	1	230107 8778 134
19	247791	0.0	1	237108 10530 153
20	241040	0.0	2	230950 8981 1109
21	201278	0.0	2	191663 8775 840
22	204333	0.0	2	192483 10741 1109
23	223008	0.0	2	208102 13130 1776
24	224132	0.0	2	207613 14540 1979
25	212085	0.0	2	197969 12624 1492
26	209088	0.0	2	193307 13930 1851
27	226592	0.0	2	207400 15985 3194 13
28	179204	0.0	2	164638 12137 2290 139
29	189132	0.0	2	172085 14716 2283 48
30	174013	0.0	3	157219 13396 2457 941
31	173272	0.0	3	156622 13511 2347 792
32	172014	0.0	3	154589 14240 2346 839
33	204598	0.0	3	179577 18450 4527 2044
34	167262	0.0	3	149545 14262 2566 889
35	168070	0.0	3	152321 12863 2208 678
36	151114	0.0	3	137641 11451 1573 449
37	162811	0.0	3	146483 13616 2046 666
38	163706	0.0	3	148441 12625 1995 645
39	156586	0.0	3	139179 13875 2647 885
40	151041	0.0	3	135361 13008 2054 618
41	131000	0.0	3	119105 10106 1402 387
42	132706	0.0	3	120241 10367 1602 496
43	134706	0.0	3	120436 11458 2139 673
44	121497	0.0	3	109703 9900 1442 452
45	140245	0.0	3	123164 13533 2659 889
46	113372	0.0	3	101365 9761 1696 550
47	110239	0.0	3	99407 9057 1359 416
48	124107	0.0	3	110855 10826 1846 580
49	103300	0.0	3	93464 8320 1186 330
50	93804	0.0	3	84341 7761 1262 440
51	88889	0.0	3	79878 7378 1250 383
52	90366	0.0	3	80399 8066 1454 447
53	76817	0.0	3	69861 5826 836 294
54	77538	0.0	3	69211 6752 1187 388
55	77383	0.0	3	69913 6085 1054 331
56	67977	0.0	3	61857 4999 825 296
57	70691	0.0	3	63065 6097 1116 413
58	74518	0.0	3	66025 6874 1239 380
59	60949	0.0	3	54402 5367 914 266
60	57106	0.0	3	51322 4817 690 277
61	48692	0.0	3	44226 3700 574 192
62	49119	0.0	3	44163 4054 676 226
63	39975	0.0	3	36327 3016 455 177
64	45846	0.0	3	41125 3904 636 181
65	33043	0.0	3	30322 2284 325 112
66	34918	0.0	3	31554 2784 452 128
67	33528	0.0	3	30142 2798 434 154
68	28730	0.0	3	25885 2389 344 112
69	24180	0.0	3	21976 1877 245 82
70	29710	0.0	3	26418 2673 477 142
71	14308	0.0	3	12756 1274 199 79
72	17571	0.0	3	15690 1543 248 90
73	17155	0.0	3	15188 1601 282 84
74	16905	0.0	3	15081 1527 223 74
75	17037	0.0	3	15663 1150 181 43
76	4979	0.0	3	4372 503 74 30
77	10391	0.0	3	9550 708 96 37
78	10253	0.0	3	9271 774 144 64
79	9466	0.0	3	8497 797 120 52
80	8337	0.0	3	7388 766 133 50
81	7654	0.0	3	6804 686 118 46
82	6647	0.0	3	5878 600 118 51
83	5903	0.0	3	5189 553 102 59
84	5178	0.0	3	4606 465 79 28
85	4647	0.0	3	4144 391 81 31
86	4403	0.0	3	3915 407 56 25
87	4354	0.0	3	3891 349 78 36
88	3792	0.0	3	3338 332 90 32
89	3513	0.0	3	3187 249 50 27
90	3247	0.0	3	2940 231 50 26
91	2999	0.0	3	2684 246 51 18
92	2623	0.0	3	2360 205 39 19
93	2282	0.0	3	2026 199 35 22
94	2047	0.0	3	1849 152 32 14
95	1633	0.0	3	1430 154 30 19
96	1609	0.0	3	1441 131 25 12
97	1610	0.0	3	1415 147 31 17
98	1383	0.0	3	1249 100 26 8
99	1408	0.0	3	1229 119 36 24
100	1191	0.0	3	1042 101 31 17
101	1058	0.0	3	917 102 23 16
102	937	0.0	3	816 89 17 15
103	881	0.0	3	783 62 20 16
104	808	0.0	3	709 63 27 9
105	726	0.0	3	629 63 21 13
106	684	0.0	3	594 53 20 17
107	714	0.0	3	623 65 18 8
108	670	0.0	3	568 60 26 16
109	530	0.0	3	470 41 10 9
110	507	0.0	3	438 37 15 17
111	451	0.0	3	381 37 18 15
112	381	0.0	3	312 49 13 7
113	340	0.0	3	280 39 11 10
114	385	0.0	3	313 44 15 13
115	277	0.0	3	209 46 12 10
116	286	0.0	3	230 31 18 7
117	269	0.0	3	210 25 21 13
118	268	0.0	3	208 37 12 11
119	280	0.0	3	202 40 25 13
120	340	0.0	3	206 59 43 32
121	350	0.0	3	161 72 66 51
122	257	0.0	3	171 37 31 18
123	141	0.0	3	115 14 6 6
124	109	0.0	3	84 16 6 3
125	104	0.0	3	77 13 9 5
126	103	0.0	3	89 3 5 6
127	99	0.0	3	72 11 10 6
128	104	0.0	3	70 15 10 9
129	115	0.0	3	79 13 12 11
130	667	0.0	3	315 152 101 99
131	29975	0.0	3	20890 5882 2156 1047
132	173	0.0	3	135 24 8 6
133	137	0.0	3	115 13 6 3
134	196	0.0	3	182 9 3 2
135	136	0.0	3	110 17 6 3
136	118	0.0	3	104 12 1 1
137	149	0.0	3	137 9 1 2
138	221	0.0	3	206 13 0 2
139	165	0.0	3	148 10 3 4
140	235	0.0	3	225 10
141	402	0.0	3	374 21 5 2
142	223	0.0	3	206 14 1 2
143	332	0.0	3	297 31 3 1
144	425	0.0	3	394 23 4 4
145	391	0.0	3	363 22 5 1
146	608	0.0	3	556 42 10
147	565	0.0	3	516 34 10 5
148	503	0.0	3	459 34 6 4
149	209	0.0	3	161 23 16 9
150	8217	0.0	3	6728 818 336 335

RUN STATISTICS FOR INPUT FILE: /vortexfs1/omics/tepolt/raw_reads/C_maenas/Cm_yrv_2023/5-003_R2_001.fastq.gz
=============================================
46712444 sequences processed in total
Sequences removed because they became shorter than the length cutoff of 20 bp:	52778 (0.1%)

