
SUMMARISING RUN PARAMETERS
==========================
Input filename: /vortexfs1/omics/tepolt/raw_reads/C_maenas/Cm_yrv_2023/5-005_R2_001.fastq.gz
Trimming mode: single-end
Trim Galore version: 0.6.6
Cutadapt version: 3.5
Python version: could not detect
Number of cores used for trimming: 8
Quality Phred score cutoff: 20
Quality encoding type selected: ASCII+33
Adapter sequence: 'AGATCGGAAGAGCGTCGTGTAGGGAAAGAGTGT' (user defined)
Maximum trimming error rate: 0.1 (default)
Minimum required adapter overlap (stringency): 1 bp
Minimum required sequence length before a sequence gets removed: 20 bp
Running FastQC on the data once trimming has completed
Running FastQC with the following extra arguments: --outdir /vortexfs1/scratch/yaamini.venkataraman/wc-green-crab/output/06b-trimgalore     --threads 28
Output file will be GZIP compressed


This is cutadapt 3.5 with Python 3.9.5
Command line parameters: -j 8 -e 0.1 -q 20 -O 1 -a AGATCGGAAGAGCGTCGTGTAGGGAAAGAGTGT /vortexfs1/omics/tepolt/raw_reads/C_maenas/Cm_yrv_2023/5-005_R2_001.fastq.gz
Processing reads on 8 cores in single-end mode ...
Finished in 92.09 s (2 µs/read; 28.90 M reads/minute).

=== Summary ===

Total reads processed:              44,362,652
Reads with adapters:                19,372,368 (43.7%)
Reads written (passing filters):    44,362,652 (100.0%)

Total basepairs processed: 6,654,397,800 bp
Quality-trimmed:              15,241,655 bp (0.2%)
Total written (filtered):  6,508,463,246 bp (97.8%)

=== Adapter 1 ===

Sequence: AGATCGGAAGAGCGTCGTGTAGGGAAAGAGTGT; Type: regular 3'; Length: 33; Trimmed: 19372368 times

Minimum overlap: 1
No. of allowed errors:
1-9 bp: 0; 10-19 bp: 1; 20-29 bp: 2; 30-33 bp: 3

Bases preceding removed adapters:
  A: 31.9%
  C: 22.3%
  G: 20.9%
  T: 24.8%
  none/other: 0.1%

Overview of removed sequences
length	count	expect	max.err	error counts
1	11677690	11090663.0	0	11677690
2	2546159	2772665.8	0	2546159
3	800372	693166.4	0	800372
4	298955	173291.6	0	298955
5	167409	43322.9	0	167409
6	132420	10830.7	0	132420
7	130649	2707.7	0	130649
8	117568	676.9	0	117568
9	110645	169.2	0	110064 581
10	109661	42.3	1	107621 2040
11	104292	10.6	1	102277 2015
12	108156	2.6	1	105822 2334
13	103716	0.7	1	101715 2001
14	106431	0.2	1	103871 2560
15	122329	0.0	1	119386 2943
16	102117	0.0	1	99457 2660
17	103917	0.0	1	100184 3733
18	100885	0.0	1	97141 3708 36
19	108878	0.0	1	104282 4527 69
20	97887	0.0	2	93717 3645 525
21	82505	0.0	2	78363 3750 392
22	81475	0.0	2	76754 4231 490
23	90009	0.0	2	84117 5172 720
24	91950	0.0	2	85015 6027 908
25	84973	0.0	2	79252 5107 614
26	83032	0.0	2	76419 5689 924
27	87036	0.0	2	79529 6262 1243 2
28	70875	0.0	2	65026 4876 899 74
29	69288	0.0	2	63143 5326 795 24
30	69874	0.0	3	62478 5736 1223 437
31	59042	0.0	3	53808 4176 789 269
32	63773	0.0	3	56687 5568 1130 388
33	61663	0.0	3	56249 4428 733 253
34	75532	0.0	3	66128 7213 1620 571
35	48843	0.0	3	44357 3707 589 190
36	63068	0.0	3	55990 5550 1152 376
37	57421	0.0	3	51053 5154 917 297
38	56710	0.0	3	50870 4722 844 274
39	47860	0.0	3	43329 3755 599 177
40	62778	0.0	3	55217 5976 1172 413
41	38502	0.0	3	34457 3284 558 203
42	43038	0.0	3	39029 3275 554 180
43	44528	0.0	3	39490 4004 789 245
44	40531	0.0	3	36301 3416 601 213
45	45416	0.0	3	39525 4616 931 344
46	36377	0.0	3	32176 3326 667 208
47	33992	0.0	3	30394 2890 522 186
48	40040	0.0	3	35454 3660 711 215
49	31821	0.0	3	28465 2792 427 137
50	28362	0.0	3	25296 2477 433 156
51	26487	0.0	3	23456 2381 495 155
52	27590	0.0	3	24178 2674 546 192
53	22599	0.0	3	20424 1757 307 111
54	22729	0.0	3	20275 1961 354 139
55	23305	0.0	3	20752 2011 413 129
56	19794	0.0	3	17872 1557 263 102
57	21393	0.0	3	18713 2110 411 159
58	23439	0.0	3	20518 2346 426 149
59	15755	0.0	3	13986 1431 256 82
60	16291	0.0	3	14497 1460 247 87
61	14004	0.0	3	12573 1188 184 59
62	14911	0.0	3	13292 1279 243 97
63	11316	0.0	3	10231 897 136 52
64	13601	0.0	3	12032 1239 239 91
65	9685	0.0	3	8803 721 121 40
66	9984	0.0	3	8841 905 168 70
67	10191	0.0	3	9020 931 177 63
68	8547	0.0	3	7651 709 132 55
69	6857	0.0	3	6168 568 87 34
70	9352	0.0	3	8201 909 169 73
71	3769	0.0	3	3331 351 60 27
72	5010	0.0	3	4441 450 89 30
73	5098	0.0	3	4440 529 103 26
74	5250	0.0	3	4583 522 103 42
75	5426	0.0	3	4886 426 79 35
76	1665	0.0	3	1456 165 33 11
77	3245	0.0	3	2906 259 61 19
78	3393	0.0	3	3013 292 63 25
79	3142	0.0	3	2788 272 56 26
80	2997	0.0	3	2593 292 86 26
81	2730	0.0	3	2371 266 61 32
82	2432	0.0	3	2105 220 63 44
83	2137	0.0	3	1821 217 53 46
84	2034	0.0	3	1737 204 59 34
85	1865	0.0	3	1542 222 68 33
86	1823	0.0	3	1520 210 56 37
87	1757	0.0	3	1509 177 48 23
88	1615	0.0	3	1386 168 40 21
89	1516	0.0	3	1337 125 34 20
90	1485	0.0	3	1290 139 39 17
91	1456	0.0	3	1270 139 22 25
92	1403	0.0	3	1214 137 36 16
93	1187	0.0	3	1027 122 20 18
94	1025	0.0	3	860 111 35 19
95	946	0.0	3	808 91 27 20
96	834	0.0	3	719 90 15 10
97	825	0.0	3	708 81 24 12
98	827	0.0	3	718 82 13 14
99	777	0.0	3	655 78 30 14
100	717	0.0	3	604 89 16 8
101	672	0.0	3	578 70 12 12
102	564	0.0	3	474 62 22 6
103	600	0.0	3	505 69 17 9
104	499	0.0	3	424 50 18 7
105	468	0.0	3	390 52 19 7
106	443	0.0	3	366 49 17 11
107	752	0.0	3	632 83 23 14
108	504	0.0	3	403 62 23 16
109	455	0.0	3	396 30 19 10
110	425	0.0	3	329 61 24 11
111	360	0.0	3	293 41 16 10
112	344	0.0	3	260 51 19 14
113	288	0.0	3	212 43 20 13
114	325	0.0	3	265 35 15 10
115	252	0.0	3	188 34 23 7
116	247	0.0	3	190 28 12 17
117	228	0.0	3	152 39 25 12
118	250	0.0	3	194 32 11 13
119	232	0.0	3	167 36 20 9
120	267	0.0	3	142 56 45 24
121	258	0.0	3	148 48 35 27
122	238	0.0	3	150 41 26 21
123	164	0.0	3	114 31 10 9
124	153	0.0	3	119 19 8 7
125	101	0.0	3	79 13 3 6
126	99	0.0	3	71 13 8 7
127	88	0.0	3	66 12 7 3
128	117	0.0	3	83 20 12 2
129	107	0.0	3	86 11 6 4
130	280	0.0	3	194 32 31 23
131	7745	0.0	3	4431 1858 898 558
132	159	0.0	3	126 19 10 4
133	115	0.0	3	86 17 8 4
134	263	0.0	3	221 31 8 3
135	105	0.0	3	83 15 4 3
136	107	0.0	3	100 4 1 2
137	148	0.0	3	125 17 5 1
138	181	0.0	3	166 11 4
139	107	0.0	3	99 7 0 1
140	134	0.0	3	125 7 2
141	233	0.0	3	209 16 3 5
142	139	0.0	3	123 12 2 2
143	189	0.0	3	161 24 3 1
144	224	0.0	3	201 20 2 1
145	200	0.0	3	180 12 4 4
146	319	0.0	3	288 26 2 3
147	269	0.0	3	240 22 4 3
148	258	0.0	3	221 25 9 3
149	297	0.0	3	195 63 24 15
150	14730	0.0	3	12551 1338 456 385

RUN STATISTICS FOR INPUT FILE: /vortexfs1/omics/tepolt/raw_reads/C_maenas/Cm_yrv_2023/5-005_R2_001.fastq.gz
=============================================
44362652 sequences processed in total
Sequences removed because they became shorter than the length cutoff of 20 bp:	34812 (0.1%)

