
SUMMARISING RUN PARAMETERS
==========================
Input filename: /vortexfs1/omics/tepolt/raw_reads/C_maenas/Cm_yrv_2023/5-002_R2_001.fastq.gz
Trimming mode: single-end
Trim Galore version: 0.6.6
Cutadapt version: 3.5
Python version: could not detect
Number of cores used for trimming: 8
Quality Phred score cutoff: 20
Quality encoding type selected: ASCII+33
Adapter sequence: 'AGATCGGAAGAGCGTCGTGTAGGGAAAGAGTGT' (user defined)
Maximum trimming error rate: 0.1 (default)
Minimum required adapter overlap (stringency): 1 bp
Minimum required sequence length before a sequence gets removed: 20 bp
Running FastQC on the data once trimming has completed
Running FastQC with the following extra arguments: --outdir /vortexfs1/scratch/yaamini.venkataraman/wc-green-crab/output/06b-trimgalore     --threads 28
Output file will be GZIP compressed


This is cutadapt 3.5 with Python 3.9.5
Command line parameters: -j 8 -e 0.1 -q 20 -O 1 -a AGATCGGAAGAGCGTCGTGTAGGGAAAGAGTGT /vortexfs1/omics/tepolt/raw_reads/C_maenas/Cm_yrv_2023/5-002_R2_001.fastq.gz
Processing reads on 8 cores in single-end mode ...
Finished in 99.06 s (2 µs/read; 26.43 M reads/minute).

=== Summary ===

Total reads processed:              43,638,842
Reads with adapters:                19,897,459 (45.6%)
Reads written (passing filters):    43,638,842 (100.0%)

Total basepairs processed: 6,545,826,300 bp
Quality-trimmed:              17,519,806 bp (0.3%)
Total written (filtered):  6,348,526,123 bp (97.0%)

=== Adapter 1 ===

Sequence: AGATCGGAAGAGCGTCGTGTAGGGAAAGAGTGT; Type: regular 3'; Length: 33; Trimmed: 19897459 times

Minimum overlap: 1
No. of allowed errors:
1-9 bp: 0; 10-19 bp: 1; 20-29 bp: 2; 30-33 bp: 3

Bases preceding removed adapters:
  A: 27.0%
  C: 27.7%
  G: 24.2%
  T: 21.0%
  none/other: 0.1%

Overview of removed sequences
length	count	expect	max.err	error counts
1	9987771	10909710.5	0	9987771
2	2569065	2727427.6	0	2569065
3	896333	681856.9	0	896333
4	358238	170464.2	0	358238
5	230436	42616.1	0	230436
6	194812	10654.0	0	194812
7	191356	2663.5	0	191356
8	176771	665.9	0	176771
9	172047	166.5	0	171339 708
10	171763	41.6	1	168470 3293
11	166330	10.4	1	163104 3226
12	171329	2.6	1	167396 3933
13	164828	0.7	1	161762 3066
14	166668	0.2	1	162551 4117
15	181145	0.0	1	176539 4606
16	157848	0.0	1	153476 4372
17	160903	0.0	1	155143 5760
18	155471	0.0	1	149772 5621 78
19	165006	0.0	1	157869 7025 112
20	153986	0.0	2	147324 5878 784
21	129948	0.0	2	123530 5808 610
22	130412	0.0	2	122621 7040 751
23	137805	0.0	2	128604 8056 1145
24	138140	0.0	2	127793 9013 1334
25	131878	0.0	2	123002 7887 989
26	128243	0.0	2	118457 8496 1290
27	138659	0.0	2	127046 9713 1892 8
28	109515	0.0	2	100707 7351 1386 71
29	107656	0.0	2	98225 8119 1269 43
30	104275	0.0	3	93831 8050 1726 668
31	99738	0.0	3	90225 7499 1488 526
32	99660	0.0	3	89363 8304 1460 533
33	102039	0.0	3	91742 8038 1610 649
34	102075	0.0	3	91364 8684 1545 482
35	84463	0.0	3	77401 5985 843 234
36	94689	0.0	3	84331 8264 1515 579
37	84159	0.0	3	75539 6969 1223 428
38	88520	0.0	3	79132 7576 1353 459
39	95651	0.0	3	85217 8349 1515 570
40	60670	0.0	3	54451 5008 895 316
41	68548	0.0	3	61444 5699 984 421
42	64382	0.0	3	58743 4729 680 230
43	66490	0.0	3	59374 5692 1011 413
44	58766	0.0	3	52941 4796 760 269
45	66921	0.0	3	58717 6427 1278 499
46	53004	0.0	3	47329 4484 864 327
47	49814	0.0	3	44968 4000 593 253
48	53818	0.0	3	47921 4719 838 340
49	44959	0.0	3	40494 3696 557 212
50	40541	0.0	3	36425 3358 555 203
51	39059	0.0	3	34905 3278 634 242
52	39588	0.0	3	35142 3474 691 281
53	32119	0.0	3	29250 2343 378 148
54	32982	0.0	3	29372 2855 538 217
55	32343	0.0	3	29012 2632 502 197
56	27922	0.0	3	25437 2025 339 121
57	28471	0.0	3	25307 2484 487 193
58	31618	0.0	3	28041 2859 527 191
59	21486	0.0	3	19019 1984 344 139
60	21970	0.0	3	19803 1766 293 108
61	18391	0.0	3	16580 1469 256 86
62	19533	0.0	3	17474 1661 285 113
63	15135	0.0	3	13737 1138 182 78
64	18136	0.0	3	16192 1553 268 123
65	12864	0.0	3	11766 912 140 46
66	13483	0.0	3	12082 1121 209 71
67	13088	0.0	3	11626 1154 237 71
68	10867	0.0	3	9752 876 178 61
69	9070	0.0	3	8216 690 121 43
70	11810	0.0	3	10541 999 203 67
71	5527	0.0	3	4948 451 91 37
72	6932	0.0	3	6180 585 125 42
73	7072	0.0	3	6233 681 109 49
74	7094	0.0	3	6301 651 104 38
75	7175	0.0	3	6540 529 70 36
76	2068	0.0	3	1806 223 31 8
77	4293	0.0	3	3902 310 54 27
78	4578	0.0	3	4104 370 72 32
79	4209	0.0	3	3747 367 64 31
80	3888	0.0	3	3439 344 67 38
81	3561	0.0	3	3134 332 63 32
82	3059	0.0	3	2693 273 53 40
83	2777	0.0	3	2422 254 66 35
84	2626	0.0	3	2287 239 63 37
85	2371	0.0	3	2071 220 52 28
86	2312	0.0	3	2035 194 51 32
87	2206	0.0	3	1932 215 36 23
88	2086	0.0	3	1832 183 45 26
89	1934	0.0	3	1704 168 40 22
90	1940	0.0	3	1748 147 26 19
91	1815	0.0	3	1602 162 35 16
92	1709	0.0	3	1528 122 42 17
93	1395	0.0	3	1203 138 40 14
94	1253	0.0	3	1109 103 22 19
95	1144	0.0	3	1000 99 24 21
96	1120	0.0	3	967 120 21 12
97	1082	0.0	3	937 100 25 20
98	962	0.0	3	840 81 24 17
99	1010	0.0	3	860 108 35 7
100	937	0.0	3	781 105 32 19
101	840	0.0	3	706 94 23 17
102	742	0.0	3	636 70 25 11
103	725	0.0	3	628 74 12 11
104	613	0.0	3	505 66 24 18
105	611	0.0	3	522 59 11 19
106	607	0.0	3	508 69 20 10
107	697	0.0	3	600 65 21 11
108	582	0.0	3	490 59 22 11
109	513	0.0	3	445 45 13 10
110	491	0.0	3	402 51 24 14
111	420	0.0	3	345 43 22 10
112	423	0.0	3	349 38 21 15
113	297	0.0	3	251 27 9 10
114	410	0.0	3	328 50 16 16
115	327	0.0	3	270 42 9 6
116	281	0.0	3	227 35 13 6
117	264	0.0	3	220 24 10 10
118	281	0.0	3	233 33 9 6
119	241	0.0	3	185 28 17 11
120	227	0.0	3	174 30 17 6
121	232	0.0	3	189 20 11 12
122	179	0.0	3	134 26 15 4
123	155	0.0	3	130 14 8 3
124	132	0.0	3	105 12 13 2
125	135	0.0	3	105 15 9 6
126	117	0.0	3	91 12 7 7
127	99	0.0	3	79 11 5 4
128	117	0.0	3	100 9 7 1
129	126	0.0	3	104 16 5 1
130	154	0.0	3	118 23 8 5
131	1511	0.0	3	963 298 139 111
132	129	0.0	3	99 19 5 6
133	118	0.0	3	89 19 4 6
134	271	0.0	3	238 25 6 2
135	151	0.0	3	124 19 5 3
136	130	0.0	3	116 8 4 2
137	170	0.0	3	145 19 4 2
138	312	0.0	3	285 22 3 2
139	183	0.0	3	168 13 1 1
140	234	0.0	3	217 11 3 3
141	432	0.0	3	391 32 6 3
142	240	0.0	3	221 17 1 1
143	397	0.0	3	356 29 10 2
144	447	0.0	3	410 30 4 3
145	428	0.0	3	393 27 3 5
146	656	0.0	3	593 49 9 5
147	546	0.0	3	504 36 5 1
148	571	0.0	3	517 43 8 3
149	327	0.0	3	218 58 31 20
150	11554	0.0	3	9139 1373 575 467

RUN STATISTICS FOR INPUT FILE: /vortexfs1/omics/tepolt/raw_reads/C_maenas/Cm_yrv_2023/5-002_R2_001.fastq.gz
=============================================
43638842 sequences processed in total
Sequences removed because they became shorter than the length cutoff of 20 bp:	28456 (0.1%)

