
SUMMARISING RUN PARAMETERS
==========================
Input filename: /vortexfs1/omics/tepolt/raw_reads/C_maenas/Cm_yrv_2023/5-008_R2_001.fastq.gz
Trimming mode: single-end
Trim Galore version: 0.6.6
Cutadapt version: 3.5
Python version: could not detect
Number of cores used for trimming: 8
Quality Phred score cutoff: 20
Quality encoding type selected: ASCII+33
Adapter sequence: 'AGATCGGAAGAGCGTCGTGTAGGGAAAGAGTGT' (user defined)
Maximum trimming error rate: 0.1 (default)
Minimum required adapter overlap (stringency): 1 bp
Minimum required sequence length before a sequence gets removed: 20 bp
Running FastQC on the data once trimming has completed
Running FastQC with the following extra arguments: --outdir /vortexfs1/scratch/yaamini.venkataraman/wc-green-crab/output/06b-trimgalore     --threads 28
Output file will be GZIP compressed


This is cutadapt 3.5 with Python 3.9.5
Command line parameters: -j 8 -e 0.1 -q 20 -O 1 -a AGATCGGAAGAGCGTCGTGTAGGGAAAGAGTGT /vortexfs1/omics/tepolt/raw_reads/C_maenas/Cm_yrv_2023/5-008_R2_001.fastq.gz
Processing reads on 8 cores in single-end mode ...
Finished in 109.27 s (2 µs/read; 27.80 M reads/minute).

=== Summary ===

Total reads processed:              50,630,229
Reads with adapters:                22,069,048 (43.6%)
Reads written (passing filters):    50,630,229 (100.0%)

Total basepairs processed: 7,594,534,350 bp
Quality-trimmed:              20,241,946 bp (0.3%)
Total written (filtered):  7,402,840,525 bp (97.5%)

=== Adapter 1 ===

Sequence: AGATCGGAAGAGCGTCGTGTAGGGAAAGAGTGT; Type: regular 3'; Length: 33; Trimmed: 22069048 times

Minimum overlap: 1
No. of allowed errors:
1-9 bp: 0; 10-19 bp: 1; 20-29 bp: 2; 30-33 bp: 3

Bases preceding removed adapters:
  A: 28.8%
  C: 25.6%
  G: 23.0%
  T: 22.6%
  none/other: 0.1%

Overview of removed sequences
length	count	expect	max.err	error counts
1	12255807	12657557.2	0	12255807
2	2958486	3164389.3	0	2958486
3	982134	791097.3	0	982134
4	370200	197774.3	0	370200
5	218444	49443.6	0	218444
6	179310	12360.9	0	179310
7	175503	3090.2	0	175503
8	163966	772.6	0	163966
9	155139	193.1	0	154439 700
10	154037	48.3	1	151006 3031
11	147444	12.1	1	144451 2993
12	150944	3.0	1	147631 3313
13	143336	0.8	1	140445 2891
14	146235	0.2	1	142566 3669
15	158839	0.0	1	154775 4064
16	138382	0.0	1	134636 3746
17	139354	0.0	1	134311 5043
18	136530	0.0	1	131436 5023 71
19	135827	0.0	1	130419 5322 86
20	151859	0.0	2	145152 5886 821
21	107620	0.0	2	102166 4918 536
22	115047	0.0	2	107518 6880 649
23	121042	0.0	2	112093 8057 892
24	126200	0.0	2	115703 9327 1170
25	112546	0.0	2	104360 7352 834
26	111610	0.0	2	102151 8365 1094
27	117118	0.0	2	106324 9143 1644 7
28	95505	0.0	2	87147 7006 1262 90
29	96109	0.0	2	87136 7818 1130 25
30	87602	0.0	3	78897 7060 1210 435
31	91766	0.0	3	81417 8000 1700 649
32	85525	0.0	3	76690 7283 1161 391
33	93246	0.0	3	83563 7711 1442 530
34	77984	0.0	3	69539 6978 1095 372
35	81553	0.0	3	73960 6254 1004 335
36	82736	0.0	3	72454 8001 1628 653
37	83328	0.0	3	72884 8238 1630 576
38	76240	0.0	3	68979 5951 990 320
39	68976	0.0	3	61670 6063 942 301
40	72073	0.0	3	63456 6991 1220 406
41	63011	0.0	3	55654 5862 1083 412
42	57609	0.0	3	52390 4448 586 185
43	60836	0.0	3	53966 5570 986 314
44	54571	0.0	3	48794 4821 693 263
45	61032	0.0	3	53060 6274 1218 480
46	50064	0.0	3	44581 4341 847 295
47	46524	0.0	3	41455 4241 608 220
48	51978	0.0	3	45985 4825 846 322
49	42540	0.0	3	38076 3663 623 178
50	38814	0.0	3	34646 3387 582 199
51	37102	0.0	3	32915 3378 597 212
52	37100	0.0	3	32708 3493 686 213
53	31594	0.0	3	28533 2540 375 146
54	31630	0.0	3	28072 2832 538 188
55	32032	0.0	3	28541 2732 566 193
56	26291	0.0	3	23693 2120 332 146
57	28324	0.0	3	25086 2557 531 150
58	31001	0.0	3	27383 2907 553 158
59	20974	0.0	3	18433 2065 358 118
60	21844	0.0	3	19545 1897 310 92
61	18696	0.0	3	16753 1583 253 107
62	19395	0.0	3	17306 1695 283 111
63	15392	0.0	3	13881 1246 199 66
64	18107	0.0	3	16004 1715 286 102
65	13040	0.0	3	11893 957 119 71
66	13615	0.0	3	12091 1262 197 65
67	13014	0.0	3	11539 1211 186 78
68	11533	0.0	3	10289 1020 168 56
69	9296	0.0	3	8344 776 125 51
70	11940	0.0	3	10484 1176 212 68
71	5779	0.0	3	5136 520 93 30
72	7212	0.0	3	6375 676 122 39
73	7212	0.0	3	6299 744 128 41
74	7213	0.0	3	6415 641 118 39
75	7353	0.0	3	6742 502 69 40
76	2045	0.0	3	1765 221 39 20
77	4541	0.0	3	4090 354 70 27
78	4655	0.0	3	4150 403 72 30
79	4322	0.0	3	3857 351 79 35
80	3936	0.0	3	3409 413 81 33
81	3513	0.0	3	3063 332 83 35
82	3403	0.0	3	2920 345 76 62
83	2988	0.0	3	2534 320 91 43
84	2765	0.0	3	2385 276 73 31
85	2431	0.0	3	2096 259 44 32
86	2487	0.0	3	2153 234 72 28
87	2356	0.0	3	2034 235 54 33
88	2174	0.0	3	1905 197 47 25
89	2147	0.0	3	1899 174 43 31
90	1992	0.0	3	1745 181 43 23
91	1904	0.0	3	1635 187 53 29
92	1772	0.0	3	1540 159 51 22
93	1536	0.0	3	1332 153 30 21
94	1408	0.0	3	1182 154 47 25
95	1210	0.0	3	1045 109 34 22
96	1121	0.0	3	940 128 29 24
97	1087	0.0	3	932 107 35 13
98	1136	0.0	3	964 128 28 16
99	1199	0.0	3	955 151 56 37
100	1008	0.0	3	830 125 41 12
101	889	0.0	3	761 86 27 15
102	856	0.0	3	682 120 34 20
103	775	0.0	3	652 78 26 19
104	674	0.0	3	567 63 27 17
105	634	0.0	3	537 67 18 12
106	611	0.0	3	499 76 24 12
107	897	0.0	3	761 100 24 12
108	612	0.0	3	493 79 29 11
109	572	0.0	3	485 52 22 13
110	534	0.0	3	449 56 21 8
111	510	0.0	3	425 53 23 9
112	484	0.0	3	392 61 21 10
113	435	0.0	3	347 58 16 14
114	429	0.0	3	348 61 12 8
115	351	0.0	3	287 41 11 12
116	343	0.0	3	281 39 17 6
117	351	0.0	3	277 43 17 14
118	333	0.0	3	254 45 25 9
119	304	0.0	3	236 43 12 13
120	296	0.0	3	236 34 18 8
121	368	0.0	3	245 75 29 19
122	266	0.0	3	187 46 24 9
123	200	0.0	3	161 24 9 6
124	172	0.0	3	151 9 7 5
125	162	0.0	3	128 22 6 6
126	150	0.0	3	121 13 10 6
127	156	0.0	3	110 29 14 3
128	148	0.0	3	110 24 9 5
129	133	0.0	3	101 14 12 6
130	545	0.0	3	433 63 28 21
131	4933	0.0	3	3175 1082 427 249
132	173	0.0	3	136 25 7 5
133	123	0.0	3	87 26 9 1
134	327	0.0	3	273 39 12 3
135	168	0.0	3	135 21 10 2
136	114	0.0	3	94 15 3 2
137	169	0.0	3	144 14 7 4
138	281	0.0	3	260 16 3 2
139	155	0.0	3	139 13 2 1
140	132	0.0	3	125 5 2
141	301	0.0	3	266 23 8 4
142	163	0.0	3	136 20 5 2
143	223	0.0	3	199 18 5 1
144	216	0.0	3	194 16 3 3
145	165	0.0	3	147 15 2 1
146	248	0.0	3	216 30 2
147	219	0.0	3	186 24 6 3
148	313	0.0	3	259 40 10 4
149	560	0.0	3	296 202 41 21
150	18469	0.0	3	14409 2072 1175 813

RUN STATISTICS FOR INPUT FILE: /vortexfs1/omics/tepolt/raw_reads/C_maenas/Cm_yrv_2023/5-008_R2_001.fastq.gz
=============================================
50630229 sequences processed in total
Sequences removed because they became shorter than the length cutoff of 20 bp:	38340 (0.1%)

