
SUMMARISING RUN PARAMETERS
==========================
Input filename: /vortexfs1/omics/tepolt/raw_reads/C_maenas/Cm_yrv_2023/5-004_R2_001.fastq.gz
Trimming mode: single-end
Trim Galore version: 0.6.6
Cutadapt version: 3.5
Python version: could not detect
Number of cores used for trimming: 8
Quality Phred score cutoff: 20
Quality encoding type selected: ASCII+33
Adapter sequence: 'AGATCGGAAGAGCGTCGTGTAGGGAAAGAGTGT' (user defined)
Maximum trimming error rate: 0.1 (default)
Minimum required adapter overlap (stringency): 1 bp
Minimum required sequence length before a sequence gets removed: 20 bp
Running FastQC on the data once trimming has completed
Running FastQC with the following extra arguments: --outdir /vortexfs1/scratch/yaamini.venkataraman/wc-green-crab/output/06b-trimgalore     --threads 28
Output file will be GZIP compressed


This is cutadapt 3.5 with Python 3.9.5
Command line parameters: -j 8 -e 0.1 -q 20 -O 1 -a AGATCGGAAGAGCGTCGTGTAGGGAAAGAGTGT /vortexfs1/omics/tepolt/raw_reads/C_maenas/Cm_yrv_2023/5-004_R2_001.fastq.gz
Processing reads on 8 cores in single-end mode ...
Finished in 110.54 s (2 µs/read; 28.25 M reads/minute).

=== Summary ===

Total reads processed:              52,045,755
Reads with adapters:                29,256,955 (56.2%)
Reads written (passing filters):    52,045,755 (100.0%)

Total basepairs processed: 7,806,863,250 bp
Quality-trimmed:              22,260,427 bp (0.3%)
Total written (filtered):  7,284,055,199 bp (93.3%)

=== Adapter 1 ===

Sequence: AGATCGGAAGAGCGTCGTGTAGGGAAAGAGTGT; Type: regular 3'; Length: 33; Trimmed: 29256955 times

Minimum overlap: 1
No. of allowed errors:
1-9 bp: 0; 10-19 bp: 1; 20-29 bp: 2; 30-33 bp: 3

Bases preceding removed adapters:
  A: 22.2%
  C: 30.3%
  G: 28.6%
  T: 18.8%
  none/other: 0.1%

Overview of removed sequences
length	count	expect	max.err	error counts
1	9684412	13011438.8	0	9684412
2	2613732	3252859.7	0	2613732
3	1003003	813214.9	0	1003003
4	494705	203303.7	0	494705
5	377866	50825.9	0	377866
6	337882	12706.5	0	337882
7	338588	3176.6	0	338588
8	324791	794.2	0	324791
9	312228	198.5	0	311233 995
10	317326	49.6	1	311379 5947
11	312816	12.4	1	306872 5944
12	327392	3.1	1	320049 7343
13	320717	0.8	1	314131 6586
14	328853	0.2	1	320262 8591
15	368125	0.0	1	358063 10062
16	324865	0.0	1	315405 9460
17	335973	0.0	1	323095 12878
18	333659	0.0	1	319875 13581 203
19	360860	0.0	1	343889 16698 273
20	331586	0.0	2	316657 13140 1789
21	292893	0.0	2	277503 13896 1494
22	305742	0.0	2	286525 17245 1972
23	322724	0.0	2	299022 20285 3417
24	346559	0.0	2	317834 24955 3770
25	311102	0.0	2	287877 20361 2864
26	315558	0.0	2	288780 23090 3688
27	341311	0.0	2	308605 26540 6136 30
28	288998	0.0	2	261696 21925 4986 391
29	280883	0.0	2	254479 22474 3746 184
30	279448	0.0	3	247443 23524 5902 2579
31	267343	0.0	3	240508 20816 4417 1602
32	274646	0.0	3	242896 24970 4839 1941
33	291047	0.0	3	255818 25550 6438 3241
34	263341	0.0	3	233012 24231 4491 1607
35	283522	0.0	3	251637 23039 5853 2993
36	294495	0.0	3	257798 26072 6769 3856
37	250855	0.0	3	222001 21163 5053 2638
38	257587	0.0	3	230697 19902 4507 2481
39	283246	0.0	3	246810 25563 6857 4016
40	223504	0.0	3	196537 18817 4960 3190
41	238317	0.0	3	208233 20965 5788 3331
42	203856	0.0	3	184724 14808 2960 1364
43	220346	0.0	3	195892 17883 4457 2114
44	203284	0.0	3	181629 16058 3842 1755
45	234875	0.0	3	203013 22068 6307 3487
46	194603	0.0	3	171106 15914 4966 2617
47	181254	0.0	3	161957 13915 3636 1746
48	205728	0.0	3	180955 17133 5129 2511
49	169785	0.0	3	151497 13363 3464 1461
50	154950	0.0	3	137900 12451 3009 1590
51	149864	0.0	3	132815 12241 3160 1648
52	153142	0.0	3	134804 13191 3387 1760
53	128657	0.0	3	115521 9512 2380 1244
54	131950	0.0	3	115888 11216 3107 1739
55	132710	0.0	3	117745 10836 2731 1398
56	113446	0.0	3	101983 8178 2098 1187
57	123992	0.0	3	108019 10743 3267 1963
58	133052	0.0	3	117251 11394 2943 1464
59	85700	0.0	3	75880 7196 1742 882
60	97856	0.0	3	86747 7919 2078 1112
61	83488	0.0	3	75380 6050 1397 661
62	81955	0.0	3	73235 6459 1486 775
63	66769	0.0	3	59835 4957 1284 693
64	77189	0.0	3	68542 6252 1592 803
65	57389	0.0	3	52343 3759 832 455
66	58520	0.0	3	52150 4620 1195 555
67	58155	0.0	3	51865 4528 1192 570
68	48503	0.0	3	43237 3749 1004 513
69	40200	0.0	3	36236 2925 679 360
70	51796	0.0	3	45848 4246 1110 592
71	24735	0.0	3	21934 2032 485 284
72	30471	0.0	3	27127 2424 618 302
73	30425	0.0	3	26860 2598 622 345
74	30854	0.0	3	27394 2563 614 283
75	31226	0.0	3	28668 1852 479 227
76	9203	0.0	3	8025 898 177 103
77	19173	0.0	3	17404 1262 329 178
78	18885	0.0	3	16879 1417 392 197
79	17405	0.0	3	15515 1305 364 221
80	15849	0.0	3	14174 1168 321 186
81	14165	0.0	3	12550 1124 306 185
82	12754	0.0	3	11269 999 290 196
83	11482	0.0	3	10152 911 270 149
84	10567	0.0	3	9320 842 247 158
85	9747	0.0	3	8606 763 244 134
86	9616	0.0	3	8452 786 228 150
87	9030	0.0	3	8010 673 212 135
88	8165	0.0	3	7244 617 193 111
89	7530	0.0	3	6760 536 144 90
90	7176	0.0	3	6412 508 158 98
91	6259	0.0	3	5525 494 132 108
92	5850	0.0	3	5210 435 125 80
93	5074	0.0	3	4482 406 106 80
94	4516	0.0	3	4025 348 82 61
95	4050	0.0	3	3609 295 86 60
96	3839	0.0	3	3421 264 83 71
97	3773	0.0	3	3356 276 85 56
98	3613	0.0	3	3220 241 88 64
99	3397	0.0	3	2980 261 98 58
100	2960	0.0	3	2619 213 70 58
101	2688	0.0	3	2348 209 80 51
102	2266	0.0	3	1977 178 55 56
103	2307	0.0	3	2054 162 54 37
104	1950	0.0	3	1687 176 49 38
105	1867	0.0	3	1625 147 52 43
106	1875	0.0	3	1645 148 41 41
107	1790	0.0	3	1545 154 54 37
108	1574	0.0	3	1384 123 34 33
109	1512	0.0	3	1325 120 36 31
110	1327	0.0	3	1126 124 39 38
111	1184	0.0	3	1033 83 41 27
112	1086	0.0	3	919 107 41 19
113	833	0.0	3	709 73 31 20
114	902	0.0	3	769 79 31 23
115	694	0.0	3	587 59 24 24
116	691	0.0	3	556 59 36 40
117	598	0.0	3	496 53 19 30
118	601	0.0	3	500 44 33 24
119	549	0.0	3	452 51 26 20
120	582	0.0	3	432 61 47 42
121	623	0.0	3	415 82 54 72
122	422	0.0	3	324 48 27 23
123	350	0.0	3	279 36 18 17
124	234	0.0	3	193 21 11 9
125	235	0.0	3	188 18 9 20
126	212	0.0	3	178 19 9 6
127	258	0.0	3	207 24 11 16
128	202	0.0	3	155 22 13 12
129	229	0.0	3	189 17 13 10
130	654	0.0	3	373 85 85 111
131	23080	0.0	3	15459 3526 2276 1819
132	305	0.0	3	264 23 11 7
133	248	0.0	3	221 16 7 4
134	466	0.0	3	420 33 9 4
135	319	0.0	3	284 23 8 4
136	306	0.0	3	278 20 4 4
137	420	0.0	3	390 21 4 5
138	634	0.0	3	575 35 17 7
139	401	0.0	3	367 22 7 5
140	574	0.0	3	528 26 13 7
141	1063	0.0	3	970 63 18 12
142	569	0.0	3	516 41 8 4
143	888	0.0	3	812 49 12 15
144	1087	0.0	3	998 62 19 8
145	975	0.0	3	901 55 12 7
146	1492	0.0	3	1367 88 21 16
147	1188	0.0	3	1085 72 19 12
148	1104	0.0	3	1014 61 13 16
149	417	0.0	3	330 52 12 23
150	13821	0.0	3	11362 1299 592 568

RUN STATISTICS FOR INPUT FILE: /vortexfs1/omics/tepolt/raw_reads/C_maenas/Cm_yrv_2023/5-004_R2_001.fastq.gz
=============================================
52045755 sequences processed in total
Sequences removed because they became shorter than the length cutoff of 20 bp:	60874 (0.1%)

