
SUMMARISING RUN PARAMETERS
==========================
Input filename: /vortexfs1/omics/tepolt/raw_reads/C_maenas/Cm_yrv_2023/5-006_R2_001.fastq.gz
Trimming mode: single-end
Trim Galore version: 0.6.6
Cutadapt version: 3.5
Python version: could not detect
Number of cores used for trimming: 8
Quality Phred score cutoff: 20
Quality encoding type selected: ASCII+33
Adapter sequence: 'AGATCGGAAGAGCGTCGTGTAGGGAAAGAGTGT' (user defined)
Maximum trimming error rate: 0.1 (default)
Minimum required adapter overlap (stringency): 1 bp
Minimum required sequence length before a sequence gets removed: 20 bp
Running FastQC on the data once trimming has completed
Running FastQC with the following extra arguments: --outdir /vortexfs1/scratch/yaamini.venkataraman/wc-green-crab/output/06b-trimgalore     --threads 28
Output file will be GZIP compressed


This is cutadapt 3.5 with Python 3.9.5
Command line parameters: -j 8 -e 0.1 -q 20 -O 1 -a AGATCGGAAGAGCGTCGTGTAGGGAAAGAGTGT /vortexfs1/omics/tepolt/raw_reads/C_maenas/Cm_yrv_2023/5-006_R2_001.fastq.gz
Processing reads on 8 cores in single-end mode ...
Finished in 75.27 s (2 µs/read; 26.82 M reads/minute).

=== Summary ===

Total reads processed:              33,639,491
Reads with adapters:                18,470,390 (54.9%)
Reads written (passing filters):    33,639,491 (100.0%)

Total basepairs processed: 5,045,923,650 bp
Quality-trimmed:              14,870,377 bp (0.3%)
Total written (filtered):  4,749,648,045 bp (94.1%)

=== Adapter 1 ===

Sequence: AGATCGGAAGAGCGTCGTGTAGGGAAAGAGTGT; Type: regular 3'; Length: 33; Trimmed: 18470390 times

Minimum overlap: 1
No. of allowed errors:
1-9 bp: 0; 10-19 bp: 1; 20-29 bp: 2; 30-33 bp: 3

Bases preceding removed adapters:
  A: 23.1%
  C: 30.1%
  G: 27.4%
  T: 19.3%
  none/other: 0.1%

Overview of removed sequences
length	count	expect	max.err	error counts
1	6541855	8409872.8	0	6541855
2	1712727	2102468.2	0	1712727
3	671569	525617.0	0	671569
4	347543	131404.3	0	347543
5	267305	32851.1	0	267305
6	240658	8212.8	0	240658
7	239100	2053.2	0	239100
8	225110	513.3	0	225110
9	215533	128.3	0	214799 734
10	219923	32.1	1	215433 4490
11	214596	8.0	1	210251 4345
12	223267	2.0	1	217989 5278
13	219687	0.5	1	214632 5055
14	225674	0.1	1	219489 6185
15	252167	0.0	1	244980 7187
16	217000	0.0	1	210342 6658
17	223958	0.0	1	214607 9351
18	220319	0.0	1	210781 9423 115
19	232668	0.0	1	221372 11143 153
20	224547	0.0	2	213715 9567 1265
21	187697	0.0	2	177512 9241 944
22	191358	0.0	2	178560 11426 1372
23	204998	0.0	2	189683 13366 1949
24	215741	0.0	2	197556 15922 2263
25	198339	0.0	2	183287 13262 1790
26	198422	0.0	2	181268 14914 2240
27	214546	0.0	2	194236 16935 3363 12
28	169354	0.0	2	154070 12682 2456 146
29	175527	0.0	2	158059 14977 2441 50
30	163323	0.0	3	145439 14065 2799 1020
31	162465	0.0	3	145497 13614 2498 856
32	161634	0.0	3	143136 14905 2634 959
33	189013	0.0	3	164390 18420 4343 1860
34	154114	0.0	3	136128 14400 2719 867
35	154050	0.0	3	138125 12880 2320 725
36	137141	0.0	3	123625 11288 1754 474
37	148476	0.0	3	131766 13735 2297 678
38	148444	0.0	3	132973 12731 2077 663
39	139313	0.0	3	122380 13417 2607 909
40	134098	0.0	3	118376 12674 2358 690
41	114247	0.0	3	102737 9694 1391 425
42	115870	0.0	3	103502 10052 1740 576
43	116668	0.0	3	103001 10939 2044 684
44	106799	0.0	3	95130 9634 1555 480
45	121247	0.0	3	104869 12852 2612 914
46	98087	0.0	3	86565 9318 1618 586
47	93001	0.0	3	82830 8388 1384 399
48	101981	0.0	3	89869 9833 1731 548
49	83810	0.0	3	74639 7643 1163 365
50	75376	0.0	3	66957 6888 1141 390
51	71366	0.0	3	63129 6616 1203 418
52	71451	0.0	3	62753 6986 1313 399
53	58408	0.0	3	52515 4884 765 244
54	59604	0.0	3	52666 5570 1027 341
55	58594	0.0	3	52211 5154 916 313
56	50797	0.0	3	45653 4190 711 243
57	51948	0.0	3	45806 4846 983 313
58	55411	0.0	3	48467 5628 1020 296
59	40853	0.0	3	35901 4014 727 211
60	40169	0.0	3	35755 3649 583 182
61	32117	0.0	3	28849 2694 434 140
62	33410	0.0	3	29708 3005 525 172
63	27093	0.0	3	24246 2346 364 137
64	31066	0.0	3	27525 2906 471 164
65	22123	0.0	3	20118 1674 255 76
66	23363	0.0	3	20752 2151 362 98
67	22401	0.0	3	19757 2133 395 116
68	18781	0.0	3	16778 1640 274 89
69	15211	0.0	3	13613 1308 223 67
70	19339	0.0	3	17005 1891 340 103
71	8849	0.0	3	7913 747 131 58
72	10955	0.0	3	9716 1023 176 40
73	10729	0.0	3	9422 1061 200 46
74	10344	0.0	3	9121 995 172 56
75	10616	0.0	3	9637 787 140 52
76	3136	0.0	3	2721 349 46 20
77	6735	0.0	3	6100 522 88 25
78	6636	0.0	3	5962 554 90 30
79	5981	0.0	3	5364 501 85 31
80	5487	0.0	3	4843 505 89 50
81	5045	0.0	3	4413 501 91 40
82	4480	0.0	3	3910 439 90 41
83	3805	0.0	3	3264 388 97 56
84	3361	0.0	3	2954 285 84 38
85	3057	0.0	3	2711 262 55 29
86	2990	0.0	3	2652 269 49 20
87	2928	0.0	3	2556 283 57 32
88	2776	0.0	3	2417 280 57 22
89	2646	0.0	3	2359 222 48 17
90	2407	0.0	3	2147 192 51 17
91	2233	0.0	3	1990 197 36 10
92	2135	0.0	3	1904 172 35 24
93	1841	0.0	3	1642 154 27 18
94	1612	0.0	3	1412 150 36 14
95	1382	0.0	3	1224 124 23 11
96	1313	0.0	3	1151 123 30 9
97	1227	0.0	3	1082 103 26 16
98	1274	0.0	3	1110 127 23 14
99	1218	0.0	3	1051 112 39 16
100	1079	0.0	3	936 96 29 18
101	977	0.0	3	835 94 26 22
102	922	0.0	3	789 85 30 18
103	834	0.0	3	709 77 26 22
104	779	0.0	3	662 76 24 17
105	628	0.0	3	541 63 18 6
106	667	0.0	3	546 72 27 22
107	723	0.0	3	608 69 28 18
108	700	0.0	3	497 104 61 38
109	562	0.0	3	449 68 24 21
110	565	0.0	3	436 84 29 16
111	534	0.0	3	415 65 30 24
112	501	0.0	3	386 70 29 16
113	390	0.0	3	299 44 31 16
114	484	0.0	3	370 58 34 22
115	412	0.0	3	256 71 45 40
116	441	0.0	3	299 62 44 36
117	354	0.0	3	233 57 38 26
118	343	0.0	3	236 51 31 25
119	397	0.0	3	247 62 51 37
120	690	0.0	3	342 170 102 76
121	841	0.0	3	329 211 175 126
122	516	0.0	3	281 143 55 37
123	327	0.0	3	233 56 25 13
124	175	0.0	3	130 25 13 7
125	161	0.0	3	115 20 15 11
126	134	0.0	3	93 19 11 11
127	150	0.0	3	93 25 17 15
128	218	0.0	3	95 46 35 42
129	264	0.0	3	116 59 43 46
130	1800	0.0	3	767 428 347 258
131	95982	0.0	3	66429 18987 7051 3515
132	341	0.0	3	262 50 18 11
133	171	0.0	3	135 26 5 5
134	316	0.0	3	286 25 3 2
135	167	0.0	3	143 15 5 4
136	104	0.0	3	90 10 3 1
137	173	0.0	3	157 13 1 2
138	322	0.0	3	293 24 3 2
139	159	0.0	3	146 10 2 1
140	194	0.0	3	176 12 4 2
141	380	0.0	3	344 30 2 4
142	263	0.0	3	243 16 2 2
143	303	0.0	3	277 19 5 2
144	378	0.0	3	351 15 8 4
145	341	0.0	3	313 23 3 2
146	553	0.0	3	499 43 9 2
147	439	0.0	3	410 23 3 3
148	515	0.0	3	473 30 8 4
149	298	0.0	3	207 55 19 17
150	10375	0.0	3	8605 1000 386 384

RUN STATISTICS FOR INPUT FILE: /vortexfs1/omics/tepolt/raw_reads/C_maenas/Cm_yrv_2023/5-006_R2_001.fastq.gz
=============================================
33639491 sequences processed in total
Sequences removed because they became shorter than the length cutoff of 20 bp:	122276 (0.4%)

