
SUMMARISING RUN PARAMETERS
==========================
Input filename: /vortexfs1/omics/tepolt/raw_reads/C_maenas/Cm_yrv_2023/5-007_R2_001.fastq.gz
Trimming mode: single-end
Trim Galore version: 0.6.6
Cutadapt version: 3.5
Python version: could not detect
Number of cores used for trimming: 8
Quality Phred score cutoff: 20
Quality encoding type selected: ASCII+33
Adapter sequence: 'AGATCGGAAGAGCGTCGTGTAGGGAAAGAGTGT' (user defined)
Maximum trimming error rate: 0.1 (default)
Minimum required adapter overlap (stringency): 1 bp
Minimum required sequence length before a sequence gets removed: 20 bp
Running FastQC on the data once trimming has completed
Running FastQC with the following extra arguments: --outdir /vortexfs1/scratch/yaamini.venkataraman/wc-green-crab/output/06b-trimgalore     --threads 28
Output file will be GZIP compressed


This is cutadapt 3.5 with Python 3.9.5
Command line parameters: -j 8 -e 0.1 -q 20 -O 1 -a AGATCGGAAGAGCGTCGTGTAGGGAAAGAGTGT /vortexfs1/omics/tepolt/raw_reads/C_maenas/Cm_yrv_2023/5-007_R2_001.fastq.gz
Processing reads on 8 cores in single-end mode ...
Finished in 64.86 s (2 µs/read; 28.09 M reads/minute).

=== Summary ===

Total reads processed:              30,362,109
Reads with adapters:                14,403,244 (47.4%)
Reads written (passing filters):    30,362,109 (100.0%)

Total basepairs processed: 4,554,316,350 bp
Quality-trimmed:              12,507,587 bp (0.3%)
Total written (filtered):  4,375,818,285 bp (96.1%)

=== Adapter 1 ===

Sequence: AGATCGGAAGAGCGTCGTGTAGGGAAAGAGTGT; Type: regular 3'; Length: 33; Trimmed: 14403244 times

Minimum overlap: 1
No. of allowed errors:
1-9 bp: 0; 10-19 bp: 1; 20-29 bp: 2; 30-33 bp: 3

Bases preceding removed adapters:
  A: 27.3%
  C: 25.7%
  G: 25.2%
  T: 21.8%
  none/other: 0.1%

Overview of removed sequences
length	count	expect	max.err	error counts
1	7096323	7590527.2	0	7096323
2	1786667	1897631.8	0	1786667
3	591244	474408.0	0	591244
4	252621	118602.0	0	252621
5	160511	29650.5	0	160511
6	135533	7412.6	0	135533
7	133443	1853.2	0	133443
8	124715	463.3	0	124715
9	119728	115.8	0	119230 498
10	121023	29.0	1	118645 2378
11	116344	7.2	1	114043 2301
12	119655	1.8	1	116782 2873
13	114098	0.5	1	111762 2336
14	115279	0.1	1	112137 3142
15	127343	0.0	1	123803 3540
16	111561	0.0	1	108284 3277
17	115624	0.0	1	110921 4703
18	111852	0.0	1	107305 4499 48
19	123336	0.0	1	117510 5764 62
20	108697	0.0	2	103855 4214 628
21	93494	0.0	2	88513 4488 493
22	93180	0.0	2	87153 5395 632
23	97542	0.0	2	90567 6099 876
24	104697	0.0	2	95983 7479 1235
25	96476	0.0	2	89377 6303 796
26	95357	0.0	2	87180 7112 1065
27	100709	0.0	2	91225 7852 1628 4
28	80482	0.0	2	73135 6119 1133 95
29	80083	0.0	2	72410 6585 1066 22
30	82394	0.0	3	73171 7146 1550 527
31	67178	0.0	3	60800 5112 950 316
32	75293	0.0	3	66172 7197 1405 519
33	70703	0.0	3	63895 5544 966 298
34	88219	0.0	3	76335 9068 2104 712
35	54567	0.0	3	49271 4346 727 223
36	70861	0.0	3	62208 6835 1350 468
37	64479	0.0	3	56763 6200 1140 376
38	63270	0.0	3	56483 5470 982 335
39	54074	0.0	3	48592 4607 679 196
40	69840	0.0	3	60701 7157 1492 490
41	43372	0.0	3	38501 3915 717 239
42	48421	0.0	3	43337 4138 704 242
43	50601	0.0	3	44387 4947 951 316
44	44943	0.0	3	39732 4103 846 262
45	51138	0.0	3	43892 5601 1232 413
46	40246	0.0	3	35403 3875 724 244
47	36997	0.0	3	32688 3496 638 175
48	44064	0.0	3	38704 4271 849 240
49	34539	0.0	3	30569 3233 560 177
50	30758	0.0	3	27236 2821 525 176
51	29364	0.0	3	25904 2754 503 203
52	29756	0.0	3	25898 2986 644 228
53	23891	0.0	3	21417 2027 335 112
54	24442	0.0	3	21472 2329 479 162
55	24973	0.0	3	22072 2268 492 141
56	21419	0.0	3	19137 1829 331 122
57	23404	0.0	3	20356 2361 493 194
58	24902	0.0	3	21745 2509 502 146
59	16780	0.0	3	14645 1696 308 131
60	16716	0.0	3	14770 1603 259 84
61	14121	0.0	3	12660 1186 212 63
62	14438	0.0	3	12771 1326 254 87
63	11628	0.0	3	10370 1029 166 63
64	14515	0.0	3	12743 1417 282 73
65	9648	0.0	3	8698 767 147 36
66	9817	0.0	3	8670 930 153 64
67	9845	0.0	3	8584 1017 191 53
68	8081	0.0	3	7148 738 135 60
69	6759	0.0	3	6032 588 110 29
70	8899	0.0	3	7818 844 175 62
71	3604	0.0	3	3169 332 74 29
72	4818	0.0	3	4211 495 88 24
73	5027	0.0	3	4414 468 108 37
74	4873	0.0	3	4252 506 80 35
75	4880	0.0	3	4374 406 69 31
76	1480	0.0	3	1268 166 31 15
77	3095	0.0	3	2791 243 49 12
78	3050	0.0	3	2719 259 48 24
79	2852	0.0	3	2476 295 53 28
80	2712	0.0	3	2337 257 69 49
81	2550	0.0	3	2082 298 90 80
82	2409	0.0	3	1849 260 146 154
83	2685	0.0	3	1704 402 294 285
84	1865	0.0	3	1503 235 67 60
85	1597	0.0	3	1341 185 34 37
86	1586	0.0	3	1317 175 67 27
87	1468	0.0	3	1255 151 44 18
88	1371	0.0	3	1167 141 42 21
89	1315	0.0	3	1111 146 41 17
90	1220	0.0	3	1067 94 37 22
91	1192	0.0	3	1007 124 43 18
92	1036	0.0	3	880 112 31 13
93	884	0.0	3	730 105 26 23
94	852	0.0	3	734 87 16 15
95	703	0.0	3	589 74 22 18
96	684	0.0	3	585 73 16 10
97	654	0.0	3	537 71 29 17
98	656	0.0	3	515 92 27 22
99	690	0.0	3	548 86 37 19
100	646	0.0	3	522 72 28 24
101	537	0.0	3	426 71 28 12
102	631	0.0	3	423 116 58 34
103	503	0.0	3	367 77 44 15
104	517	0.0	3	364 76 42 35
105	482	0.0	3	348 63 40 31
106	488	0.0	3	319 81 48 40
107	829	0.0	3	549 134 83 63
108	1234	0.0	3	521 332 219 162
109	384	0.0	3	266 62 34 22
110	611	0.0	3	310 148 92 61
111	501	0.0	3	286 117 63 35
112	587	0.0	3	313 125 96 53
113	441	0.0	3	255 100 47 39
114	1150	0.0	3	800 184 91 75
115	873	0.0	3	310 242 188 133
116	751	0.0	3	273 178 171 129
117	819	0.0	3	295 205 183 136
118	613	0.0	3	259 171 124 59
119	822	0.0	3	306 207 166 143
120	1627	0.0	3	414 516 415 282
121	2277	0.0	3	546 682 620 429
122	1661	0.0	3	640 514 323 184
123	418	0.0	3	207 113 53 45
124	220	0.0	3	140 40 25 15
125	195	0.0	3	124 27 18 26
126	217	0.0	3	114 43 27 33
127	197	0.0	3	90 38 39 30
128	339	0.0	3	112 56 90 81
129	439	0.0	3	124 104 98 113
130	4438	0.0	3	2040 920 776 702
131	242396	0.0	3	148244 57672 24298 12182
132	1677	0.0	3	1274 258 88 57
133	352	0.0	3	258 56 25 13
134	239	0.0	3	204 24 9 2
135	299	0.0	3	236 39 17 7
136	94	0.0	3	87 6 1
137	120	0.0	3	104 12 3 1
138	178	0.0	3	160 17 1
139	103	0.0	3	86 11 4 2
140	98	0.0	3	89 8 1
141	225	0.0	3	199 22 4
142	130	0.0	3	111 13 4 2
143	201	0.0	3	181 12 6 2
144	190	0.0	3	179 7 3 1
145	213	0.0	3	193 17 1 2
146	257	0.0	3	228 19 6 4
147	233	0.0	3	202 24 5 2
148	228	0.0	3	197 24 4 3
149	334	0.0	3	225 68 26 15
150	11450	0.0	3	9748 1086 375 241

RUN STATISTICS FOR INPUT FILE: /vortexfs1/omics/tepolt/raw_reads/C_maenas/Cm_yrv_2023/5-007_R2_001.fastq.gz
=============================================
30362109 sequences processed in total
Sequences removed because they became shorter than the length cutoff of 20 bp:	270916 (0.9%)

