
SUMMARISING RUN PARAMETERS
==========================
Input filename: /vortexfs1/omics/tepolt/raw_reads/C_maenas/Cm_yrv_2023/5-009_R2_001.fastq.gz
Trimming mode: single-end
Trim Galore version: 0.6.6
Cutadapt version: 3.5
Python version: could not detect
Number of cores used for trimming: 8
Quality Phred score cutoff: 20
Quality encoding type selected: ASCII+33
Adapter sequence: 'AGATCGGAAGAGCGTCGTGTAGGGAAAGAGTGT' (user defined)
Maximum trimming error rate: 0.1 (default)
Minimum required adapter overlap (stringency): 1 bp
Minimum required sequence length before a sequence gets removed: 20 bp
Running FastQC on the data once trimming has completed
Running FastQC with the following extra arguments: --outdir /vortexfs1/scratch/yaamini.venkataraman/wc-green-crab/output/06b-trimgalore     --threads 28
Output file will be GZIP compressed


This is cutadapt 3.5 with Python 3.9.5
Command line parameters: -j 8 -e 0.1 -q 20 -O 1 -a AGATCGGAAGAGCGTCGTGTAGGGAAAGAGTGT /vortexfs1/omics/tepolt/raw_reads/C_maenas/Cm_yrv_2023/5-009_R2_001.fastq.gz
Processing reads on 8 cores in single-end mode ...
Finished in 73.46 s (2 µs/read; 26.80 M reads/minute).

=== Summary ===

Total reads processed:              32,811,107
Reads with adapters:                16,269,489 (49.6%)
Reads written (passing filters):    32,811,107 (100.0%)

Total basepairs processed: 4,921,666,050 bp
Quality-trimmed:              13,793,163 bp (0.3%)
Total written (filtered):  4,703,595,204 bp (95.6%)

=== Adapter 1 ===

Sequence: AGATCGGAAGAGCGTCGTGTAGGGAAAGAGTGT; Type: regular 3'; Length: 33; Trimmed: 16269489 times

Minimum overlap: 1
No. of allowed errors:
1-9 bp: 0; 10-19 bp: 1; 20-29 bp: 2; 30-33 bp: 3

Bases preceding removed adapters:
  A: 26.2%
  C: 27.7%
  G: 25.1%
  T: 20.9%
  none/other: 0.1%

Overview of removed sequences
length	count	expect	max.err	error counts
1	7323782	8202776.8	0	7323782
2	1802311	2050694.2	0	1802311
3	629285	512673.5	0	629285
4	266612	128168.4	0	266612
5	175963	32042.1	0	175963
6	153196	8010.5	0	153196
7	150703	2002.6	0	150703
8	142175	500.7	0	142175
9	138642	125.2	0	138096 546
10	140615	31.3	1	138017 2598
11	137314	7.8	1	134715 2599
12	143183	2.0	1	140166 3017
13	139417	0.5	1	136686 2731
14	144198	0.1	1	140648 3550
15	155111	0.0	1	151369 3742
16	139612	0.0	1	135878 3734
17	142456	0.0	1	137448 5008
18	140066	0.0	1	134906 5082 78
19	140047	0.0	1	134426 5529 92
20	159698	0.0	2	152610 6191 897
21	114709	0.0	2	108995 5209 505
22	123897	0.0	2	115964 7250 683
23	132773	0.0	2	122973 8743 1057
24	139079	0.0	2	127676 10045 1358
25	125389	0.0	2	116292 8109 988
26	124763	0.0	2	114266 9219 1278
27	134371	0.0	2	121673 10590 2105 3
28	111267	0.0	2	101375 8297 1491 104
29	111616	0.0	2	101455 8808 1318 35
30	104710	0.0	3	94488 8207 1442 573
31	111930	0.0	3	99336 9626 2142 826
32	105175	0.0	3	94359 8899 1414 503
33	117836	0.0	3	105187 9914 1952 783
34	96814	0.0	3	86506 8370 1451 487
35	103160	0.0	3	93519 7849 1324 468
36	106388	0.0	3	93160 10213 2193 822
37	107279	0.0	3	93673 10586 2252 768
38	98322	0.0	3	88598 7936 1356 432
39	89457	0.0	3	80074 7746 1228 409
40	94682	0.0	3	83766 8733 1595 588
41	85608	0.0	3	75706 7704 1572 626
42	79245	0.0	3	72118 6016 797 314
43	83415	0.0	3	74248 7299 1380 488
44	76335	0.0	3	68524 6510 991 310
45	86205	0.0	3	74826 8970 1764 645
46	71194	0.0	3	63236 6299 1220 439
47	68076	0.0	3	61002 5863 908 303
48	74688	0.0	3	66176 6965 1168 379
49	63121	0.0	3	56581 5276 981 283
50	58001	0.0	3	52102 4830 759 310
51	56331	0.0	3	50085 4989 942 315
52	57366	0.0	3	50606 5457 980 323
53	48693	0.0	3	43940 3880 663 210
54	49062	0.0	3	43561 4431 774 296
55	50406	0.0	3	44866 4417 864 259
56	42499	0.0	3	38553 3215 528 203
57	45220	0.0	3	40008 4123 794 295
58	49324	0.0	3	43446 4748 867 263
59	33732	0.0	3	29999 3031 529 173
60	36034	0.0	3	32228 3112 508 186
61	30674	0.0	3	27822 2388 339 125
62	31294	0.0	3	28033 2683 448 130
63	25811	0.0	3	23397 1984 311 119
64	29850	0.0	3	26589 2698 429 134
65	21772	0.0	3	19888 1555 235 94
66	22831	0.0	3	20376 2010 332 113
67	22042	0.0	3	19648 1949 332 113
68	18959	0.0	3	16909 1688 270 92
69	15472	0.0	3	13936 1275 191 70
70	19351	0.0	3	17154 1777 324 96
71	9612	0.0	3	8630 786 147 49
72	11906	0.0	3	10629 1040 161 76
73	11968	0.0	3	10622 1127 155 64
74	11919	0.0	3	10635 1062 171 51
75	12045	0.0	3	11069 805 128 43
76	3394	0.0	3	2959 344 60 31
77	7426	0.0	3	6795 493 90 48
78	7351	0.0	3	6586 603 115 47
79	6550	0.0	3	5819 570 118 43
80	6009	0.0	3	5367 498 93 51
81	5589	0.0	3	4924 496 104 65
82	5088	0.0	3	4464 446 109 69
83	4413	0.0	3	3774 474 113 52
84	3969	0.0	3	3504 332 86 47
85	3767	0.0	3	3301 340 78 48
86	3355	0.0	3	2945 311 68 31
87	3176	0.0	3	2756 312 73 35
88	2928	0.0	3	2598 248 64 18
89	2752	0.0	3	2487 198 47 20
90	2426	0.0	3	2158 191 46 31
91	2269	0.0	3	1994 215 39 21
92	2087	0.0	3	1837 181 48 21
93	1831	0.0	3	1611 165 31 24
94	1614	0.0	3	1425 129 45 15
95	1403	0.0	3	1213 135 38 17
96	1233	0.0	3	1079 112 28 14
97	1250	0.0	3	1076 126 31 17
98	1281	0.0	3	1078 138 42 23
99	2857	0.0	3	1974 555 228 100
100	1409	0.0	3	1178 147 58 26
101	978	0.0	3	823 101 35 19
102	790	0.0	3	692 69 21 8
103	795	0.0	3	669 75 35 16
104	740	0.0	3	619 83 21 17
105	611	0.0	3	514 62 17 18
106	543	0.0	3	443 69 17 14
107	644	0.0	3	516 80 31 17
108	513	0.0	3	419 61 16 17
109	525	0.0	3	434 53 18 20
110	443	0.0	3	361 50 23 9
111	449	0.0	3	341 51 34 23
112	450	0.0	3	312 73 39 26
113	428	0.0	3	294 77 38 19
114	397	0.0	3	291 57 34 15
115	423	0.0	3	290 70 42 21
116	494	0.0	3	315 88 54 37
117	482	0.0	3	289 106 48 39
118	444	0.0	3	320 75 29 20
119	411	0.0	3	278 80 32 21
120	559	0.0	3	349 121 51 38
121	843	0.0	3	415 254 112 62
122	419	0.0	3	245 99 48 27
123	255	0.0	3	175 40 27 13
124	137	0.0	3	111 18 6 2
125	130	0.0	3	98 11 14 7
126	113	0.0	3	85 10 11 7
127	137	0.0	3	95 12 18 12
128	113	0.0	3	84 18 3 8
129	293	0.0	3	226 36 12 19
130	3440	0.0	3	3009 279 79 73
131	17583	0.0	3	12323 3479 1156 625
132	195	0.0	3	157 30 4 4
133	145	0.0	3	118 18 6 3
134	304	0.0	3	266 30 7 1
135	137	0.0	3	111 16 8 2
136	88	0.0	3	77 10 1
137	139	0.0	3	115 17 6 1
138	247	0.0	3	227 17 2 1
139	125	0.0	3	114 8 2 1
140	136	0.0	3	126 9 0 1
141	280	0.0	3	256 22 2
142	163	0.0	3	148 8 3 4
143	243	0.0	3	217 21 3 2
144	241	0.0	3	216 21 2 2
145	201	0.0	3	185 11 3 2
146	303	0.0	3	268 32 1 2
147	284	0.0	3	244 31 6 3
148	310	0.0	3	263 39 5 3
149	504	0.0	3	280 177 26 21
150	17371	0.0	3	13892 1922 927 630

RUN STATISTICS FOR INPUT FILE: /vortexfs1/omics/tepolt/raw_reads/C_maenas/Cm_yrv_2023/5-009_R2_001.fastq.gz
=============================================
32811107 sequences processed in total
Sequences removed because they became shorter than the length cutoff of 20 bp:	46026 (0.1%)

