
SUMMARISING RUN PARAMETERS
==========================
Input filename: /vortexfs1/omics/tepolt/raw_reads/C_maenas/Cm_yrv_2023/5-010_R2_001.fastq.gz
Trimming mode: single-end
Trim Galore version: 0.6.6
Cutadapt version: 3.5
Python version: could not detect
Number of cores used for trimming: 8
Quality Phred score cutoff: 20
Quality encoding type selected: ASCII+33
Adapter sequence: 'AGATCGGAAGAGCGTCGTGTAGGGAAAGAGTGT' (user defined)
Maximum trimming error rate: 0.1 (default)
Minimum required adapter overlap (stringency): 1 bp
Minimum required sequence length before a sequence gets removed: 20 bp
Running FastQC on the data once trimming has completed
Running FastQC with the following extra arguments: --outdir /vortexfs1/scratch/yaamini.venkataraman/wc-green-crab/output/06b-trimgalore     --threads 28
Output file will be GZIP compressed


This is cutadapt 3.5 with Python 3.9.5
Command line parameters: -j 8 -e 0.1 -q 20 -O 1 -a AGATCGGAAGAGCGTCGTGTAGGGAAAGAGTGT /vortexfs1/omics/tepolt/raw_reads/C_maenas/Cm_yrv_2023/5-010_R2_001.fastq.gz
Processing reads on 8 cores in single-end mode ...
Finished in 83.65 s (2 µs/read; 24.74 M reads/minute).

=== Summary ===

Total reads processed:              34,495,215
Reads with adapters:                16,481,544 (47.8%)
Reads written (passing filters):    34,495,215 (100.0%)

Total basepairs processed: 5,174,282,250 bp
Quality-trimmed:              13,660,183 bp (0.3%)
Total written (filtered):  4,975,994,282 bp (96.2%)

=== Adapter 1 ===

Sequence: AGATCGGAAGAGCGTCGTGTAGGGAAAGAGTGT; Type: regular 3'; Length: 33; Trimmed: 16481544 times

Minimum overlap: 1
No. of allowed errors:
1-9 bp: 0; 10-19 bp: 1; 20-29 bp: 2; 30-33 bp: 3

Bases preceding removed adapters:
  A: 24.8%
  C: 30.4%
  G: 25.7%
  T: 19.1%
  none/other: 0.1%

Overview of removed sequences
length	count	expect	max.err	error counts
1	7332800	8623803.8	0	7332800
2	1974739	2155950.9	0	1974739
3	740403	538987.7	0	740403
4	311538	134746.9	0	311538
5	207417	33686.7	0	207417
6	182641	8421.7	0	182641
7	177183	2105.4	0	177183
8	166508	526.4	0	166508
9	163265	131.6	0	162471 794
10	165944	32.9	1	162373 3571
11	161512	8.2	1	158453 3059
12	163272	2.1	1	159586 3686
13	158126	0.5	1	154769 3357
14	158580	0.1	1	154505 4075
15	166733	0.0	1	162317 4416
16	149420	0.0	1	145311 4109
17	152260	0.0	1	146483 5777
18	147591	0.0	1	141854 5637 100
19	153263	0.0	1	146358 6815 90
20	149142	0.0	2	142620 5806 716
21	124578	0.0	2	118354 5650 574
22	128809	0.0	2	120922 7126 761
23	134311	0.0	2	124998 8181 1132
24	137995	0.0	2	127161 9389 1445
25	124264	0.0	2	115654 7659 951
26	124480	0.0	2	114547 8729 1204
27	134088	0.0	2	121850 10179 2054 5
28	108256	0.0	2	99290 7556 1322 88
29	112746	0.0	2	102615 8738 1360 33
30	104842	0.0	3	94314 8415 1519 594
31	105097	0.0	3	94471 8545 1511 570
32	101393	0.0	3	91022 8513 1385 473
33	119166	0.0	3	104834 10884 2525 923
34	95986	0.0	3	85695 8281 1500 510
35	94338	0.0	3	85352 7374 1228 384
36	84514	0.0	3	76508 6789 937 280
37	89108	0.0	3	79786 7688 1262 372
38	87071	0.0	3	78644 6920 1162 345
39	85599	0.0	3	75692 7921 1477 509
40	81453	0.0	3	72582 7309 1209 353
41	71514	0.0	3	64735 5792 749 238
42	72481	0.0	3	65339 5861 953 328
43	73130	0.0	3	64911 6638 1201 380
44	65085	0.0	3	58410 5536 850 289
45	76210	0.0	3	66437 7755 1551 467
46	58011	0.0	3	51756 5088 892 275
47	57522	0.0	3	51656 4881 764 221
48	60905	0.0	3	54169 5530 924 282
49	52677	0.0	3	47138 4570 746 223
50	48224	0.0	3	43143 4207 677 197
51	46927	0.0	3	41853 4015 780 279
52	48086	0.0	3	42409 4544 887 246
53	39128	0.0	3	35452 3069 464 143
54	40249	0.0	3	35627 3677 714 231
55	38839	0.0	3	34765 3282 584 208
56	34837	0.0	3	31487 2762 451 137
57	34836	0.0	3	30654 3313 651 218
58	36866	0.0	3	32546 3518 610 192
59	27270	0.0	3	24183 2507 444 136
60	28064	0.0	3	25155 2396 390 123
61	22906	0.0	3	20737 1811 273 85
62	22869	0.0	3	20490 1943 315 121
63	18981	0.0	3	17195 1474 241 71
64	21746	0.0	3	19310 1998 344 94
65	16324	0.0	3	14912 1165 170 77
66	16716	0.0	3	14911 1501 241 63
67	16220	0.0	3	14482 1404 242 92
68	13482	0.0	3	12116 1105 205 56
69	11317	0.0	3	10156 944 165 52
70	14203	0.0	3	12558 1347 219 79
71	7213	0.0	3	6409 651 103 50
72	8824	0.0	3	7873 777 128 46
73	8724	0.0	3	7651 869 147 57
74	8482	0.0	3	7544 781 123 34
75	8537	0.0	3	7843 569 91 34
76	2714	0.0	3	2385 260 53 16
77	5294	0.0	3	4784 402 77 31
78	5168	0.0	3	4656 417 76 19
79	4835	0.0	3	4347 364 90 34
80	4217	0.0	3	3753 362 76 26
81	3780	0.0	3	3368 324 55 33
82	3483	0.0	3	3071 325 54 33
83	3129	0.0	3	2751 285 55 38
84	2763	0.0	3	2401 274 55 33
85	2691	0.0	3	2357 257 49 28
86	2442	0.0	3	2127 226 55 34
87	2347	0.0	3	2048 227 51 21
88	2097	0.0	3	1858 183 34 22
89	1927	0.0	3	1721 156 35 15
90	1752	0.0	3	1548 151 34 19
91	1565	0.0	3	1396 112 40 17
92	1420	0.0	3	1238 135 30 17
93	1293	0.0	3	1134 114 31 14
94	1145	0.0	3	1029 87 22 7
95	1003	0.0	3	873 86 25 19
96	947	0.0	3	814 90 27 16
97	956	0.0	3	804 109 31 12
98	843	0.0	3	722 84 28 9
99	788	0.0	3	686 66 22 14
100	788	0.0	3	657 96 18 17
101	624	0.0	3	521 63 25 15
102	612	0.0	3	517 63 25 7
103	568	0.0	3	465 65 23 15
104	512	0.0	3	443 41 18 10
105	453	0.0	3	374 59 9 11
106	494	0.0	3	396 64 19 15
107	440	0.0	3	355 59 10 16
108	379	0.0	3	309 48 16 6
109	388	0.0	3	327 38 11 12
110	378	0.0	3	309 45 16 8
111	319	0.0	3	253 34 21 11
112	306	0.0	3	237 41 14 14
113	286	0.0	3	216 44 17 9
114	279	0.0	3	207 35 17 20
115	224	0.0	3	172 30 11 11
116	222	0.0	3	161 32 17 12
117	182	0.0	3	141 25 10 6
118	206	0.0	3	160 25 14 7
119	196	0.0	3	144 27 18 7
120	183	0.0	3	138 24 14 7
121	186	0.0	3	131 28 16 11
122	154	0.0	3	118 16 16 4
123	177	0.0	3	132 31 8 6
124	106	0.0	3	85 13 4 4
125	90	0.0	3	73 8 7 2
126	84	0.0	3	64 11 3 6
127	103	0.0	3	78 12 7 6
128	98	0.0	3	78 9 6 5
129	107	0.0	3	84 12 8 3
130	287	0.0	3	252 20 8 7
131	503	0.0	3	337 105 43 18
132	153	0.0	3	114 22 9 8
133	140	0.0	3	110 15 9 6
134	495	0.0	3	433 44 11 7
135	202	0.0	3	163 28 9 2
136	139	0.0	3	121 12 5 1
137	215	0.0	3	191 19 3 2
138	310	0.0	3	290 15 5
139	215	0.0	3	200 9 3 3
140	257	0.0	3	232 19 6
141	500	0.0	3	466 27 6 1
142	258	0.0	3	237 16 4 1
143	348	0.0	3	323 23 2
144	408	0.0	3	370 30 6 2
145	352	0.0	3	321 27 4
146	518	0.0	3	471 43 1 3
147	396	0.0	3	359 28 5 4
148	413	0.0	3	379 22 9 3
149	433	0.0	3	313 84 18 18
150	19423	0.0	3	16676 1728 548 471

RUN STATISTICS FOR INPUT FILE: /vortexfs1/omics/tepolt/raw_reads/C_maenas/Cm_yrv_2023/5-010_R2_001.fastq.gz
=============================================
34495215 sequences processed in total
Sequences removed because they became shorter than the length cutoff of 20 bp:	31409 (0.1%)

