
SUMMARISING RUN PARAMETERS
==========================
Input filename: /vortexfs1/omics/tepolt/raw_reads/C_maenas/Cm_yrv_2023/5-014_R2_001.fastq.gz
Trimming mode: single-end
Trim Galore version: 0.6.6
Cutadapt version: 3.5
Python version: could not detect
Number of cores used for trimming: 8
Quality Phred score cutoff: 20
Quality encoding type selected: ASCII+33
Adapter sequence: 'AGATCGGAAGAGCGTCGTGTAGGGAAAGAGTGT' (user defined)
Maximum trimming error rate: 0.1 (default)
Minimum required adapter overlap (stringency): 1 bp
Minimum required sequence length before a sequence gets removed: 20 bp
Running FastQC on the data once trimming has completed
Running FastQC with the following extra arguments: --outdir /vortexfs1/scratch/yaamini.venkataraman/wc-green-crab/output/06b-trimgalore     --threads 28
Output file will be GZIP compressed


This is cutadapt 3.5 with Python 3.9.5
Command line parameters: -j 8 -e 0.1 -q 20 -O 1 -a AGATCGGAAGAGCGTCGTGTAGGGAAAGAGTGT /vortexfs1/omics/tepolt/raw_reads/C_maenas/Cm_yrv_2023/5-014_R2_001.fastq.gz
Processing reads on 8 cores in single-end mode ...
Finished in 105.88 s (2 µs/read; 27.86 M reads/minute).

=== Summary ===

Total reads processed:              49,165,263
Reads with adapters:                27,762,387 (56.5%)
Reads written (passing filters):    49,165,263 (100.0%)

Total basepairs processed: 7,374,789,450 bp
Quality-trimmed:              22,125,744 bp (0.3%)
Total written (filtered):  6,852,729,199 bp (92.9%)

=== Adapter 1 ===

Sequence: AGATCGGAAGAGCGTCGTGTAGGGAAAGAGTGT; Type: regular 3'; Length: 33; Trimmed: 27762387 times

Minimum overlap: 1
No. of allowed errors:
1-9 bp: 0; 10-19 bp: 1; 20-29 bp: 2; 30-33 bp: 3

Bases preceding removed adapters:
  A: 22.1%
  C: 31.3%
  G: 27.2%
  T: 19.3%
  none/other: 0.1%

Overview of removed sequences
length	count	expect	max.err	error counts
1	9000151	12291315.8	0	9000151
2	2389044	3072828.9	0	2389044
3	915274	768207.2	0	915274
4	446233	192051.8	0	446233
5	332807	48013.0	0	332807
6	301138	12003.2	0	301138
7	303515	3000.8	0	303515
8	290681	750.2	0	290681
9	285220	187.6	0	284222 998
10	291484	46.9	1	286114 5370
11	288065	11.7	1	282606 5459
12	300956	2.9	1	294146 6810
13	294181	0.7	1	288213 5968
14	304470	0.2	1	296753 7717
15	334213	0.0	1	325426 8787
16	300590	0.0	1	291966 8624
17	310973	0.0	1	299366 11607
18	311191	0.0	1	298753 12263 175
19	335745	0.0	1	320297 15198 250
20	313792	0.0	2	299953 12147 1692
21	276285	0.0	2	262173 12760 1352
22	290366	0.0	2	272462 16166 1738
23	301756	0.0	2	279645 18528 3583
24	325440	0.0	2	298748 23141 3551
25	292178	0.0	2	270658 18519 3001
26	299581	0.0	2	275044 21317 3220
27	328911	0.0	2	297879 25154 5848 30
28	273931	0.0	2	247984 20622 4922 403
29	269329	0.0	2	244178 21416 3538 197
30	270679	0.0	3	240316 22341 5511 2511
31	258274	0.0	3	232681 19964 4058 1571
32	267698	0.0	3	236895 24006 4826 1971
33	285639	0.0	3	250670 25028 6393 3548
34	258221	0.0	3	229423 22968 4296 1534
35	275794	0.0	3	245460 21807 5584 2943
36	293764	0.0	3	257149 25661 6894 4060
37	246017	0.0	3	217991 20618 4793 2615
38	252793	0.0	3	226967 19021 4340 2465
39	283785	0.0	3	247186 25261 7003 4335
40	216360	0.0	3	190257 17824 4753 3526
41	241129	0.0	3	210150 21182 6050 3747
42	206721	0.0	3	187704 14762 2940 1315
43	223816	0.0	3	199199 17975 4463 2179
44	205810	0.0	3	184124 16175 3745 1766
45	242523	0.0	3	209598 22515 6471 3939
46	200636	0.0	3	176614 16233 5074 2715
47	186197	0.0	3	166726 14097 3726 1648
48	210401	0.0	3	184696 17602 5359 2744
49	173392	0.0	3	155607 13037 3398 1350
50	161421	0.0	3	144030 12650 3095 1646
51	156085	0.0	3	138486 12643 3294 1662
52	159239	0.0	3	140259 13655 3491 1834
53	134460	0.0	3	120924 9826 2399 1311
54	141099	0.0	3	124219 11634 3330 1916
55	139732	0.0	3	124618 11006 2728 1380
56	120648	0.0	3	108657 8622 2106 1263
57	131418	0.0	3	114301 11431 3470 2216
58	142867	0.0	3	126096 11987 3149 1635
59	92631	0.0	3	82358 7554 1806 913
60	106307	0.0	3	94187 8584 2262 1274
61	90883	0.0	3	82269 6511 1402 701
62	87689	0.0	3	78583 6718 1610 778
63	72303	0.0	3	64701 5380 1408 814
64	83365	0.0	3	74176 6666 1708 815
65	62478	0.0	3	56923 4164 930 461
66	64437	0.0	3	57328 5154 1304 651
67	64270	0.0	3	57330 5089 1236 615
68	54819	0.0	3	49047 4130 1101 541
69	44825	0.0	3	40282 3408 763 372
70	57683	0.0	3	51068 4754 1239 622
71	27569	0.0	3	24444 2304 513 308
72	34738	0.0	3	30848 2758 790 342
73	34610	0.0	3	30616 2874 781 339
74	34823	0.0	3	30933 2825 718 347
75	36047	0.0	3	33104 2118 573 252
76	10607	0.0	3	9316 971 193 127
77	22452	0.0	3	20312 1523 405 212
78	21959	0.0	3	19661 1631 424 243
79	20219	0.0	3	18061 1509 394 255
80	17977	0.0	3	16035 1356 377 209
81	16361	0.0	3	14551 1230 360 220
82	14535	0.0	3	12859 1181 292 203
83	12995	0.0	3	11477 1032 299 187
84	11943	0.0	3	10458 1010 300 175
85	10948	0.0	3	9648 880 248 172
86	10963	0.0	3	9625 909 269 160
87	10065	0.0	3	8899 775 237 154
88	9467	0.0	3	8372 757 220 118
89	8630	0.0	3	7697 625 187 121
90	7730	0.0	3	6886 566 168 110
91	6993	0.0	3	6245 489 142 117
92	6365	0.0	3	5645 492 117 111
93	5589	0.0	3	4980 413 113 83
94	4780	0.0	3	4230 361 114 75
95	4357	0.0	3	3842 329 103 83
96	4310	0.0	3	3846 327 85 52
97	4095	0.0	3	3632 314 75 74
98	3914	0.0	3	3452 290 102 70
99	3731	0.0	3	3298 272 88 73
100	3258	0.0	3	2850 252 92 64
101	2828	0.0	3	2460 233 69 66
102	2549	0.0	3	2190 234 71 54
103	2290	0.0	3	1979 200 66 45
104	1993	0.0	3	1732 160 55 46
105	1974	0.0	3	1703 167 66 38
106	1850	0.0	3	1613 149 50 38
107	1845	0.0	3	1598 163 53 31
108	1641	0.0	3	1427 133 44 37
109	1513	0.0	3	1330 114 40 29
110	1459	0.0	3	1267 114 45 33
111	1171	0.0	3	993 94 48 36
112	970	0.0	3	827 72 43 28
113	854	0.0	3	739 72 27 16
114	866	0.0	3	755 65 17 29
115	658	0.0	3	561 50 24 23
116	658	0.0	3	557 49 27 25
117	594	0.0	3	496 59 19 20
118	597	0.0	3	513 49 19 16
119	549	0.0	3	452 55 19 23
120	560	0.0	3	421 61 32 46
121	587	0.0	3	426 56 57 48
122	345	0.0	3	282 26 18 19
123	272	0.0	3	223 28 8 13
124	209	0.0	3	176 18 6 9
125	161	0.0	3	133 16 5 7
126	156	0.0	3	128 16 8 4
127	169	0.0	3	133 19 8 9
128	179	0.0	3	122 25 15 17
129	156	0.0	3	113 18 10 15
130	392	0.0	3	217 58 47 70
131	13448	0.0	3	8919 2007 1419 1103
132	211	0.0	3	171 24 8 8
133	142	0.0	3	108 21 4 9
134	473	0.0	3	406 41 21 5
135	174	0.0	3	152 10 6 6
136	176	0.0	3	158 9 7 2
137	220	0.0	3	197 18 2 3
138	507	0.0	3	470 29 4 4
139	246	0.0	3	221 15 6 4
140	300	0.0	3	277 16 5 2
141	604	0.0	3	541 42 15 6
142	283	0.0	3	253 23 5 2
143	492	0.0	3	449 26 8 9
144	526	0.0	3	478 36 6 6
145	483	0.0	3	428 39 8 8
146	701	0.0	3	633 46 13 9
147	711	0.0	3	621 61 19 10
148	826	0.0	3	756 44 16 10
149	389	0.0	3	292 51 23 23
150	13592	0.0	3	10871 1277 650 794

RUN STATISTICS FOR INPUT FILE: /vortexfs1/omics/tepolt/raw_reads/C_maenas/Cm_yrv_2023/5-014_R2_001.fastq.gz
=============================================
49165263 sequences processed in total
Sequences removed because they became shorter than the length cutoff of 20 bp:	46901 (0.1%)

