
SUMMARISING RUN PARAMETERS
==========================
Input filename: /vortexfs1/omics/tepolt/raw_reads/C_maenas/Cm_yrv_2023/5-012_R2_001.fastq.gz
Trimming mode: single-end
Trim Galore version: 0.6.6
Cutadapt version: 3.5
Python version: could not detect
Number of cores used for trimming: 8
Quality Phred score cutoff: 20
Quality encoding type selected: ASCII+33
Adapter sequence: 'AGATCGGAAGAGCGTCGTGTAGGGAAAGAGTGT' (user defined)
Maximum trimming error rate: 0.1 (default)
Minimum required adapter overlap (stringency): 1 bp
Minimum required sequence length before a sequence gets removed: 20 bp
Running FastQC on the data once trimming has completed
Running FastQC with the following extra arguments: --outdir /vortexfs1/scratch/yaamini.venkataraman/wc-green-crab/output/06b-trimgalore     --threads 28
Output file will be GZIP compressed


This is cutadapt 3.5 with Python 3.9.5
Command line parameters: -j 8 -e 0.1 -q 20 -O 1 -a AGATCGGAAGAGCGTCGTGTAGGGAAAGAGTGT /vortexfs1/omics/tepolt/raw_reads/C_maenas/Cm_yrv_2023/5-012_R2_001.fastq.gz
Processing reads on 8 cores in single-end mode ...
Finished in 89.10 s (2 µs/read; 29.04 M reads/minute).

=== Summary ===

Total reads processed:              43,132,548
Reads with adapters:                18,164,688 (42.1%)
Reads written (passing filters):    43,132,548 (100.0%)

Total basepairs processed: 6,469,882,200 bp
Quality-trimmed:              17,301,725 bp (0.3%)
Total written (filtered):  6,344,136,814 bp (98.1%)

=== Adapter 1 ===

Sequence: AGATCGGAAGAGCGTCGTGTAGGGAAAGAGTGT; Type: regular 3'; Length: 33; Trimmed: 18164688 times

Minimum overlap: 1
No. of allowed errors:
1-9 bp: 0; 10-19 bp: 1; 20-29 bp: 2; 30-33 bp: 3

Bases preceding removed adapters:
  A: 32.0%
  C: 22.2%
  G: 21.6%
  T: 24.1%
  none/other: 0.0%

Overview of removed sequences
length	count	expect	max.err	error counts
1	11431474	10783137.0	0	11431474
2	2543991	2695784.2	0	2543991
3	783346	673946.1	0	783346
4	263298	168486.5	0	263298
5	129233	42121.6	0	129233
6	98844	10530.4	0	98844
7	96317	2632.6	0	96317
8	88184	658.2	0	88184
9	83294	164.5	0	82724 570
10	81240	41.1	1	79348 1892
11	78881	10.3	1	77070 1811
12	80922	2.6	1	78956 1966
13	77907	0.6	1	76295 1612
14	78506	0.2	1	76540 1966
15	90279	0.0	1	87939 2340
16	76039	0.0	1	73942 2097
17	77170	0.0	1	74343 2827
18	75789	0.0	1	72859 2901 29
19	79737	0.0	1	76166 3530 41
20	76678	0.0	2	73331 2898 449
21	61583	0.0	2	58510 2776 297
22	61960	0.0	2	58203 3373 384
23	70669	0.0	2	65821 4292 556
24	69521	0.0	2	64153 4691 677
25	65799	0.0	2	61375 3949 475
26	62857	0.0	2	57903 4345 609
27	65931	0.0	2	60003 4866 1061 1
28	52904	0.0	2	48484 3632 755 33
29	54821	0.0	2	49817 4263 712 29
30	49250	0.0	3	44336 3845 757 312
31	49452	0.0	3	44566 3885 718 283
32	48149	0.0	3	43109 4090 705 245
33	57536	0.0	3	50358 5323 1293 562
34	45910	0.0	3	40929 3952 790 239
35	46515	0.0	3	42115 3599 603 198
36	41526	0.0	3	37666 3230 477 153
37	44696	0.0	3	40079 3794 631 192
38	44355	0.0	3	39899 3662 613 181
39	42671	0.0	3	37684 3977 750 260
40	40917	0.0	3	36452 3676 592 197
41	35191	0.0	3	31841 2822 406 122
42	35138	0.0	3	31601 2835 535 167
43	36041	0.0	3	32069 3150 613 209
44	32189	0.0	3	28887 2729 441 132
45	37402	0.0	3	32672 3707 754 269
46	28755	0.0	3	25589 2549 463 154
47	28315	0.0	3	25447 2379 371 118
48	32119	0.0	3	28573 2858 527 161
49	26928	0.0	3	24101 2352 370 105
50	23925	0.0	3	21380 2053 365 127
51	22953	0.0	3	20457 2001 381 114
52	23835	0.0	3	21084 2181 428 142
53	19900	0.0	3	18075 1500 235 90
54	19843	0.0	3	17616 1752 340 135
55	19802	0.0	3	17732 1679 288 103
56	17892	0.0	3	16145 1417 241 89
57	18393	0.0	3	16251 1706 314 122
58	18421	0.0	3	16163 1843 314 101
59	15649	0.0	3	13880 1434 261 74
60	13800	0.0	3	12374 1186 174 66
61	12476	0.0	3	11211 1049 167 49
62	13540	0.0	3	12098 1130 238 74
63	10105	0.0	3	9065 864 127 49
64	11928	0.0	3	10641 1067 164 56
65	8517	0.0	3	7779 613 95 30
66	8865	0.0	3	7900 791 137 37
67	8947	0.0	3	8021 754 131 41
68	7722	0.0	3	6926 632 114 50
69	6393	0.0	3	5731 554 80 28
70	7868	0.0	3	6918 753 148 49
71	3998	0.0	3	3532 375 66 25
72	4807	0.0	3	4246 476 61 24
73	4820	0.0	3	4235 477 78 30
74	4628	0.0	3	4048 489 69 22
75	4963	0.0	3	4479 382 78 24
76	1535	0.0	3	1349 145 29 12
77	3046	0.0	3	2771 209 47 19
78	3037	0.0	3	2708 260 43 26
79	2811	0.0	3	2506 234 50 21
80	2597	0.0	3	2259 248 66 24
81	2374	0.0	3	2040 232 66 36
82	2333	0.0	3	1900 233 107 93
83	1976	0.0	3	1613 230 88 45
84	1755	0.0	3	1494 174 51 36
85	1571	0.0	3	1365 147 44 15
86	1459	0.0	3	1267 138 37 17
87	1557	0.0	3	1330 165 40 22
88	1309	0.0	3	1112 134 42 21
89	1289	0.0	3	1115 126 28 20
90	1231	0.0	3	1059 118 35 19
91	1184	0.0	3	1010 117 38 19
92	1037	0.0	3	889 107 24 17
93	939	0.0	3	810 89 27 13
94	841	0.0	3	723 90 17 11
95	688	0.0	3	583 69 24 12
96	656	0.0	3	547 85 16 8
97	649	0.0	3	564 58 20 7
98	645	0.0	3	528 69 27 21
99	825	0.0	3	623 134 49 19
100	590	0.0	3	483 80 14 13
101	552	0.0	3	452 59 25 16
102	475	0.0	3	377 63 19 16
103	471	0.0	3	379 58 17 17
104	387	0.0	3	311 44 20 12
105	375	0.0	3	308 46 14 7
106	338	0.0	3	261 42 24 11
107	928	0.0	3	799 85 30 14
108	384	0.0	3	292 43 31 18
109	309	0.0	3	251 34 15 9
110	307	0.0	3	241 35 22 9
111	319	0.0	3	240 42 20 17
112	267	0.0	3	181 46 23 17
113	239	0.0	3	173 41 18 7
114	243	0.0	3	192 26 19 6
115	233	0.0	3	162 34 17 20
116	211	0.0	3	138 35 23 15
117	191	0.0	3	128 28 19 16
118	249	0.0	3	170 36 25 18
119	211	0.0	3	140 31 18 22
120	216	0.0	3	115 43 36 22
121	367	0.0	3	138 83 82 64
122	188	0.0	3	114 33 30 11
123	140	0.0	3	90 24 14 12
124	116	0.0	3	79 24 6 7
125	85	0.0	3	61 15 6 3
126	85	0.0	3	65 11 5 4
127	75	0.0	3	52 14 7 2
128	93	0.0	3	69 15 6 3
129	120	0.0	3	93 16 5 6
130	705	0.0	3	548 70 46 41
131	11487	0.0	3	7736 2311 948 492
132	164	0.0	3	127 26 7 4
133	91	0.0	3	81 5 4 1
134	151	0.0	3	131 17 3
135	101	0.0	3	92 6 3
136	108	0.0	3	98 7 1 2
137	124	0.0	3	112 8 3 1
138	204	0.0	3	186 14 4
139	147	0.0	3	138 7 2
140	131	0.0	3	126 4 0 1
141	306	0.0	3	279 23 2 2
142	162	0.0	3	150 8 3 1
143	250	0.0	3	224 17 6 3
144	272	0.0	3	245 24 2 1
145	302	0.0	3	276 22 3 1
146	429	0.0	3	403 22 2 2
147	359	0.0	3	326 25 5 3
148	259	0.0	3	231 24 4
149	216	0.0	3	140 52 13 11
150	8393	0.0	3	6874 924 372 223

RUN STATISTICS FOR INPUT FILE: /vortexfs1/omics/tepolt/raw_reads/C_maenas/Cm_yrv_2023/5-012_R2_001.fastq.gz
=============================================
43132548 sequences processed in total
Sequences removed because they became shorter than the length cutoff of 20 bp:	32516 (0.1%)

