
SUMMARISING RUN PARAMETERS
==========================
Input filename: /vortexfs1/omics/tepolt/raw_reads/C_maenas/Cm_yrv_2023/5-015_R2_001.fastq.gz
Trimming mode: single-end
Trim Galore version: 0.6.6
Cutadapt version: 3.5
Python version: could not detect
Number of cores used for trimming: 8
Quality Phred score cutoff: 20
Quality encoding type selected: ASCII+33
Adapter sequence: 'AGATCGGAAGAGCGTCGTGTAGGGAAAGAGTGT' (user defined)
Maximum trimming error rate: 0.1 (default)
Minimum required adapter overlap (stringency): 1 bp
Minimum required sequence length before a sequence gets removed: 20 bp
Running FastQC on the data once trimming has completed
Running FastQC with the following extra arguments: --outdir /vortexfs1/scratch/yaamini.venkataraman/wc-green-crab/output/06b-trimgalore     --threads 28
Output file will be GZIP compressed


This is cutadapt 3.5 with Python 3.9.5
Command line parameters: -j 8 -e 0.1 -q 20 -O 1 -a AGATCGGAAGAGCGTCGTGTAGGGAAAGAGTGT /vortexfs1/omics/tepolt/raw_reads/C_maenas/Cm_yrv_2023/5-015_R2_001.fastq.gz
Processing reads on 8 cores in single-end mode ...
Finished in 75.14 s (2 µs/read; 27.23 M reads/minute).

=== Summary ===

Total reads processed:              34,105,726
Reads with adapters:                15,481,890 (45.4%)
Reads written (passing filters):    34,105,726 (100.0%)

Total basepairs processed: 5,115,858,900 bp
Quality-trimmed:              11,168,389 bp (0.2%)
Total written (filtered):  4,957,536,781 bp (96.9%)

=== Adapter 1 ===

Sequence: AGATCGGAAGAGCGTCGTGTAGGGAAAGAGTGT; Type: regular 3'; Length: 33; Trimmed: 15481890 times

Minimum overlap: 1
No. of allowed errors:
1-9 bp: 0; 10-19 bp: 1; 20-29 bp: 2; 30-33 bp: 3

Bases preceding removed adapters:
  A: 27.0%
  C: 26.2%
  G: 24.5%
  T: 22.1%
  none/other: 0.2%

Overview of removed sequences
length	count	expect	max.err	error counts
1	7923836	8526431.5	0	7923836
2	1966092	2131607.9	0	1966092
3	667741	532902.0	0	667741
4	263768	133225.5	0	263768
5	165297	33306.4	0	165297
6	137153	8326.6	0	137153
7	133916	2081.6	0	133916
8	126810	520.4	0	126810
9	121823	130.1	0	121277 546
10	122003	32.5	1	119821 2182
11	118416	8.1	1	116112 2304
12	121251	2.0	1	118723 2528
13	116547	0.5	1	114361 2186
14	118812	0.1	1	116010 2802
15	131568	0.0	1	128343 3225
16	113277	0.0	1	110281 2996
17	114661	0.0	1	110572 4089
18	112400	0.0	1	108180 4170 50
19	122050	0.0	1	116957 5009 84
20	111548	0.0	2	106936 4082 530
21	94882	0.0	2	90254 4217 411
22	97913	0.0	2	92106 5248 559
23	103396	0.0	2	96186 6273 937
24	106557	0.0	2	98228 7251 1078
25	95384	0.0	2	88730 5914 740
26	93946	0.0	2	86395 6600 951
27	99490	0.0	2	90309 7456 1720 5
28	82799	0.0	2	75349 6024 1319 107
29	79281	0.0	2	72213 6103 919 46
30	78051	0.0	3	69589 6336 1483 643
31	75592	0.0	3	68283 5677 1197 435
32	75561	0.0	3	67293 6543 1230 495
33	80115	0.0	3	70747 6913 1692 763
34	70660	0.0	3	63150 6072 1056 382
35	75282	0.0	3	67205 5975 1374 728
36	77117	0.0	3	68125 6455 1629 908
37	64773	0.0	3	57649 5288 1185 651
38	65409	0.0	3	59020 4794 1031 564
39	71521	0.0	3	62717 6241 1691 872
40	55842	0.0	3	49587 4507 1059 689
41	60825	0.0	3	53180 5394 1480 771
42	50907	0.0	3	46303 3589 715 300
43	54635	0.0	3	48749 4364 1027 495
44	49247	0.0	3	44227 3751 873 396
45	56761	0.0	3	49381 5132 1479 769
46	45244	0.0	3	39990 3698 1033 523
47	42150	0.0	3	37782 3202 843 323
48	47732	0.0	3	42108 3919 1098 607
49	39468	0.0	3	35386 2984 760 338
50	35944	0.0	3	32048 2841 695 360
51	34100	0.0	3	30388 2729 635 348
52	35455	0.0	3	31363 2938 770 384
53	29180	0.0	3	26316 2164 426 274
54	29589	0.0	3	26042 2506 679 362
55	29423	0.0	3	26282 2301 555 285
56	25935	0.0	3	23389 1867 448 231
57	27589	0.0	3	24094 2373 695 427
58	28936	0.0	3	25526 2499 616 295
59	19283	0.0	3	17103 1632 369 179
60	21367	0.0	3	18960 1717 442 248
61	17830	0.0	3	16120 1288 275 147
62	18027	0.0	3	16129 1374 346 178
63	14856	0.0	3	13393 1054 272 137
64	17186	0.0	3	15306 1392 333 155
65	12756	0.0	3	11652 836 183 85
66	12938	0.0	3	11583 991 233 131
67	12842	0.0	3	11470 1009 255 108
68	10391	0.0	3	9281 831 190 89
69	8577	0.0	3	7722 634 150 71
70	10727	0.0	3	9524 845 242 116
71	5363	0.0	3	4777 432 96 58
72	6552	0.0	3	5820 530 137 65
73	6515	0.0	3	5746 538 152 79
74	6548	0.0	3	5807 527 136 78
75	6758	0.0	3	6209 398 105 46
76	2098	0.0	3	1836 193 47 22
77	4172	0.0	3	3789 272 79 32
78	4126	0.0	3	3698 280 97 51
79	3700	0.0	3	3294 284 75 47
80	3423	0.0	3	3052 243 83 45
81	3128	0.0	3	2782 224 75 47
82	2785	0.0	3	2436 227 91 31
83	2638	0.0	3	2252 256 84 46
84	2299	0.0	3	2040 164 54 41
85	2115	0.0	3	1841 176 59 39
86	2042	0.0	3	1792 166 53 31
87	2026	0.0	3	1741 197 57 31
88	1834	0.0	3	1621 137 42 34
89	1673	0.0	3	1499 118 35 21
90	1587	0.0	3	1396 120 37 34
91	1449	0.0	3	1281 107 35 26
92	1342	0.0	3	1170 111 38 23
93	1134	0.0	3	992 88 32 22
94	986	0.0	3	856 82 25 23
95	916	0.0	3	807 70 27 12
96	855	0.0	3	751 55 32 17
97	810	0.0	3	703 66 23 18
98	838	0.0	3	735 63 23 17
99	765	0.0	3	659 64 24 18
100	698	0.0	3	598 66 14 20
101	603	0.0	3	526 42 22 13
102	573	0.0	3	496 54 13 10
103	577	0.0	3	479 57 23 18
104	493	0.0	3	406 56 15 16
105	450	0.0	3	388 33 16 13
106	438	0.0	3	374 39 9 16
107	463	0.0	3	395 37 19 12
108	409	0.0	3	353 36 11 9
109	386	0.0	3	330 36 9 11
110	378	0.0	3	306 47 16 9
111	352	0.0	3	289 32 14 17
112	308	0.0	3	253 30 11 14
113	277	0.0	3	217 44 10 6
114	298	0.0	3	238 30 16 14
115	258	0.0	3	207 19 17 15
116	256	0.0	3	202 26 13 15
117	190	0.0	3	139 30 8 13
118	214	0.0	3	176 22 6 10
119	154	0.0	3	121 13 9 11
120	191	0.0	3	146 19 13 13
121	191	0.0	3	119 27 22 23
122	154	0.0	3	111 21 9 13
123	148	0.0	3	117 17 10 4
124	100	0.0	3	83 3 7 7
125	104	0.0	3	82 11 3 8
126	118	0.0	3	86 17 11 4
127	110	0.0	3	80 16 7 7
128	124	0.0	3	91 21 5 7
129	110	0.0	3	87 9 5 9
130	279	0.0	3	243 21 7 8
131	2097	0.0	3	1366 324 227 180
132	159	0.0	3	126 20 5 8
133	134	0.0	3	106 20 7 1
134	409	0.0	3	352 41 8 8
135	159	0.0	3	143 12 4
136	154	0.0	3	142 7 3 2
137	212	0.0	3	191 13 7 1
138	312	0.0	3	280 23 4 5
139	200	0.0	3	179 14 7
140	280	0.0	3	242 25 10 3
141	532	0.0	3	486 34 12
142	278	0.0	3	250 15 9 4
143	410	0.0	3	377 23 2 8
144	566	0.0	3	505 35 10 16
145	583	0.0	3	525 25 23 10
146	716	0.0	3	650 37 18 11
147	580	0.0	3	527 39 10 4
148	471	0.0	3	423 33 10 5
149	380	0.0	3	279 66 18 17
150	30937	0.0	3	27321 2397 694 525

RUN STATISTICS FOR INPUT FILE: /vortexfs1/omics/tepolt/raw_reads/C_maenas/Cm_yrv_2023/5-015_R2_001.fastq.gz
=============================================
34105726 sequences processed in total
Sequences removed because they became shorter than the length cutoff of 20 bp:	44736 (0.1%)

