
SUMMARISING RUN PARAMETERS
==========================
Input filename: /vortexfs1/omics/tepolt/raw_reads/C_maenas/Cm_yrv_2023/5-069_R2_001.fastq.gz
Trimming mode: single-end
Trim Galore version: 0.6.6
Cutadapt version: 3.5
Python version: could not detect
Number of cores used for trimming: 8
Quality Phred score cutoff: 20
Quality encoding type selected: ASCII+33
Adapter sequence: 'AGATCGGAAGAGCGTCGTGTAGGGAAAGAGTGT' (user defined)
Maximum trimming error rate: 0.1 (default)
Minimum required adapter overlap (stringency): 1 bp
Minimum required sequence length before a sequence gets removed: 20 bp
Running FastQC on the data once trimming has completed
Running FastQC with the following extra arguments: --outdir /vortexfs1/scratch/yaamini.venkataraman/wc-green-crab/output/06b-trimgalore     --threads 28
Output file will be GZIP compressed


This is cutadapt 3.5 with Python 3.9.5
Command line parameters: -j 8 -e 0.1 -q 20 -O 1 -a AGATCGGAAGAGCGTCGTGTAGGGAAAGAGTGT /vortexfs1/omics/tepolt/raw_reads/C_maenas/Cm_yrv_2023/5-069_R2_001.fastq.gz
Processing reads on 8 cores in single-end mode ...
Finished in 81.88 s (2 µs/read; 27.59 M reads/minute).

=== Summary ===

Total reads processed:              37,654,463
Reads with adapters:                14,862,118 (39.5%)
Reads written (passing filters):    37,654,463 (100.0%)

Total basepairs processed: 5,648,169,450 bp
Quality-trimmed:              14,976,281 bp (0.3%)
Total written (filtered):  5,574,588,378 bp (98.7%)

=== Adapter 1 ===

Sequence: AGATCGGAAGAGCGTCGTGTAGGGAAAGAGTGT; Type: regular 3'; Length: 33; Trimmed: 14862118 times

Minimum overlap: 1
No. of allowed errors:
1-9 bp: 0; 10-19 bp: 1; 20-29 bp: 2; 30-33 bp: 3

Bases preceding removed adapters:
  A: 33.1%
  C: 21.8%
  G: 20.8%
  T: 24.2%
  none/other: 0.1%

Overview of removed sequences
length	count	expect	max.err	error counts
1	10096927	9413615.8	0	10096927
2	2267249	2353403.9	0	2267249
3	675022	588351.0	0	675022
4	207509	147087.7	0	207509
5	89823	36771.9	0	89823
6	61982	9193.0	0	61982
7	58946	2298.2	0	58946
8	53832	574.6	0	53832
9	50144	143.6	0	49717 427
10	49648	35.9	1	48362 1286
11	47255	9.0	1	46086 1169
12	48441	2.2	1	47166 1275
13	45606	0.6	1	44704 902
14	44848	0.1	1	43711 1137
15	50881	0.0	1	49517 1364
16	43390	0.0	1	42129 1261
17	43006	0.0	1	41419 1587
18	42140	0.0	1	40558 1564 18
19	44243	0.0	1	42216 2003 24
20	41933	0.0	2	40079 1615 239
21	33044	0.0	2	31312 1562 170
22	34093	0.0	2	31936 1966 191
23	38072	0.0	2	35282 2460 330
24	35794	0.0	2	32957 2464 373
25	35437	0.0	2	32995 2173 269
26	32488	0.0	2	29989 2149 350
27	34082	0.0	2	31130 2443 506 3
28	27317	0.0	2	25073 1874 345 25
29	26823	0.0	2	24350 2149 318 6
30	24662	0.0	3	22164 1888 439 171
31	23271	0.0	3	20964 1793 387 127
32	23191	0.0	3	20715 1965 381 130
33	24142	0.0	3	21515 2074 379 174
34	22949	0.0	3	20441 2068 351 89
35	19676	0.0	3	17948 1445 211 72
36	21816	0.0	3	19399 1908 362 147
37	19172	0.0	3	17076 1671 319 106
38	20790	0.0	3	18511 1836 311 132
39	21765	0.0	3	19334 1912 373 146
40	13987	0.0	3	12443 1244 215 85
41	15527	0.0	3	13868 1289 265 105
42	13878	0.0	3	12600 1064 170 44
43	14755	0.0	3	13074 1314 240 127
44	12848	0.0	3	11532 1082 161 73
45	15019	0.0	3	13040 1562 302 115
46	11209	0.0	3	9990 975 161 83
47	10931	0.0	3	9720 981 160 70
48	12276	0.0	3	10942 1075 193 66
49	9883	0.0	3	8873 815 148 47
50	8776	0.0	3	7847 757 131 41
51	8192	0.0	3	7250 708 159 75
52	8473	0.0	3	7390 863 163 57
53	6909	0.0	3	6231 560 78 40
54	7197	0.0	3	6386 634 130 47
55	7003	0.0	3	6251 595 103 54
56	5975	0.0	3	5355 458 119 43
57	6116	0.0	3	5406 528 119 63
58	6451	0.0	3	5630 627 139 55
59	5054	0.0	3	4442 479 91 42
60	4493	0.0	3	3983 404 67 39
61	4259	0.0	3	3835 324 76 24
62	4654	0.0	3	4084 450 88 32
63	3330	0.0	3	2972 301 34 23
64	3966	0.0	3	3504 356 72 34
65	2892	0.0	3	2621 209 40 22
66	2933	0.0	3	2593 274 44 22
67	2983	0.0	3	2610 280 56 37
68	2455	0.0	3	2170 197 60 28
69	2077	0.0	3	1827 203 38 9
70	2612	0.0	3	2252 265 55 40
71	1312	0.0	3	1155 124 24 9
72	1649	0.0	3	1387 202 43 17
73	1627	0.0	3	1427 157 32 11
74	1622	0.0	3	1411 165 27 19
75	1754	0.0	3	1575 128 33 18
76	529	0.0	3	442 64 14 9
77	1106	0.0	3	958 108 26 14
78	1086	0.0	3	949 100 22 15
79	1042	0.0	3	919 86 24 13
80	969	0.0	3	834 101 22 12
81	857	0.0	3	733 83 23 18
82	821	0.0	3	681 98 21 21
83	753	0.0	3	616 90 29 18
84	656	0.0	3	535 82 24 15
85	632	0.0	3	509 86 23 14
86	637	0.0	3	533 72 19 13
87	575	0.0	3	475 64 21 15
88	565	0.0	3	476 56 21 12
89	534	0.0	3	456 54 16 8
90	527	0.0	3	459 43 15 10
91	444	0.0	3	380 48 12 4
92	428	0.0	3	363 37 13 15
93	395	0.0	3	323 45 11 16
94	373	0.0	3	309 39 21 4
95	361	0.0	3	293 34 24 10
96	322	0.0	3	273 39 4 6
97	337	0.0	3	279 35 10 13
98	314	0.0	3	273 28 9 4
99	329	0.0	3	248 50 16 15
100	297	0.0	3	245 29 8 15
101	260	0.0	3	206 30 11 13
102	268	0.0	3	205 35 16 12
103	272	0.0	3	215 38 12 7
104	221	0.0	3	173 29 11 8
105	201	0.0	3	153 32 13 3
106	237	0.0	3	184 30 11 12
107	311	0.0	3	248 39 16 8
108	211	0.0	3	171 22 8 10
109	188	0.0	3	143 29 12 4
110	178	0.0	3	141 20 8 9
111	180	0.0	3	147 17 12 4
112	144	0.0	3	106 22 10 6
113	135	0.0	3	104 14 10 7
114	163	0.0	3	133 18 6 6
115	120	0.0	3	95 9 8 8
116	135	0.0	3	91 28 12 4
117	103	0.0	3	77 15 6 5
118	114	0.0	3	93 11 9 1
119	122	0.0	3	84 23 8 7
120	103	0.0	3	77 18 5 3
121	127	0.0	3	97 17 11 2
122	94	0.0	3	68 13 5 8
123	91	0.0	3	68 14 3 6
124	68	0.0	3	54 9 3 2
125	60	0.0	3	49 7 3 1
126	61	0.0	3	49 6 3 3
127	74	0.0	3	55 9 5 5
128	85	0.0	3	64 10 3 8
129	69	0.0	3	56 5 4 4
130	197	0.0	3	133 26 23 15
131	4623	0.0	3	2903 990 449 281
132	100	0.0	3	82 10 5 3
133	68	0.0	3	62 5 1
134	143	0.0	3	128 10 2 3
135	84	0.0	3	73 7 1 3
136	79	0.0	3	69 7 2 1
137	105	0.0	3	88 12 3 2
138	153	0.0	3	140 12 0 1
139	104	0.0	3	93 6 4 1
140	151	0.0	3	135 13 3
141	296	0.0	3	265 24 5 2
142	158	0.0	3	145 12 0 1
143	227	0.0	3	213 10 3 1
144	276	0.0	3	257 16 3
145	257	0.0	3	231 20 5 1
146	434	0.0	3	395 36 2 1
147	317	0.0	3	290 17 7 3
148	255	0.0	3	231 19 3 2
149	164	0.0	3	93 49 12 10
150	8157	0.0	3	6597 956 333 271

RUN STATISTICS FOR INPUT FILE: /vortexfs1/omics/tepolt/raw_reads/C_maenas/Cm_yrv_2023/5-069_R2_001.fastq.gz
=============================================
37654463 sequences processed in total
Sequences removed because they became shorter than the length cutoff of 20 bp:	24568 (0.1%)

