
SUMMARISING RUN PARAMETERS
==========================
Input filename: /vortexfs1/omics/tepolt/raw_reads/C_maenas/Cm_yrv_2023/5-063_R2_001.fastq.gz
Trimming mode: single-end
Trim Galore version: 0.6.6
Cutadapt version: 3.5
Python version: could not detect
Number of cores used for trimming: 8
Quality Phred score cutoff: 20
Quality encoding type selected: ASCII+33
Adapter sequence: 'AGATCGGAAGAGCGTCGTGTAGGGAAAGAGTGT' (user defined)
Maximum trimming error rate: 0.1 (default)
Minimum required adapter overlap (stringency): 1 bp
Minimum required sequence length before a sequence gets removed: 20 bp
Running FastQC on the data once trimming has completed
Running FastQC with the following extra arguments: --outdir /vortexfs1/scratch/yaamini.venkataraman/wc-green-crab/output/06b-trimgalore     --threads 28
Output file will be GZIP compressed


This is cutadapt 3.5 with Python 3.9.5
Command line parameters: -j 8 -e 0.1 -q 20 -O 1 -a AGATCGGAAGAGCGTCGTGTAGGGAAAGAGTGT /vortexfs1/omics/tepolt/raw_reads/C_maenas/Cm_yrv_2023/5-063_R2_001.fastq.gz
Processing reads on 8 cores in single-end mode ...
Finished in 102.47 s (2 µs/read; 24.99 M reads/minute).

=== Summary ===

Total reads processed:              42,677,541
Reads with adapters:                19,783,969 (46.4%)
Reads written (passing filters):    42,677,541 (100.0%)

Total basepairs processed: 6,401,631,150 bp
Quality-trimmed:              18,182,374 bp (0.3%)
Total written (filtered):  6,175,861,340 bp (96.5%)

=== Adapter 1 ===

Sequence: AGATCGGAAGAGCGTCGTGTAGGGAAAGAGTGT; Type: regular 3'; Length: 33; Trimmed: 19783969 times

Minimum overlap: 1
No. of allowed errors:
1-9 bp: 0; 10-19 bp: 1; 20-29 bp: 2; 30-33 bp: 3

Bases preceding removed adapters:
  A: 25.7%
  C: 26.9%
  G: 26.5%
  T: 20.8%
  none/other: 0.1%

Overview of removed sequences
length	count	expect	max.err	error counts
1	9380383	10669385.2	0	9380383
2	2485234	2667346.3	0	2485234
3	827713	666836.6	0	827713
4	335028	166709.1	0	335028
5	224973	41677.3	0	224973
6	193520	10419.3	0	193520
7	194428	2604.8	0	194428
8	181235	651.2	0	181235
9	176595	162.8	0	175912 683
10	177513	40.7	1	174167 3346
11	173977	10.2	1	170535 3442
12	178507	2.5	1	174493 4014
13	169428	0.6	1	165805 3623
14	172585	0.2	1	168019 4566
15	188038	0.0	1	183169 4869
16	166202	0.0	1	161437 4765
17	170056	0.0	1	163717 6339
18	164484	0.0	1	157959 6400 125
19	164638	0.0	1	157624 6909 105
20	185280	0.0	2	176613 7619 1048
21	134986	0.0	2	127976 6371 639
22	142638	0.0	2	133059 8777 802
23	151317	0.0	2	139834 10264 1219
24	156051	0.0	2	142927 11640 1484
25	140854	0.0	2	130281 9413 1160
26	142212	0.0	2	129800 10977 1435
27	151418	0.0	2	137200 12072 2136 10
28	123741	0.0	2	112610 9275 1742 114
29	126290	0.0	2	114327 10373 1546 44
30	117235	0.0	3	105250 9565 1787 633
31	120810	0.0	3	106880 10814 2228 888
32	113624	0.0	3	101389 10080 1626 529
33	122956	0.0	3	109487 10721 2007 741
34	100733	0.0	3	89430 9306 1514 483
35	106664	0.0	3	96204 8489 1468 503
36	110087	0.0	3	96194 10777 2311 805
37	110498	0.0	3	95961 11442 2256 839
38	99761	0.0	3	89346 8433 1482 500
39	89755	0.0	3	80089 7982 1271 413
40	95119	0.0	3	83736 9133 1679 571
41	83259	0.0	3	73036 8032 1588 603
42	76503	0.0	3	69226 6147 870 260
43	79469	0.0	3	70243 7371 1394 461
44	72361	0.0	3	64517 6505 1027 312
45	80317	0.0	3	69551 8453 1674 639
46	65571	0.0	3	57983 6066 1108 414
47	61411	0.0	3	54684 5615 842 270
48	69245	0.0	3	61060 6672 1134 379
49	55512	0.0	3	49570 4845 833 264
50	50401	0.0	3	44862 4569 716 254
51	48508	0.0	3	42805 4575 826 302
52	48091	0.0	3	42222 4698 862 309
53	40412	0.0	3	36348 3338 554 172
54	40689	0.0	3	35877 3849 719 244
55	41656	0.0	3	36950 3726 717 263
56	33437	0.0	3	30138 2735 426 138
57	35430	0.0	3	31244 3261 660 265
58	38627	0.0	3	33840 3893 706 188
59	27220	0.0	3	24045 2585 437 153
60	26710	0.0	3	23778 2404 403 125
61	22540	0.0	3	20264 1871 297 108
62	23072	0.0	3	20541 2059 349 123
63	18377	0.0	3	16473 1580 234 90
64	21468	0.0	3	18945 2044 349 130
65	15453	0.0	3	13992 1185 201 75
66	15764	0.0	3	13989 1454 243 78
67	15377	0.0	3	13585 1456 241 95
68	13009	0.0	3	11567 1160 202 80
69	10474	0.0	3	9386 907 138 43
70	13270	0.0	3	11603 1333 246 88
71	6663	0.0	3	5842 663 112 46
72	7961	0.0	3	7020 774 126 41
73	8343	0.0	3	7345 816 123 59
74	7807	0.0	3	6902 746 110 49
75	7772	0.0	3	7070 572 97 33
76	2115	0.0	3	1836 216 45 18
77	5088	0.0	3	4577 415 67 29
78	4790	0.0	3	4254 436 69 31
79	4251	0.0	3	3767 378 74 32
80	4064	0.0	3	3558 371 86 49
81	3715	0.0	3	3237 341 85 52
82	3496	0.0	3	2941 338 127 90
83	2972	0.0	3	2416 350 114 92
84	2690	0.0	3	2335 258 56 41
85	2347	0.0	3	2006 247 63 31
86	2217	0.0	3	1888 243 57 29
87	2248	0.0	3	1965 210 56 17
88	1945	0.0	3	1680 206 46 13
89	1838	0.0	3	1637 151 32 18
90	1715	0.0	3	1502 167 32 14
91	1530	0.0	3	1323 156 32 19
92	1421	0.0	3	1229 138 32 22
93	1215	0.0	3	1015 158 27 15
94	1177	0.0	3	1007 127 34 9
95	969	0.0	3	823 113 20 13
96	954	0.0	3	812 91 30 21
97	881	0.0	3	762 80 23 16
98	935	0.0	3	788 96 32 19
99	1052	0.0	3	803 155 55 39
100	875	0.0	3	739 89 27 20
101	743	0.0	3	611 80 31 21
102	700	0.0	3	534 104 44 18
103	619	0.0	3	511 66 27 15
104	594	0.0	3	480 76 26 12
105	501	0.0	3	404 59 25 13
106	468	0.0	3	381 46 28 13
107	786	0.0	3	642 92 37 15
108	478	0.0	3	348 79 30 21
109	478	0.0	3	396 44 21 17
110	439	0.0	3	342 63 22 12
111	417	0.0	3	331 46 23 17
112	388	0.0	3	306 54 22 6
113	322	0.0	3	244 44 21 13
114	392	0.0	3	306 49 23 14
115	326	0.0	3	224 47 29 26
116	290	0.0	3	191 58 21 20
117	259	0.0	3	170 34 28 27
118	331	0.0	3	233 54 31 13
119	267	0.0	3	192 49 20 6
120	372	0.0	3	220 83 31 38
121	706	0.0	3	330 193 113 70
122	302	0.0	3	185 64 32 21
123	207	0.0	3	150 23 18 16
124	123	0.0	3	93 17 10 3
125	128	0.0	3	92 19 7 10
126	124	0.0	3	86 15 9 14
127	146	0.0	3	92 21 19 14
128	214	0.0	3	101 51 24 38
129	212	0.0	3	110 41 29 32
130	1814	0.0	3	950 343 286 235
131	45909	0.0	3	27043 11104 4840 2922
132	387	0.0	3	274 65 30 18
133	166	0.0	3	126 25 11 4
134	254	0.0	3	224 22 7 1
135	162	0.0	3	133 23 4 2
136	104	0.0	3	83 14 4 3
137	136	0.0	3	115 16 5
138	223	0.0	3	205 16 1 1
139	141	0.0	3	129 10 1 1
140	111	0.0	3	95 10 4 2
141	290	0.0	3	257 29 2 2
142	169	0.0	3	145 15 4 5
143	219	0.0	3	192 21 5 1
144	182	0.0	3	159 17 5 1
145	178	0.0	3	158 14 4 2
146	202	0.0	3	184 16 1 1
147	222	0.0	3	184 32 4 2
148	264	0.0	3	230 27 6 1
149	420	0.0	3	208 152 40 20
150	15839	0.0	3	12205 1839 1070 725

RUN STATISTICS FOR INPUT FILE: /vortexfs1/omics/tepolt/raw_reads/C_maenas/Cm_yrv_2023/5-063_R2_001.fastq.gz
=============================================
42677541 sequences processed in total
Sequences removed because they became shorter than the length cutoff of 20 bp:	78683 (0.2%)

