
SUMMARISING RUN PARAMETERS
==========================
Input filename: /vortexfs1/omics/tepolt/raw_reads/C_maenas/Cm_yrv_2023/5-066_R2_001.fastq.gz
Trimming mode: single-end
Trim Galore version: 0.6.6
Cutadapt version: 3.5
Python version: could not detect
Number of cores used for trimming: 8
Quality Phred score cutoff: 20
Quality encoding type selected: ASCII+33
Adapter sequence: 'AGATCGGAAGAGCGTCGTGTAGGGAAAGAGTGT' (user defined)
Maximum trimming error rate: 0.1 (default)
Minimum required adapter overlap (stringency): 1 bp
Minimum required sequence length before a sequence gets removed: 20 bp
Running FastQC on the data once trimming has completed
Running FastQC with the following extra arguments: --outdir /vortexfs1/scratch/yaamini.venkataraman/wc-green-crab/output/06b-trimgalore     --threads 28
Output file will be GZIP compressed


This is cutadapt 3.5 with Python 3.9.5
Command line parameters: -j 8 -e 0.1 -q 20 -O 1 -a AGATCGGAAGAGCGTCGTGTAGGGAAAGAGTGT /vortexfs1/omics/tepolt/raw_reads/C_maenas/Cm_yrv_2023/5-066_R2_001.fastq.gz
Processing reads on 8 cores in single-end mode ...
Finished in 64.95 s (2 µs/read; 29.68 M reads/minute).

=== Summary ===

Total reads processed:              32,128,669
Reads with adapters:                12,723,629 (39.6%)
Reads written (passing filters):    32,128,669 (100.0%)

Total basepairs processed: 4,819,300,350 bp
Quality-trimmed:              23,768,260 bp (0.5%)
Total written (filtered):  4,294,040,040 bp (89.1%)

=== Adapter 1 ===

Sequence: AGATCGGAAGAGCGTCGTGTAGGGAAAGAGTGT; Type: regular 3'; Length: 33; Trimmed: 12723629 times

Minimum overlap: 1
No. of allowed errors:
1-9 bp: 0; 10-19 bp: 1; 20-29 bp: 2; 30-33 bp: 3

Bases preceding removed adapters:
  A: 18.0%
  C: 33.6%
  G: 28.9%
  T: 17.0%
  none/other: 2.4%

Overview of removed sequences
length	count	expect	max.err	error counts
1	2680052	8032167.2	0	2680052
2	717202	2008041.8	0	717202
3	270109	502010.5	0	270109
4	124251	125502.6	0	124251
5	92489	31375.7	0	92489
6	83736	7843.9	0	83736
7	84270	1961.0	0	84270
8	80230	490.2	0	80230
9	80447	122.6	0	80148 299
10	82509	30.6	1	80879 1630
11	82050	7.7	1	80401 1649
12	85655	1.9	1	83678 1977
13	85874	0.5	1	84096 1778
14	90279	0.1	1	87953 2326
15	98369	0.0	1	95819 2550
16	87458	0.0	1	85092 2366
17	90975	0.0	1	87457 3518
18	89795	0.0	1	86237 3508 50
19	98787	0.0	1	94114 4616 57
20	96918	0.0	2	92651 3726 541
21	82864	0.0	2	78768 3657 439
22	86820	0.0	2	81526 4719 575
23	92972	0.0	2	86516 5444 1012
24	98936	0.0	2	90959 6816 1161
25	91167	0.0	2	84904 5461 802
26	94175	0.0	2	86679 6449 1047
27	105532	0.0	2	95314 8126 2091 1
28	85140	0.0	2	77815 5934 1311 80
29	91660	0.0	2	82970 7321 1336 33
30	88132	0.0	3	78971 7079 1477 605
31	90973	0.0	3	81947 7052 1412 562
32	93161	0.0	3	83251 7900 1466 544
33	115877	0.0	3	99692 11134 3327 1724
34	94142	0.0	3	83147 8452 1808 735
35	97338	0.0	3	87711 7699 1459 469
36	88026	0.0	3	79753 6873 1072 328
37	97315	0.0	3	87306 8205 1366 438
38	100580	0.0	3	90890 7939 1312 439
39	100649	0.0	3	89136 9064 1829 620
40	100417	0.0	3	89565 8830 1544 478
41	89794	0.0	3	81474 7020 965 335
42	96912	0.0	3	87316 7772 1370 454
43	100506	0.0	3	89510 8674 1737 585
44	95250	0.0	3	85849 7798 1246 357
45	113976	0.0	3	99532 11291 2325 828
46	94828	0.0	3	84429 8295 1567 537
47	95242	0.0	3	85487 7957 1392 406
48	108548	0.0	3	96614 9582 1817 535
49	96155	0.0	3	86715 7790 1276 374
50	92536	0.0	3	83164 7616 1325 431
51	94608	0.0	3	84593 7959 1534 522
52	103256	0.0	3	91427 9405 1788 636
53	88279	0.0	3	80228 6610 1048 393
54	96617	0.0	3	86281 8237 1558 541
55	101210	0.0	3	90920 8344 1464 482
56	95968	0.0	3	87155 7140 1270 403
57	105317	0.0	3	93634 9104 1903 676
58	117691	0.0	3	103725 11206 2134 626
59	102358	0.0	3	90488 9567 1761 542
60	106966	0.0	3	95883 9152 1457 474
61	93719	0.0	3	85187 7114 1089 329
62	97441	0.0	3	87429 8212 1358 442
63	89625	0.0	3	81200 6892 1144 389
64	111167	0.0	3	99473 9582 1619 493
65	87368	0.0	3	80254 5976 856 282
66	98247	0.0	3	88626 8011 1217 393
67	103289	0.0	3	92820 8642 1386 441
68	94012	0.0	3	84614 7735 1281 382
69	82596	0.0	3	75129 6288 891 288
70	115161	0.0	3	102833 10086 1706 536
71	60838	0.0	3	54657 5120 765 296
72	81581	0.0	3	73229 6948 1068 336
73	89765	0.0	3	80227 7896 1295 347
74	97306	0.0	3	87238 8501 1182 385
75	109552	0.0	3	101652 6602 999 299
76	34083	0.0	3	30099 3353 443 188
77	77347	0.0	3	71285 5104 727 231
78	81013	0.0	3	73732 6007 955 319
79	79997	0.0	3	72496 6149 987 365
80	78613	0.0	3	71263 6037 964 349
81	76371	0.0	3	68778 6230 1027 336
82	74352	0.0	3	66975 5991 1064 322
83	70748	0.0	3	63346 6026 1003 373
84	68366	0.0	3	61361 5695 988 322
85	67500	0.0	3	60664 5529 973 334
86	70083	0.0	3	63147 5623 966 347
87	71596	0.0	3	64537 5755 963 341
88	69466	0.0	3	62856 5338 935 337
89	67795	0.0	3	62183 4577 749 286
90	63971	0.0	3	58371 4507 793 300
91	62720	0.0	3	57177 4462 801 280
92	59407	0.0	3	53887 4501 764 255
93	52973	0.0	3	48211 3869 632 261
94	49051	0.0	3	44560 3672 578 241
95	45399	0.0	3	41284 3353 560 202
96	44286	0.0	3	40402 3186 527 171
97	44572	0.0	3	40537 3271 565 199
98	44176	0.0	3	40411 3066 518 181
99	41112	0.0	3	37303 3041 550 218
100	37822	0.0	3	34298 2803 519 202
101	32997	0.0	3	30008 2388 406 195
102	27951	0.0	3	25366 2039 377 169
103	25390	0.0	3	23021 1820 393 156
104	21851	0.0	3	19841 1586 277 147
105	19473	0.0	3	17639 1397 296 141
106	18056	0.0	3	16402 1263 287 104
107	18087	0.0	3	16329 1394 257 107
108	16250	0.0	3	14660 1245 238 107
109	14965	0.0	3	13547 1073 228 117
110	13626	0.0	3	12256 1039 234 97
111	11231	0.0	3	10044 869 222 96
112	9595	0.0	3	8494 819 185 97
113	7620	0.0	3	6817 579 155 69
114	6895	0.0	3	6079 562 172 82
115	5828	0.0	3	5123 510 123 72
116	5476	0.0	3	4697 509 163 107
117	4954	0.0	3	4211 458 183 102
118	4607	0.0	3	4016 399 127 65
119	4020	0.0	3	3531 327 105 57
120	3895	0.0	3	3279 383 147 86
121	4068	0.0	3	3124 522 260 162
122	2723	0.0	3	2263 290 120 50
123	2876	0.0	3	2491 281 73 31
124	1523	0.0	3	1335 134 35 19
125	1169	0.0	3	1031 100 23 15
126	903	0.0	3	754 102 32 15
127	1110	0.0	3	986 85 20 19
128	954	0.0	3	821 101 20 12
129	1053	0.0	3	912 82 42 17
130	1660	0.0	3	1444 152 41 23
131	4911	0.0	3	3640 851 276 144
132	1365	0.0	3	1190 125 34 16
133	1261	0.0	3	1123 103 26 9
134	8876	0.0	3	8191 544 105 36
135	2047	0.0	3	1840 160 35 12
136	1358	0.0	3	1216 106 25 11
137	2709	0.0	3	2421 224 37 27
138	9630	0.0	3	9037 485 71 37
139	2581	0.0	3	2404 147 22 8
140	2817	0.0	3	2576 189 35 17
141	8251	0.0	3	7648 506 69 28
142	3627	0.0	3	3394 196 29 8
143	4649	0.0	3	4295 290 46 18
144	4900	0.0	3	4532 268 56 44
145	4080	0.0	3	3775 231 52 22
146	6203	0.0	3	5699 387 86 31
147	5167	0.0	3	4734 317 80 36
148	5228	0.0	3	4699 392 87 50
149	6465	0.0	3	5153 706 361 245
150	308864	0.0	3	269546 25359 7422 6537

RUN STATISTICS FOR INPUT FILE: /vortexfs1/omics/tepolt/raw_reads/C_maenas/Cm_yrv_2023/5-066_R2_001.fastq.gz
=============================================
32128669 sequences processed in total
Sequences removed because they became shorter than the length cutoff of 20 bp:	433557 (1.3%)

