
SUMMARISING RUN PARAMETERS
==========================
Input filename: /vortexfs1/omics/tepolt/raw_reads/C_maenas/Cm_yrv_2023/5-067_R2_001.fastq.gz
Trimming mode: single-end
Trim Galore version: 0.6.6
Cutadapt version: 3.5
Python version: could not detect
Number of cores used for trimming: 8
Quality Phred score cutoff: 20
Quality encoding type selected: ASCII+33
Adapter sequence: 'AGATCGGAAGAGCGTCGTGTAGGGAAAGAGTGT' (user defined)
Maximum trimming error rate: 0.1 (default)
Minimum required adapter overlap (stringency): 1 bp
Minimum required sequence length before a sequence gets removed: 20 bp
Running FastQC on the data once trimming has completed
Running FastQC with the following extra arguments: --outdir /vortexfs1/scratch/yaamini.venkataraman/wc-green-crab/output/06b-trimgalore     --threads 28
Output file will be GZIP compressed


This is cutadapt 3.5 with Python 3.9.5
Command line parameters: -j 8 -e 0.1 -q 20 -O 1 -a AGATCGGAAGAGCGTCGTGTAGGGAAAGAGTGT /vortexfs1/omics/tepolt/raw_reads/C_maenas/Cm_yrv_2023/5-067_R2_001.fastq.gz
Processing reads on 8 cores in single-end mode ...
Finished in 102.03 s (2 µs/read; 26.50 M reads/minute).

=== Summary ===

Total reads processed:              45,059,618
Reads with adapters:                23,103,155 (51.3%)
Reads written (passing filters):    45,059,618 (100.0%)

Total basepairs processed: 6,758,942,700 bp
Quality-trimmed:              20,058,584 bp (0.3%)
Total written (filtered):  6,427,106,531 bp (95.1%)

=== Adapter 1 ===

Sequence: AGATCGGAAGAGCGTCGTGTAGGGAAAGAGTGT; Type: regular 3'; Length: 33; Trimmed: 23103155 times

Minimum overlap: 1
No. of allowed errors:
1-9 bp: 0; 10-19 bp: 1; 20-29 bp: 2; 30-33 bp: 3

Bases preceding removed adapters:
  A: 24.5%
  C: 28.0%
  G: 27.5%
  T: 20.0%
  none/other: 0.0%

Overview of removed sequences
length	count	expect	max.err	error counts
1	9482031	11264904.5	0	9482031
2	2435941	2816226.1	0	2435941
3	907606	704056.5	0	907606
4	410878	176014.1	0	410878
5	300371	44003.5	0	300371
6	262245	11000.9	0	262245
7	260599	2750.2	0	260599
8	244517	687.6	0	244517
9	236233	171.9	0	235405 828
10	240407	43.0	1	235634 4773
11	235163	10.7	1	230315 4848
12	246823	2.7	1	240888 5935
13	235507	0.7	1	230289 5218
14	243395	0.2	1	236384 7011
15	272669	0.0	1	264774 7895
16	233339	0.0	1	226053 7286
17	241124	0.0	1	230917 10207
18	234258	0.0	1	224000 10116 142
19	257915	0.0	1	244961 12801 153
20	229585	0.0	2	218485 9759 1341
21	201345	0.0	2	189997 10185 1163
22	203077	0.0	2	189170 12408 1499
23	222034	0.0	2	205298 14654 2082
24	233040	0.0	2	212513 17598 2929
25	208673	0.0	2	192715 13943 2015
26	211036	0.0	2	192132 16343 2561
27	222745	0.0	2	200858 18092 3774 21
28	185900	0.0	2	168238 14486 2888 288
29	180992	0.0	2	163166 15287 2486 53
30	186602	0.0	3	164651 16689 3825 1437
31	156720	0.0	3	141102 12461 2359 798
32	175169	0.0	3	153060 17315 3557 1237
33	166466	0.0	3	149872 13546 2253 795
34	207297	0.0	3	178112 22327 4991 1867
35	130290	0.0	3	117069 10931 1767 523
36	169447	0.0	3	147917 16871 3538 1121
37	155577	0.0	3	136227 15510 2905 935
38	150708	0.0	3	133729 13750 2487 742
39	129795	0.0	3	116108 11421 1723 543
40	168853	0.0	3	146379 17703 3574 1197
41	103871	0.0	3	91829 9773 1701 568
42	117477	0.0	3	104949 10165 1758 605
43	122910	0.0	3	107383 12290 2455 782
44	110825	0.0	3	97751 10530 1875 669
45	127571	0.0	3	109453 14084 2979 1055
46	99263	0.0	3	86762 9901 1935 665
47	92422	0.0	3	81374 8924 1602 522
48	105869	0.0	3	92227 10941 2035 666
49	85094	0.0	3	75067 8130 1442 455
50	76278	0.0	3	67147 7233 1362 536
51	72905	0.0	3	63669 7232 1504 500
52	74869	0.0	3	65122 7640 1601 506
53	60017	0.0	3	53595 5276 869 277
54	61077	0.0	3	53466 6011 1202 398
55	61816	0.0	3	54322 5869 1202 423
56	51950	0.0	3	46403 4439 820 288
57	55068	0.0	3	47785 5701 1176 406
58	57802	0.0	3	50189 6028 1211 374
59	40122	0.0	3	35007 4096 772 247
60	40335	0.0	3	35600 3864 659 212
61	34497	0.0	3	30811 2996 549 141
62	34918	0.0	3	30781 3285 640 212
63	26860	0.0	3	24046 2317 368 129
64	32417	0.0	3	28283 3294 639 201
65	22726	0.0	3	20476 1860 295 95
66	23688	0.0	3	20885 2305 390 108
67	23511	0.0	3	20572 2349 438 152
68	19064	0.0	3	16855 1770 328 111
69	15505	0.0	3	13709 1477 228 91
70	20558	0.0	3	17912 2081 432 133
71	8561	0.0	3	7471 874 162 54
72	11364	0.0	3	9946 1110 220 88
73	11273	0.0	3	9782 1188 227 76
74	11325	0.0	3	9936 1115 194 80
75	11438	0.0	3	10358 880 142 58
76	3457	0.0	3	3023 357 53 24
77	6914	0.0	3	6243 552 92 27
78	6970	0.0	3	6216 605 115 34
79	6379	0.0	3	5673 552 111 43
80	5691	0.0	3	5054 501 95 41
81	5139	0.0	3	4513 485 106 35
82	4698	0.0	3	4096 437 103 62
83	4045	0.0	3	3462 422 102 59
84	3474	0.0	3	3018 343 80 33
85	3303	0.0	3	2840 371 65 27
86	3170	0.0	3	2770 307 56 37
87	2919	0.0	3	2535 293 59 32
88	2892	0.0	3	2538 261 66 27
89	2678	0.0	3	2362 232 46 38
90	2553	0.0	3	2263 208 50 32
91	2299	0.0	3	2014 206 61 18
92	2085	0.0	3	1831 188 51 15
93	1810	0.0	3	1576 177 41 16
94	1652	0.0	3	1449 155 34 14
95	1394	0.0	3	1218 132 29 15
96	1261	0.0	3	1088 116 33 24
97	1331	0.0	3	1154 136 23 18
98	1223	0.0	3	1053 122 29 19
99	1215	0.0	3	1041 127 29 18
100	1116	0.0	3	947 118 30 21
101	936	0.0	3	799 92 28 17
102	911	0.0	3	738 107 37 29
103	868	0.0	3	719 92 34 23
104	732	0.0	3	589 87 37 19
105	770	0.0	3	618 83 40 29
106	721	0.0	3	602 76 29 14
107	822	0.0	3	657 104 36 25
108	806	0.0	3	542 129 90 45
109	640	0.0	3	515 64 34 27
110	617	0.0	3	467 82 37 31
111	577	0.0	3	426 81 39 31
112	583	0.0	3	400 99 49 35
113	498	0.0	3	332 82 56 28
114	525	0.0	3	382 79 38 26
115	552	0.0	3	317 103 67 65
116	549	0.0	3	311 110 63 65
117	500	0.0	3	296 91 59 54
118	457	0.0	3	263 91 64 39
119	557	0.0	3	329 92 78 58
120	1099	0.0	3	406 296 256 141
121	1525	0.0	3	495 441 339 250
122	830	0.0	3	398 216 150 66
123	334	0.0	3	201 74 34 25
124	245	0.0	3	169 36 21 19
125	197	0.0	3	118 43 16 20
126	213	0.0	3	126 34 27 26
127	202	0.0	3	120 34 24 24
128	342	0.0	3	135 63 75 69
129	372	0.0	3	143 68 85 76
130	2679	0.0	3	968 642 562 507
131	182607	0.0	3	114594 42099 17361 8553
132	624	0.0	3	462 106 40 16
133	256	0.0	3	214 28 9 5
134	317	0.0	3	271 33 7 6
135	264	0.0	3	221 33 7 3
136	163	0.0	3	139 15 1 8
137	233	0.0	3	209 22 2
138	391	0.0	3	352 31 6 2
139	246	0.0	3	226 16 2 2
140	347	0.0	3	320 21 5 1
141	542	0.0	3	515 25 1 1
142	357	0.0	3	326 24 6 1
143	498	0.0	3	457 36 4 1
144	587	0.0	3	526 49 10 2
145	588	0.0	3	548 35 5
146	963	0.0	3	891 60 9 3
147	861	0.0	3	792 55 8 6
148	718	0.0	3	642 56 14 6
149	314	0.0	3	253 45 9 7
150	10334	0.0	3	8778 986 292 278

RUN STATISTICS FOR INPUT FILE: /vortexfs1/omics/tepolt/raw_reads/C_maenas/Cm_yrv_2023/5-067_R2_001.fastq.gz
=============================================
45059618 sequences processed in total
Sequences removed because they became shorter than the length cutoff of 20 bp:	214535 (0.5%)

