
SUMMARISING RUN PARAMETERS
==========================
Input filename: /vortexfs1/omics/tepolt/raw_reads/C_maenas/Cm_yrv_2023/5-061_R2_001.fastq.gz
Trimming mode: single-end
Trim Galore version: 0.6.6
Cutadapt version: 3.5
Python version: could not detect
Number of cores used for trimming: 8
Quality Phred score cutoff: 20
Quality encoding type selected: ASCII+33
Adapter sequence: 'AGATCGGAAGAGCGTCGTGTAGGGAAAGAGTGT' (user defined)
Maximum trimming error rate: 0.1 (default)
Minimum required adapter overlap (stringency): 1 bp
Minimum required sequence length before a sequence gets removed: 20 bp
Running FastQC on the data once trimming has completed
Running FastQC with the following extra arguments: --outdir /vortexfs1/scratch/yaamini.venkataraman/wc-green-crab/output/06b-trimgalore     --threads 28
Output file will be GZIP compressed


This is cutadapt 3.5 with Python 3.9.5
Command line parameters: -j 8 -e 0.1 -q 20 -O 1 -a AGATCGGAAGAGCGTCGTGTAGGGAAAGAGTGT /vortexfs1/omics/tepolt/raw_reads/C_maenas/Cm_yrv_2023/5-061_R2_001.fastq.gz
Processing reads on 8 cores in single-end mode ...
Finished in 80.01 s (2 µs/read; 27.70 M reads/minute).

=== Summary ===

Total reads processed:              36,937,307
Reads with adapters:                16,213,439 (43.9%)
Reads written (passing filters):    36,937,307 (100.0%)

Total basepairs processed: 5,540,596,050 bp
Quality-trimmed:              12,683,119 bp (0.2%)
Total written (filtered):  5,399,584,117 bp (97.5%)

=== Adapter 1 ===

Sequence: AGATCGGAAGAGCGTCGTGTAGGGAAAGAGTGT; Type: regular 3'; Length: 33; Trimmed: 16213439 times

Minimum overlap: 1
No. of allowed errors:
1-9 bp: 0; 10-19 bp: 1; 20-29 bp: 2; 30-33 bp: 3

Bases preceding removed adapters:
  A: 30.4%
  C: 23.2%
  G: 22.6%
  T: 23.7%
  none/other: 0.1%

Overview of removed sequences
length	count	expect	max.err	error counts
1	9310137	9234326.8	0	9310137
2	2111917	2308581.7	0	2111917
3	668005	577145.4	0	668005
4	256525	144286.4	0	256525
5	142652	36071.6	0	142652
6	113083	9017.9	0	113083
7	112250	2254.5	0	112250
8	103771	563.6	0	103771
9	96982	140.9	0	96514 468
10	95375	35.2	1	93473 1902
11	92543	8.8	1	90668 1875
12	94421	2.2	1	92273 2148
13	92820	0.6	1	90962 1858
14	93579	0.1	1	91299 2280
15	108980	0.0	1	106236 2744
16	90615	0.0	1	88242 2373
17	92994	0.0	1	89540 3454
18	89595	0.0	1	86178 3370 47
19	95948	0.0	1	91706 4189 53
20	92122	0.0	2	88290 3398 434
21	74610	0.0	2	70921 3352 337
22	76427	0.0	2	71906 4127 394
23	85446	0.0	2	79543 5227 676
24	85182	0.0	2	78745 5623 814
25	80468	0.0	2	75048 4849 571
26	77445	0.0	2	71387 5298 760
27	82465	0.0	2	75330 5941 1189 5
28	65233	0.0	2	59975 4436 782 40
29	67676	0.0	2	61460 5354 845 17
30	61418	0.0	3	55210 4904 963 341
31	61031	0.0	3	55087 4821 829 294
32	60615	0.0	3	54449 5029 835 302
33	72329	0.0	3	63680 6430 1565 654
34	59261	0.0	3	52690 5239 983 349
35	59581	0.0	3	53954 4648 736 243
36	52007	0.0	3	47308 3951 592 156
37	56752	0.0	3	50782 4982 779 209
38	57367	0.0	3	51893 4518 729 227
39	55033	0.0	3	48665 5093 958 317
40	53840	0.0	3	48178 4619 802 241
41	45424	0.0	3	41227 3537 511 149
42	45507	0.0	3	41155 3581 593 178
43	46355	0.0	3	41369 4021 721 244
44	42412	0.0	3	38218 3474 562 158
45	48200	0.0	3	42148 4733 1004 315
46	39503	0.0	3	35156 3541 604 202
47	37145	0.0	3	33424 3066 500 155
48	43011	0.0	3	38445 3719 614 233
49	34991	0.0	3	31526 2850 480 135
50	31601	0.0	3	28296 2692 468 145
51	29917	0.0	3	26730 2551 454 182
52	30749	0.0	3	27368 2709 505 167
53	26057	0.0	3	23644 2024 281 108
54	26006	0.0	3	23222 2245 410 129
55	26390	0.0	3	23665 2194 396 135
56	23404	0.0	3	21176 1819 314 95
57	24067	0.0	3	21389 2106 426 146
58	26600	0.0	3	23497 2540 437 126
59	19823	0.0	3	17546 1846 318 113
60	19529	0.0	3	17537 1649 259 84
61	15758	0.0	3	14224 1287 181 66
62	16951	0.0	3	15212 1442 218 79
63	13590	0.0	3	12256 1099 171 64
64	16114	0.0	3	14345 1448 245 76
65	11601	0.0	3	10562 865 120 54
66	12543	0.0	3	11178 1140 169 56
67	12171	0.0	3	10880 1033 197 61
68	10595	0.0	3	9490 900 149 56
69	8422	0.0	3	7604 677 110 31
70	10764	0.0	3	9535 990 186 53
71	5120	0.0	3	4546 467 75 32
72	6266	0.0	3	5570 558 102 36
73	6233	0.0	3	5472 621 110 30
74	6497	0.0	3	5760 624 81 32
75	6697	0.0	3	6158 446 66 27
76	1962	0.0	3	1699 209 39 15
77	4050	0.0	3	3722 254 55 19
78	4057	0.0	3	3599 354 79 25
79	3923	0.0	3	3476 348 75 24
80	3669	0.0	3	3319 259 69 22
81	3360	0.0	3	2974 294 65 27
82	3114	0.0	3	2698 273 87 56
83	2817	0.0	3	2448 267 68 34
84	2460	0.0	3	2152 216 63 29
85	2251	0.0	3	1976 214 38 23
86	2220	0.0	3	1944 214 48 14
87	2299	0.0	3	2034 201 46 18
88	2077	0.0	3	1845 176 42 14
89	2014	0.0	3	1801 161 32 20
90	1950	0.0	3	1726 177 29 18
91	1850	0.0	3	1643 168 30 9
92	1815	0.0	3	1622 156 17 20
93	1435	0.0	3	1268 123 33 11
94	1305	0.0	3	1163 106 26 10
95	1199	0.0	3	1049 109 31 10
96	1051	0.0	3	941 77 17 16
97	1102	0.0	3	958 110 23 11
98	1099	0.0	3	978 88 17 16
99	1106	0.0	3	940 117 26 23
100	930	0.0	3	816 78 24 12
101	914	0.0	3	804 77 21 12
102	808	0.0	3	714 66 18 10
103	766	0.0	3	654 74 21 17
104	624	0.0	3	555 45 20 4
105	605	0.0	3	519 55 15 16
106	568	0.0	3	498 46 14 10
107	954	0.0	3	840 68 28 18
108	606	0.0	3	497 63 31 15
109	534	0.0	3	464 53 9 8
110	580	0.0	3	507 51 12 10
111	531	0.0	3	454 49 17 11
112	453	0.0	3	387 43 13 10
113	418	0.0	3	341 47 23 7
114	406	0.0	3	357 31 9 9
115	322	0.0	3	264 35 12 11
116	355	0.0	3	305 27 13 10
117	274	0.0	3	230 25 13 6
118	316	0.0	3	272 28 10 6
119	295	0.0	3	242 33 11 9
120	285	0.0	3	227 33 13 12
121	327	0.0	3	231 56 21 19
122	209	0.0	3	175 18 10 6
123	187	0.0	3	161 15 9 2
124	133	0.0	3	116 11 1 5
125	132	0.0	3	114 14 2 2
126	153	0.0	3	128 14 7 4
127	132	0.0	3	110 14 5 3
128	141	0.0	3	116 19 4 2
129	147	0.0	3	122 16 4 5
130	322	0.0	3	248 38 20 16
131	3795	0.0	3	2633 715 306 141
132	185	0.0	3	159 18 6 2
133	160	0.0	3	136 17 6 1
134	336	0.0	3	290 37 7 2
135	216	0.0	3	190 21 3 2
136	161	0.0	3	142 14 4 1
137	207	0.0	3	192 9 5 1
138	264	0.0	3	248 12 0 4
139	250	0.0	3	224 21 4 1
140	351	0.0	3	315 31 3 2
141	522	0.0	3	490 24 7 1
142	309	0.0	3	275 25 6 3
143	504	0.0	3	461 34 7 2
144	670	0.0	3	613 46 6 5
145	642	0.0	3	579 53 6 4
146	972	0.0	3	901 59 9 3
147	802	0.0	3	727 59 9 7
148	554	0.0	3	513 34 6 1
149	277	0.0	3	205 53 10 9
150	10137	0.0	3	8649 970 290 228

RUN STATISTICS FOR INPUT FILE: /vortexfs1/omics/tepolt/raw_reads/C_maenas/Cm_yrv_2023/5-061_R2_001.fastq.gz
=============================================
36937307 sequences processed in total
Sequences removed because they became shorter than the length cutoff of 20 bp:	29116 (0.1%)

