
SUMMARISING RUN PARAMETERS
==========================
Input filename: /vortexfs1/omics/tepolt/raw_reads/C_maenas/Cm_yrv_2023/5-074_R2_001.fastq.gz
Trimming mode: single-end
Trim Galore version: 0.6.6
Cutadapt version: 3.5
Python version: could not detect
Number of cores used for trimming: 8
Quality Phred score cutoff: 20
Quality encoding type selected: ASCII+33
Adapter sequence: 'AGATCGGAAGAGCGTCGTGTAGGGAAAGAGTGT' (user defined)
Maximum trimming error rate: 0.1 (default)
Minimum required adapter overlap (stringency): 1 bp
Minimum required sequence length before a sequence gets removed: 20 bp
Running FastQC on the data once trimming has completed
Running FastQC with the following extra arguments: --outdir /vortexfs1/scratch/yaamini.venkataraman/wc-green-crab/output/06b-trimgalore     --threads 28
Output file will be GZIP compressed


This is cutadapt 3.5 with Python 3.9.5
Command line parameters: -j 8 -e 0.1 -q 20 -O 1 -a AGATCGGAAGAGCGTCGTGTAGGGAAAGAGTGT /vortexfs1/omics/tepolt/raw_reads/C_maenas/Cm_yrv_2023/5-074_R2_001.fastq.gz
Processing reads on 8 cores in single-end mode ...
Finished in 77.14 s (2 µs/read; 28.60 M reads/minute).

=== Summary ===

Total reads processed:              36,764,035
Reads with adapters:                16,544,774 (45.0%)
Reads written (passing filters):    36,764,035 (100.0%)

Total basepairs processed: 5,514,605,250 bp
Quality-trimmed:              14,570,765 bp (0.3%)
Total written (filtered):  5,355,265,086 bp (97.1%)

=== Adapter 1 ===

Sequence: AGATCGGAAGAGCGTCGTGTAGGGAAAGAGTGT; Type: regular 3'; Length: 33; Trimmed: 16544774 times

Minimum overlap: 1
No. of allowed errors:
1-9 bp: 0; 10-19 bp: 1; 20-29 bp: 2; 30-33 bp: 3

Bases preceding removed adapters:
  A: 29.2%
  C: 25.4%
  G: 23.3%
  T: 21.8%
  none/other: 0.2%

Overview of removed sequences
length	count	expect	max.err	error counts
1	8946653	9191008.8	0	8946653
2	2149129	2297752.2	0	2149129
3	703422	574438.0	0	703422
4	264989	143609.5	0	264989
5	158935	35902.4	0	158935
6	132271	8975.6	0	132271
7	127842	2243.9	0	127842
8	118457	561.0	0	118457
9	114712	140.2	0	114090 622
10	113765	35.1	1	111456 2309
11	110504	8.8	1	108312 2192
12	114308	2.2	1	111698 2610
13	110785	0.5	1	108697 2088
14	113877	0.1	1	110935 2942
15	125856	0.0	1	122513 3343
16	106199	0.0	1	103301 2898
17	109998	0.0	1	105761 4237
18	104867	0.0	1	100616 4191 60
19	114919	0.0	1	109671 5167 81
20	104844	0.0	2	100232 4060 552
21	89025	0.0	2	84492 4097 436
22	91093	0.0	2	85306 5247 540
23	97946	0.0	2	90880 6200 866
24	100115	0.0	2	91930 7074 1111
25	91759	0.0	2	85351 5640 768
26	91199	0.0	2	83791 6433 975
27	96832	0.0	2	87724 7420 1683 5
28	77811	0.0	2	70940 5699 1110 62
29	80953	0.0	2	73081 6722 1127 23
30	76697	0.0	3	68388 6404 1370 535
31	72581	0.0	3	65410 5739 1037 395
32	73351	0.0	3	65003 6643 1234 471
33	83022	0.0	3	73442 7432 1577 571
34	65510	0.0	3	58168 5870 1094 378
35	70519	0.0	3	63010 5874 1154 481
36	119278	0.0	3	103295 12486 2742 755
37	40733	0.0	3	34932 4636 864 301
38	88330	0.0	3	79380 7414 1196 340
39	43130	0.0	3	38119 4184 622 205
40	66138	0.0	3	59937 5253 737 211
41	38622	0.0	3	34649 3372 459 142
42	48769	0.0	3	44262 3746 579 182
43	55548	0.0	3	49975 4666 721 186
44	43683	0.0	3	39242 3790 494 157
45	70690	0.0	3	62858 6317 1164 351
46	35083	0.0	3	31012 3330 559 182
47	35485	0.0	3	31886 3009 460 130
48	53118	0.0	3	47548 4580 770 220
49	34028	0.0	3	30759 2772 378 119
50	33584	0.0	3	30119 2822 480 163
51	33385	0.0	3	29806 2890 511 178
52	39409	0.0	3	35054 3503 648 204
53	22837	0.0	3	20620 1850 264 103
54	30766	0.0	3	27319 2758 505 184
55	30040	0.0	3	27167 2362 395 116
56	23274	0.0	3	21080 1769 317 108
57	30870	0.0	3	27303 2860 527 180
58	35086	0.0	3	31752 2794 421 119
59	18100	0.0	3	15990 1721 299 90
60	19876	0.0	3	18033 1498 239 106
61	15064	0.0	3	13671 1144 188 61
62	21648	0.0	3	19674 1630 251 93
63	10445	0.0	3	9328 912 152 53
64	18909	0.0	3	17217 1378 240 74
65	9362	0.0	3	8521 686 103 52
66	11684	0.0	3	10551 929 152 52
67	12895	0.0	3	11614 1050 158 73
68	8430	0.0	3	7499 745 141 45
69	5978	0.0	3	5309 534 94 41
70	11882	0.0	3	10733 937 153 59
71	2392	0.0	3	1945 353 69 25
72	5885	0.0	3	5255 515 91 24
73	6271	0.0	3	5566 578 96 31
74	6433	0.0	3	5698 602 96 37
75	6097	0.0	3	5563 425 79 30
76	1974	0.0	3	1726 197 34 17
77	3306	0.0	3	2972 262 54 18
78	3819	0.0	3	3400 344 53 22
79	3589	0.0	3	3206 291 65 27
80	3203	0.0	3	2840 275 59 29
81	2954	0.0	3	2635 246 42 31
82	2645	0.0	3	2326 247 51 21
83	2248	0.0	3	1922 240 61 25
84	2083	0.0	3	1835 185 41 22
85	1924	0.0	3	1670 187 32 35
86	1793	0.0	3	1591 146 39 17
87	1749	0.0	3	1533 148 46 22
88	1597	0.0	3	1371 174 26 26
89	1445	0.0	3	1283 105 37 20
90	1317	0.0	3	1146 121 33 17
91	1272	0.0	3	1102 122 32 16
92	1266	0.0	3	1096 121 32 17
93	1035	0.0	3	896 92 36 11
94	911	0.0	3	800 68 24 19
95	766	0.0	3	660 64 21 21
96	723	0.0	3	624 64 22 13
97	702	0.0	3	599 67 22 14
98	675	0.0	3	576 64 21 14
99	670	0.0	3	556 70 26 18
100	579	0.0	3	489 55 22 13
101	459	0.0	3	368 51 24 16
102	456	0.0	3	366 50 26 14
103	468	0.0	3	365 65 18 20
104	413	0.0	3	343 45 16 9
105	366	0.0	3	285 47 25 9
106	373	0.0	3	303 39 19 12
107	383	0.0	3	328 36 9 10
108	335	0.0	3	268 40 13 14
109	303	0.0	3	243 33 12 15
110	291	0.0	3	234 40 11 6
111	262	0.0	3	220 23 14 5
112	223	0.0	3	182 28 6 7
113	238	0.0	3	181 30 15 12
114	214	0.0	3	166 24 14 10
115	169	0.0	3	127 27 11 4
116	172	0.0	3	139 22 5 6
117	159	0.0	3	126 20 8 5
118	174	0.0	3	140 20 6 8
119	142	0.0	3	102 23 13 4
120	122	0.0	3	92 17 6 7
121	152	0.0	3	108 28 11 5
122	123	0.0	3	75 26 9 13
123	186	0.0	3	144 24 11 7
124	135	0.0	3	109 15 6 5
125	83	0.0	3	65 7 6 5
126	96	0.0	3	75 17 2 2
127	92	0.0	3	71 8 8 5
128	114	0.0	3	87 8 12 7
129	116	0.0	3	91 13 9 3
130	433	0.0	3	343 55 27 8
131	1638	0.0	3	1103 329 126 80
132	169	0.0	3	140 19 4 6
133	156	0.0	3	119 14 18 5
134	714	0.0	3	631 64 15 4
135	259	0.0	3	228 17 7 7
136	151	0.0	3	134 15 2
137	325	0.0	3	288 31 6
138	413	0.0	3	379 23 7 4
139	258	0.0	3	233 22 3
140	296	0.0	3	266 21 5 4
141	760	0.0	3	694 50 14 2
142	364	0.0	3	338 22 0 4
143	513	0.0	3	472 30 6 5
144	638	0.0	3	592 42 3 1
145	607	0.0	3	559 38 6 4
146	857	0.0	3	768 72 9 8
147	666	0.0	3	593 57 8 8
148	602	0.0	3	528 55 17 2
149	672	0.0	3	443 136 56 37
150	35237	0.0	3	28312 4043 1874 1008

RUN STATISTICS FOR INPUT FILE: /vortexfs1/omics/tepolt/raw_reads/C_maenas/Cm_yrv_2023/5-074_R2_001.fastq.gz
=============================================
36764035 sequences processed in total
Sequences removed because they became shorter than the length cutoff of 20 bp:	51606 (0.1%)

