
SUMMARISING RUN PARAMETERS
==========================
Input filename: /vortexfs1/omics/tepolt/raw_reads/C_maenas/Cm_yrv_2023/5-075_R2_001.fastq.gz
Trimming mode: single-end
Trim Galore version: 0.6.6
Cutadapt version: 3.5
Python version: could not detect
Number of cores used for trimming: 8
Quality Phred score cutoff: 20
Quality encoding type selected: ASCII+33
Adapter sequence: 'AGATCGGAAGAGCGTCGTGTAGGGAAAGAGTGT' (user defined)
Maximum trimming error rate: 0.1 (default)
Minimum required adapter overlap (stringency): 1 bp
Minimum required sequence length before a sequence gets removed: 20 bp
Running FastQC on the data once trimming has completed
Running FastQC with the following extra arguments: --outdir /vortexfs1/scratch/yaamini.venkataraman/wc-green-crab/output/06b-trimgalore     --threads 28
Output file will be GZIP compressed


This is cutadapt 3.5 with Python 3.9.5
Command line parameters: -j 8 -e 0.1 -q 20 -O 1 -a AGATCGGAAGAGCGTCGTGTAGGGAAAGAGTGT /vortexfs1/omics/tepolt/raw_reads/C_maenas/Cm_yrv_2023/5-075_R2_001.fastq.gz
Processing reads on 8 cores in single-end mode ...
Finished in 61.98 s (2 µs/read; 27.02 M reads/minute).

=== Summary ===

Total reads processed:              27,906,937
Reads with adapters:                13,327,105 (47.8%)
Reads written (passing filters):    27,906,937 (100.0%)

Total basepairs processed: 4,186,040,550 bp
Quality-trimmed:               9,003,944 bp (0.2%)
Total written (filtered):  4,031,988,884 bp (96.3%)

=== Adapter 1 ===

Sequence: AGATCGGAAGAGCGTCGTGTAGGGAAAGAGTGT; Type: regular 3'; Length: 33; Trimmed: 13327105 times

Minimum overlap: 1
No. of allowed errors:
1-9 bp: 0; 10-19 bp: 1; 20-29 bp: 2; 30-33 bp: 3

Bases preceding removed adapters:
  A: 26.2%
  C: 28.1%
  G: 23.8%
  T: 21.8%
  none/other: 0.1%

Overview of removed sequences
length	count	expect	max.err	error counts
1	6249708	6976734.2	0	6249708
2	1575382	1744183.6	0	1575382
3	554006	436045.9	0	554006
4	233113	109011.5	0	233113
5	157412	27252.9	0	157412
6	136322	6813.2	0	136322
7	133480	1703.3	0	133480
8	124680	425.8	0	124680
9	121940	106.5	0	121470 470
10	121089	26.6	1	119025 2064
11	118888	6.7	1	116850 2038
12	123194	1.7	1	120725 2469
13	121789	0.4	1	119575 2214
14	126031	0.1	1	123072 2959
15	135182	0.0	1	131948 3234
16	116088	0.0	1	113062 3026
17	116811	0.0	1	112817 3994
18	112685	0.0	1	108721 3894 70
19	113884	0.0	1	109443 4361 80
20	127645	0.0	2	122430 4607 608
21	89252	0.0	2	84877 4000 375
22	94747	0.0	2	88602 5681 464
23	100977	0.0	2	93598 6752 627
24	106776	0.0	2	98329 7580 867
25	95392	0.0	2	88517 6232 643
26	95607	0.0	2	87710 7063 834
27	100735	0.0	2	91529 7842 1361 3
28	82680	0.0	2	75669 6014 939 58
29	81987	0.0	2	74538 6486 943 20
30	76143	0.0	3	68815 5980 1003 345
31	82962	0.0	3	73732 7182 1507 541
32	77394	0.0	3	69761 6476 888 269
33	83675	0.0	3	75210 6792 1249 424
34	70780	0.0	3	63210 6336 959 275
35	73644	0.0	3	67038 5518 817 271
36	76107	0.0	3	66946 7267 1369 525
37	75823	0.0	3	66428 7512 1419 464
38	67573	0.0	3	61264 5285 788 236
39	63519	0.0	3	56926 5501 845 247
40	65735	0.0	3	58155 6158 1050 372
41	57391	0.0	3	51074 5148 868 301
42	53859	0.0	3	49056 4095 548 160
43	56550	0.0	3	50272 5133 853 292
44	50019	0.0	3	44752 4427 640 200
45	57830	0.0	3	50411 5912 1129 378
46	46136	0.0	3	41222 4016 701 197
47	44271	0.0	3	39590 3878 620 183
48	48043	0.0	3	42524 4607 721 191
49	40979	0.0	3	36654 3579 574 172
50	37809	0.0	3	33767 3351 534 157
51	35772	0.0	3	31782 3281 544 165
52	36455	0.0	3	32081 3523 655 196
53	30452	0.0	3	27439 2586 335 92
54	30865	0.0	3	27425 2768 503 169
55	30822	0.0	3	27509 2667 482 164
56	26879	0.0	3	24379 2089 314 97
57	27698	0.0	3	24564 2489 478 167
58	30525	0.0	3	26904 2993 484 144
59	21138	0.0	3	18687 2033 323 95
60	22736	0.0	3	20280 2086 266 104
61	19184	0.0	3	17318 1576 215 75
62	19571	0.0	3	17422 1774 279 96
63	15853	0.0	3	14274 1333 187 59
64	17923	0.0	3	15867 1676 281 99
65	13363	0.0	3	12192 991 130 50
66	13408	0.0	3	11888 1247 201 72
67	13356	0.0	3	11863 1237 189 67
68	11086	0.0	3	9851 1017 158 60
69	8783	0.0	3	7837 795 117 34
70	11096	0.0	3	9734 1080 209 73
71	5834	0.0	3	5204 500 102 28
72	6905	0.0	3	6105 621 129 50
73	6836	0.0	3	5979 686 136 35
74	6635	0.0	3	5867 636 92 40
75	6951	0.0	3	6339 502 74 36
76	1995	0.0	3	1769 181 35 10
77	4069	0.0	3	3661 326 59 23
78	4130	0.0	3	3687 360 61 22
79	3780	0.0	3	3348 336 69 27
80	3484	0.0	3	3070 327 65 22
81	3193	0.0	3	2814 304 47 28
82	2817	0.0	3	2453 271 66 27
83	2498	0.0	3	2120 284 63 31
84	2354	0.0	3	2002 260 62 30
85	2140	0.0	3	1879 190 46 25
86	2051	0.0	3	1769 197 53 32
87	1942	0.0	3	1689 183 44 26
88	1750	0.0	3	1495 202 39 14
89	1622	0.0	3	1443 136 29 14
90	1495	0.0	3	1297 158 31 9
91	1389	0.0	3	1214 131 29 15
92	1291	0.0	3	1132 114 31 14
93	1057	0.0	3	900 125 19 13
94	990	0.0	3	853 95 23 19
95	973	0.0	3	843 90 22 18
96	829	0.0	3	702 94 19 14
97	727	0.0	3	629 74 20 4
98	695	0.0	3	596 79 8 12
99	745	0.0	3	645 74 16 10
100	643	0.0	3	552 62 15 14
101	521	0.0	3	426 61 22 12
102	484	0.0	3	394 57 20 13
103	514	0.0	3	428 53 17 16
104	436	0.0	3	354 58 16 8
105	408	0.0	3	320 59 25 4
106	348	0.0	3	280 50 11 7
107	361	0.0	3	302 38 10 11
108	341	0.0	3	282 39 14 6
109	335	0.0	3	268 47 10 10
110	388	0.0	3	317 43 17 11
111	298	0.0	3	250 29 11 8
112	279	0.0	3	217 34 15 13
113	199	0.0	3	155 28 7 9
114	233	0.0	3	188 32 8 5
115	219	0.0	3	160 39 16 4
116	203	0.0	3	147 34 15 7
117	207	0.0	3	153 36 12 6
118	220	0.0	3	166 42 5 7
119	189	0.0	3	122 37 15 15
120	182	0.0	3	128 35 17 2
121	185	0.0	3	131 35 9 10
122	179	0.0	3	124 36 15 4
123	135	0.0	3	102 18 11 4
124	111	0.0	3	92 9 5 5
125	96	0.0	3	77 12 2 5
126	88	0.0	3	68 12 4 4
127	112	0.0	3	75 23 9 5
128	109	0.0	3	73 21 10 5
129	98	0.0	3	69 17 8 4
130	1253	0.0	3	1119 95 24 15
131	3342	0.0	3	2234 707 268 133
132	152	0.0	3	113 27 11 1
133	102	0.0	3	68 23 8 3
134	315	0.0	3	277 28 8 2
135	153	0.0	3	133 16 2 2
136	109	0.0	3	92 14 2 1
137	154	0.0	3	127 20 6 1
138	299	0.0	3	278 11 8 2
139	140	0.0	3	115 14 6 5
140	193	0.0	3	172 17 4
141	342	0.0	3	304 29 6 3
142	217	0.0	3	186 20 8 3
143	290	0.0	3	264 21 5
144	282	0.0	3	260 20 1 1
145	283	0.0	3	256 19 5 3
146	395	0.0	3	353 28 13 1
147	354	0.0	3	315 28 5 6
148	445	0.0	3	377 53 10 5
149	531	0.0	3	296 172 47 16
150	17767	0.0	3	14583 1837 779 568

RUN STATISTICS FOR INPUT FILE: /vortexfs1/omics/tepolt/raw_reads/C_maenas/Cm_yrv_2023/5-075_R2_001.fastq.gz
=============================================
27906937 sequences processed in total
Sequences removed because they became shorter than the length cutoff of 20 bp:	30160 (0.1%)

