
SUMMARISING RUN PARAMETERS
==========================
Input filename: /vortexfs1/omics/tepolt/raw_reads/C_maenas/Cm_yrv_2023/5-073_R2_001.fastq.gz
Trimming mode: single-end
Trim Galore version: 0.6.6
Cutadapt version: 3.5
Python version: could not detect
Number of cores used for trimming: 8
Quality Phred score cutoff: 20
Quality encoding type selected: ASCII+33
Adapter sequence: 'AGATCGGAAGAGCGTCGTGTAGGGAAAGAGTGT' (user defined)
Maximum trimming error rate: 0.1 (default)
Minimum required adapter overlap (stringency): 1 bp
Minimum required sequence length before a sequence gets removed: 20 bp
Running FastQC on the data once trimming has completed
Running FastQC with the following extra arguments: --outdir /vortexfs1/scratch/yaamini.venkataraman/wc-green-crab/output/06b-trimgalore     --threads 28
Output file will be GZIP compressed


This is cutadapt 3.5 with Python 3.9.5
Command line parameters: -j 8 -e 0.1 -q 20 -O 1 -a AGATCGGAAGAGCGTCGTGTAGGGAAAGAGTGT /vortexfs1/omics/tepolt/raw_reads/C_maenas/Cm_yrv_2023/5-073_R2_001.fastq.gz
Processing reads on 8 cores in single-end mode ...
Finished in 67.38 s (2 µs/read; 31.19 M reads/minute).

=== Summary ===

Total reads processed:              35,029,787
Reads with adapters:                19,733,274 (56.3%)
Reads written (passing filters):    35,029,787 (100.0%)

Total basepairs processed: 5,254,468,050 bp
Quality-trimmed:              18,248,993 bp (0.3%)
Total written (filtered):  4,577,802,398 bp (87.1%)

=== Adapter 1 ===

Sequence: AGATCGGAAGAGCGTCGTGTAGGGAAAGAGTGT; Type: regular 3'; Length: 33; Trimmed: 19733274 times

Minimum overlap: 1
No. of allowed errors:
1-9 bp: 0; 10-19 bp: 1; 20-29 bp: 2; 30-33 bp: 3

Bases preceding removed adapters:
  A: 20.9%
  C: 25.3%
  G: 35.8%
  T: 17.9%
  none/other: 0.1%

Overview of removed sequences
length	count	expect	max.err	error counts
1	6395193	8757446.8	0	6395193
2	1596444	2189361.7	0	1596444
3	571229	547340.4	0	571229
4	261313	136835.1	0	261313
5	190317	34208.8	0	190317
6	164789	8552.2	0	164789
7	164129	2138.0	0	164129
8	151612	534.5	0	151612
9	146486	133.6	0	145903 583
10	149809	33.4	1	146690 3119
11	147367	8.4	1	144213 3154
12	153802	2.1	1	149885 3917
13	149234	0.5	1	146066 3168
14	153645	0.1	1	149441 4204
15	175995	0.0	1	170942 5053
16	149322	0.0	1	144789 4533
17	155264	0.0	1	148732 6532
18	150901	0.0	1	144490 6331 80
19	167870	0.0	1	159740 8015 115
20	152444	0.0	2	145237 6299 908
21	133170	0.0	2	125893 6514 763
22	135694	0.0	2	126978 7826 890
23	145904	0.0	2	134685 9434 1785
24	155735	0.0	2	142478 11359 1898
25	140055	0.0	2	129634 8978 1443
26	143353	0.0	2	130876 10763 1714
27	153945	0.0	2	138524 12384 3027 10
28	125853	0.0	2	114014 9585 2094 160
29	128156	0.0	2	115356 10820 1921 59
30	135179	0.0	3	119562 11930 2692 995
31	110710	0.0	3	100141 8424 1577 568
32	127478	0.0	3	111231 12577 2699 971
33	134272	0.0	3	119263 11790 2350 869
34	117587	0.0	3	103695 10987 2214 691
35	123742	0.0	3	110199 10401 2159 983
36	157978	0.0	3	134716 17772 4105 1385
37	122314	0.0	3	105900 12705 2727 982
38	127948	0.0	3	115801 10098 1597 452
39	90053	0.0	3	80942 7587 1158 366
40	108976	0.0	3	97231 9553 1659 533
41	109765	0.0	3	96873 10254 2002 636
42	114500	0.0	3	99304 11776 2590 830
43	112913	0.0	3	98976 11049 2182 706
44	99551	0.0	3	87937 9354 1658 602
45	139667	0.0	3	120236 15154 3236 1041
46	92130	0.0	3	80464 9116 1839 711
47	85521	0.0	3	75689 7895 1487 450
48	116132	0.0	3	101758 11483 2229 662
49	84453	0.0	3	75319 7536 1214 384
50	83724	0.0	3	74003 7785 1457 479
51	84433	0.0	3	74310 8072 1588 463
52	97536	0.0	3	85159 9775 1970 632
53	67509	0.0	3	60606 5646 924 333
54	81507	0.0	3	71388 7906 1656 557
55	81974	0.0	3	72948 7188 1406 432
56	71484	0.0	3	64158 5887 1063 376
57	88778	0.0	3	77050 9180 1850 698
58	105827	0.0	3	92949 10409 1916 553
59	64390	0.0	3	56494 6446 1104 346
60	81066	0.0	3	72211 7191 1244 420
61	54738	0.0	3	49369 4466 649 254
62	67450	0.0	3	60300 5879 957 314
63	50127	0.0	3	44823 4258 768 278
64	76056	0.0	3	68021 6549 1117 369
65	45184	0.0	3	41024 3452 520 188
66	56373	0.0	3	50309 4980 796 288
67	61592	0.0	3	54929 5477 904 282
68	47527	0.0	3	42340 4164 747 276
69	37485	0.0	3	33438 3283 571 193
70	67805	0.0	3	60543 5937 1010 315
71	17706	0.0	3	14865 2256 434 151
72	35303	0.0	3	31309 3167 620 207
73	39382	0.0	3	34674 3827 650 231
74	41589	0.0	3	36569 4085 703 232
75	44895	0.0	3	40864 3272 562 197
76	14957	0.0	3	13161 1469 240 87
77	27440	0.0	3	24924 2042 343 131
78	30611	0.0	3	27559 2501 409 142
79	28922	0.0	3	25806 2512 446 158
80	27505	0.0	3	24332 2490 504 179
81	26508	0.0	3	23239 2502 538 229
82	24735	0.0	3	21573 2380 515 267
83	22904	0.0	3	19509 2306 667 422
84	19861	0.0	3	17264 1970 434 193
85	18944	0.0	3	16520 1900 367 157
86	18921	0.0	3	16634 1794 360 133
87	19025	0.0	3	16712 1797 362 154
88	17607	0.0	3	15574 1559 337 137
89	16825	0.0	3	14777 1458 395 195
90	15051	0.0	3	13414 1254 254 129
91	14684	0.0	3	13008 1292 267 117
92	13144	0.0	3	11665 1143 241 95
93	11181	0.0	3	9866 1011 220 84
94	9847	0.0	3	8733 858 183 73
95	8460	0.0	3	7432 786 176 66
96	7675	0.0	3	6809 647 141 78
97	7192	0.0	3	6339 625 156 72
98	7208	0.0	3	6365 627 149 67
99	6731	0.0	3	5835 587 202 107
100	5983	0.0	3	5134 586 172 91
101	5314	0.0	3	4439 561 187 127
102	6408	0.0	3	4447 1057 589 315
103	4502	0.0	3	3494 571 251 186
104	3829	0.0	3	3069 465 174 121
105	3334	0.0	3	2642 405 176 111
106	3510	0.0	3	2531 493 297 189
107	4144	0.0	3	2868 631 401 244
108	7132	0.0	3	3045 1734 1356 997
109	2695	0.0	3	1937 366 229 163
110	3678	0.0	3	2032 728 531 387
111	2775	0.0	3	1692 483 352 248
112	3029	0.0	3	1553 608 503 365
113	2544	0.0	3	1284 512 438 310
114	2804	0.0	3	1549 517 415 323
115	3916	0.0	3	1352 986 878 700
116	4302	0.0	3	1468 1033 1000 801
117	3752	0.0	3	1234 927 902 689
118	3445	0.0	3	1183 907 810 545
119	4404	0.0	3	1401 1084 1087 832
120	11380	0.0	3	2288 3193 3301 2598
121	18855	0.0	3	3800 5747 5278 4030
122	9100	0.0	3	2957 2848 2085 1210
123	2991	0.0	3	1305 786 529 371
124	1355	0.0	3	674 271 223 187
125	1530	0.0	3	666 290 286 288
126	1558	0.0	3	516 321 348 373
127	1808	0.0	3	595 384 416 413
128	3762	0.0	3	728 872 1035 1127
129	4729	0.0	3	869 1235 1324 1301
130	43363	0.0	3	14002 10999 10073 8289
131	2518072	0.0	3	1509294 619274 257474 132030
132	7835	0.0	3	5393 1512 620 310
133	1952	0.0	3	1386 363 143 60
134	1194	0.0	3	989 138 45 22
135	1249	0.0	3	1008 168 48 25
136	444	0.0	3	374 55 11 4
137	455	0.0	3	382 52 13 8
138	862	0.0	3	779 64 12 7
139	542	0.0	3	478 49 13 2
140	484	0.0	3	439 35 8 2
141	950	0.0	3	851 76 15 8
142	531	0.0	3	496 30 4 1
143	715	0.0	3	648 52 6 9
144	717	0.0	3	652 57 5 3
145	825	0.0	3	747 64 10 4
146	895	0.0	3	808 69 12 6
147	889	0.0	3	788 65 23 13
148	812	0.0	3	707 74 16 15
149	824	0.0	3	588 133 56 47
150	23819	0.0	3	18696 2687 1230 1206

RUN STATISTICS FOR INPUT FILE: /vortexfs1/omics/tepolt/raw_reads/C_maenas/Cm_yrv_2023/5-073_R2_001.fastq.gz
=============================================
35029787 sequences processed in total
Sequences removed because they became shorter than the length cutoff of 20 bp:	2628064 (7.5%)

