
SUMMARISING RUN PARAMETERS
==========================
Input filename: /vortexfs1/omics/tepolt/raw_reads/C_maenas/Cm_yrv_2023/5-071_R2_001.fastq.gz
Trimming mode: single-end
Trim Galore version: 0.6.6
Cutadapt version: 3.5
Python version: could not detect
Number of cores used for trimming: 8
Quality Phred score cutoff: 20
Quality encoding type selected: ASCII+33
Adapter sequence: 'AGATCGGAAGAGCGTCGTGTAGGGAAAGAGTGT' (user defined)
Maximum trimming error rate: 0.1 (default)
Minimum required adapter overlap (stringency): 1 bp
Minimum required sequence length before a sequence gets removed: 20 bp
Running FastQC on the data once trimming has completed
Running FastQC with the following extra arguments: --outdir /vortexfs1/scratch/yaamini.venkataraman/wc-green-crab/output/06b-trimgalore     --threads 28
Output file will be GZIP compressed


This is cutadapt 3.5 with Python 3.9.5
Command line parameters: -j 8 -e 0.1 -q 20 -O 1 -a AGATCGGAAGAGCGTCGTGTAGGGAAAGAGTGT /vortexfs1/omics/tepolt/raw_reads/C_maenas/Cm_yrv_2023/5-071_R2_001.fastq.gz
Processing reads on 8 cores in single-end mode ...
Finished in 99.34 s (2 µs/read; 25.78 M reads/minute).

=== Summary ===

Total reads processed:              42,689,125
Reads with adapters:                19,200,627 (45.0%)
Reads written (passing filters):    42,689,125 (100.0%)

Total basepairs processed: 6,403,368,750 bp
Quality-trimmed:              17,687,121 bp (0.3%)
Total written (filtered):  6,222,721,698 bp (97.2%)

=== Adapter 1 ===

Sequence: AGATCGGAAGAGCGTCGTGTAGGGAAAGAGTGT; Type: regular 3'; Length: 33; Trimmed: 19200627 times

Minimum overlap: 1
No. of allowed errors:
1-9 bp: 0; 10-19 bp: 1; 20-29 bp: 2; 30-33 bp: 3

Bases preceding removed adapters:
  A: 28.7%
  C: 25.1%
  G: 23.3%
  T: 22.9%
  none/other: 0.1%

Overview of removed sequences
length	count	expect	max.err	error counts
1	10353620	10672281.2	0	10353620
2	2462805	2668070.3	0	2462805
3	809988	667017.6	0	809988
4	322857	166754.4	0	322857
5	196978	41688.6	0	196978
6	162791	10422.1	0	162791
7	161020	2605.5	0	161020
8	150035	651.4	0	150035
9	144138	162.8	0	143563 575
10	142692	40.7	1	139732 2960
11	138417	10.2	1	135544 2873
12	141956	2.5	1	138712 3244
13	136805	0.6	1	133854 2951
14	138808	0.2	1	135121 3687
15	155647	0.0	1	151446 4201
16	132318	0.0	1	128550 3768
17	136522	0.0	1	131124 5398
18	133001	0.0	1	127681 5229 91
19	139210	0.0	1	132723 6390 97
20	134098	0.0	2	128072 5319 707
21	111244	0.0	2	105564 5157 523
22	111118	0.0	2	104133 6274 711
23	120411	0.0	2	111756 7550 1105
24	121664	0.0	2	111954 8513 1197
25	111743	0.0	2	103756 7030 957
26	108296	0.0	2	99444 7777 1075
27	114855	0.0	2	104372 8739 1734 10
28	90261	0.0	2	82476 6474 1239 72
29	94857	0.0	2	85824 7730 1274 29
30	86251	0.0	3	76954 7348 1416 533
31	85944	0.0	3	77294 6994 1234 422
32	84519	0.0	3	75267 7503 1316 433
33	99026	0.0	3	86488 9268 2299 971
34	80666	0.0	3	71228 7535 1427 476
35	79542	0.0	3	71566 6560 1073 343
36	70083	0.0	3	63151 5857 858 217
37	75226	0.0	3	66924 6834 1142 326
38	74779	0.0	3	66991 6364 1089 335
39	70498	0.0	3	62106 6763 1210 419
40	68380	0.0	3	60625 6309 1111 335
41	58584	0.0	3	52708 4942 729 205
42	58155	0.0	3	52230 4842 822 261
43	59269	0.0	3	52510 5375 1063 321
44	52592	0.0	3	46989 4565 799 239
45	59454	0.0	3	51381 6356 1299 418
46	48363	0.0	3	42767 4446 849 301
47	44512	0.0	3	39797 3897 628 190
48	51237	0.0	3	45337 4768 845 287
49	40256	0.0	3	36068 3464 543 181
50	36491	0.0	3	32444 3285 563 199
51	34407	0.0	3	30555 3089 564 199
52	35564	0.0	3	31322 3402 619 221
53	29024	0.0	3	26101 2418 364 141
54	29231	0.0	3	25792 2746 512 181
55	28909	0.0	3	25733 2586 447 143
56	25305	0.0	3	22670 2104 382 149
57	25953	0.0	3	22755 2494 507 197
58	28226	0.0	3	24719 2790 545 172
59	21751	0.0	3	19084 2152 393 122
60	20347	0.0	3	18095 1849 302 101
61	16450	0.0	3	14797 1373 223 57
62	16910	0.0	3	15032 1519 269 90
63	14092	0.0	3	12620 1205 193 74
64	16227	0.0	3	14377 1537 225 88
65	11591	0.0	3	10498 899 148 46
66	11751	0.0	3	10427 1098 175 51
67	11316	0.0	3	10004 1051 194 67
68	9590	0.0	3	8560 833 150 47
69	7557	0.0	3	6749 657 109 42
70	10180	0.0	3	8908 1024 185 63
71	4542	0.0	3	4013 426 71 32
72	5608	0.0	3	4975 520 80 33
73	5843	0.0	3	5156 555 102 30
74	5497	0.0	3	4797 567 99 34
75	5473	0.0	3	5001 371 67 34
76	1600	0.0	3	1373 177 32 18
77	3571	0.0	3	3196 301 53 21
78	3435	0.0	3	3060 311 51 13
79	3204	0.0	3	2843 296 50 15
80	2984	0.0	3	2618 287 56 23
81	2712	0.0	3	2347 254 78 33
82	2416	0.0	3	2014 243 94 65
83	2272	0.0	3	1854 271 98 49
84	1958	0.0	3	1650 215 57 36
85	1774	0.0	3	1522 184 51 17
86	1702	0.0	3	1453 173 49 27
87	1677	0.0	3	1455 159 38 25
88	1504	0.0	3	1304 154 29 17
89	1483	0.0	3	1305 134 26 18
90	1224	0.0	3	1084 99 23 18
91	1194	0.0	3	1021 119 35 19
92	1159	0.0	3	1009 110 24 16
93	1001	0.0	3	854 108 33 6
94	817	0.0	3	707 86 12 12
95	732	0.0	3	634 63 22 13
96	638	0.0	3	556 58 14 10
97	660	0.0	3	573 61 14 12
98	614	0.0	3	505 69 28 12
99	742	0.0	3	586 86 47 23
100	565	0.0	3	460 70 27 8
101	490	0.0	3	409 58 14 9
102	534	0.0	3	426 61 28 19
103	478	0.0	3	393 55 20 10
104	412	0.0	3	338 44 19 11
105	426	0.0	3	342 51 22 11
106	375	0.0	3	293 52 18 12
107	699	0.0	3	576 86 25 12
108	423	0.0	3	298 71 36 18
109	343	0.0	3	271 46 10 16
110	328	0.0	3	252 39 22 15
111	282	0.0	3	216 34 23 9
112	266	0.0	3	204 27 18 17
113	238	0.0	3	175 33 14 16
114	308	0.0	3	244 36 15 13
115	205	0.0	3	136 29 24 16
116	233	0.0	3	153 32 29 19
117	228	0.0	3	160 33 23 12
118	225	0.0	3	161 32 17 15
119	195	0.0	3	117 32 32 14
120	263	0.0	3	122 63 47 31
121	474	0.0	3	180 118 90 86
122	229	0.0	3	134 54 28 13
123	115	0.0	3	82 19 7 7
124	109	0.0	3	72 23 8 6
125	90	0.0	3	59 13 7 11
126	94	0.0	3	65 12 10 7
127	98	0.0	3	65 13 13 7
128	135	0.0	3	72 21 29 13
129	165	0.0	3	77 41 31 16
130	1192	0.0	3	569 248 214 161
131	39148	0.0	3	24281 8836 3877 2154
132	279	0.0	3	200 47 18 14
133	150	0.0	3	103 31 12 4
134	235	0.0	3	200 24 8 3
135	144	0.0	3	118 15 8 3
136	108	0.0	3	96 10 2
137	102	0.0	3	85 9 5 3
138	212	0.0	3	189 20 3
139	122	0.0	3	106 13 1 2
140	166	0.0	3	146 15 4 1
141	283	0.0	3	256 23 3 1
142	156	0.0	3	144 9 3
143	220	0.0	3	190 20 4 6
144	282	0.0	3	259 18 5
145	298	0.0	3	268 24 5 1
146	387	0.0	3	356 23 5 3
147	326	0.0	3	284 34 2 6
148	364	0.0	3	320 25 13 6
149	402	0.0	3	218 136 37 11
150	12627	0.0	3	10518 1264 518 327

RUN STATISTICS FOR INPUT FILE: /vortexfs1/omics/tepolt/raw_reads/C_maenas/Cm_yrv_2023/5-071_R2_001.fastq.gz
=============================================
42689125 sequences processed in total
Sequences removed because they became shorter than the length cutoff of 20 bp:	68709 (0.2%)

