
SUMMARISING RUN PARAMETERS
==========================
Input filename: /vortexfs1/omics/tepolt/raw_reads/C_maenas/Cm_yrv_2023/5-121_R2_001.fastq.gz
Trimming mode: single-end
Trim Galore version: 0.6.6
Cutadapt version: 3.5
Python version: could not detect
Number of cores used for trimming: 8
Quality Phred score cutoff: 20
Quality encoding type selected: ASCII+33
Adapter sequence: 'AGATCGGAAGAGCGTCGTGTAGGGAAAGAGTGT' (user defined)
Maximum trimming error rate: 0.1 (default)
Minimum required adapter overlap (stringency): 1 bp
Minimum required sequence length before a sequence gets removed: 20 bp
Running FastQC on the data once trimming has completed
Running FastQC with the following extra arguments: --outdir /vortexfs1/scratch/yaamini.venkataraman/wc-green-crab/output/06b-trimgalore     --threads 28
Output file will be GZIP compressed


This is cutadapt 3.5 with Python 3.9.5
Command line parameters: -j 8 -e 0.1 -q 20 -O 1 -a AGATCGGAAGAGCGTCGTGTAGGGAAAGAGTGT /vortexfs1/omics/tepolt/raw_reads/C_maenas/Cm_yrv_2023/5-121_R2_001.fastq.gz
Processing reads on 8 cores in single-end mode ...
Finished in 88.70 s (2 µs/read; 26.82 M reads/minute).

=== Summary ===

Total reads processed:              39,640,472
Reads with adapters:                17,257,400 (43.5%)
Reads written (passing filters):    39,640,472 (100.0%)

Total basepairs processed: 5,946,070,800 bp
Quality-trimmed:              15,878,681 bp (0.3%)
Total written (filtered):  5,808,936,091 bp (97.7%)

=== Adapter 1 ===

Sequence: AGATCGGAAGAGCGTCGTGTAGGGAAAGAGTGT; Type: regular 3'; Length: 33; Trimmed: 17257400 times

Minimum overlap: 1
No. of allowed errors:
1-9 bp: 0; 10-19 bp: 1; 20-29 bp: 2; 30-33 bp: 3

Bases preceding removed adapters:
  A: 29.0%
  C: 25.2%
  G: 23.8%
  T: 22.0%
  none/other: 0.1%

Overview of removed sequences
length	count	expect	max.err	error counts
1	9767091	9910118.0	0	9767091
2	2391047	2477529.5	0	2391047
3	788767	619382.4	0	788767
4	293330	154845.6	0	293330
5	166791	38711.4	0	166791
6	132714	9677.8	0	132714
7	130957	2419.5	0	130957
8	121752	604.9	0	121752
9	115464	151.2	0	114805 659
10	115828	37.8	1	113419 2409
11	112272	9.5	1	109909 2363
12	115906	2.4	1	113274 2632
13	108399	0.6	1	106284 2115
14	110029	0.1	1	107298 2731
15	121851	0.0	1	118711 3140
16	104624	0.0	1	101634 2990
17	106802	0.0	1	102622 4180
18	103354	0.0	1	99224 4077 53
19	110422	0.0	1	105239 5122 61
20	100315	0.0	2	95862 3918 535
21	85061	0.0	2	80671 3951 439
22	86143	0.0	2	80682 4880 581
23	93128	0.0	2	86310 5908 910
24	95508	0.0	2	87523 6910 1075
25	86008	0.0	2	79756 5596 656
26	85012	0.0	2	77965 6153 894
27	90080	0.0	2	81501 7095 1476 8
28	73301	0.0	2	66794 5372 1058 77
29	73746	0.0	2	66622 6064 1027 33
30	68764	0.0	3	61158 5851 1270 485
31	64271	0.0	3	57899 5116 919 337
32	65449	0.0	3	57829 6080 1120 420
33	72495	0.0	3	64216 6402 1353 524
34	56367	0.0	3	49842 5211 995 319
35	60639	0.0	3	54049 5047 1063 480
36	100226	0.0	3	86801 10522 2245 658
37	34357	0.0	3	29355 3972 747 283
38	74055	0.0	3	66442 6308 1016 289
39	36621	0.0	3	32412 3547 521 141
40	55354	0.0	3	50255 4326 595 178
41	32340	0.0	3	29017 2800 400 123
42	39323	0.0	3	35701 3032 440 150
43	45163	0.0	3	40525 3795 642 201
44	34679	0.0	3	31171 2910 465 133
45	54202	0.0	3	48164 4880 844 314
46	27459	0.0	3	24161 2671 444 183
47	27422	0.0	3	24616 2323 382 101
48	40036	0.0	3	35767 3510 575 184
49	24865	0.0	3	22465 2030 283 87
50	24545	0.0	3	22075 2001 355 114
51	24317	0.0	3	21772 2076 348 121
52	27592	0.0	3	24593 2420 457 122
53	16211	0.0	3	14662 1266 211 72
54	21660	0.0	3	19284 1871 377 128
55	20211	0.0	3	18233 1597 303 78
56	16201	0.0	3	14632 1261 214 94
57	19036	0.0	3	16753 1793 358 132
58	20036	0.0	3	17944 1721 287 84
59	13008	0.0	3	11552 1180 202 74
60	11468	0.0	3	10303 949 143 73
61	10318	0.0	3	9327 825 109 57
62	14430	0.0	3	12961 1206 193 70
63	6380	0.0	3	5687 545 103 45
64	11727	0.0	3	10615 904 153 55
65	5765	0.0	3	5201 461 65 38
66	7238	0.0	3	6476 637 92 33
67	7628	0.0	3	6874 604 101 49
68	5269	0.0	3	4725 437 88 19
69	3722	0.0	3	3306 344 47 25
70	7282	0.0	3	6546 586 109 41
71	1558	0.0	3	1300 194 45 19
72	3538	0.0	3	3148 301 61 28
73	3752	0.0	3	3304 375 53 20
74	3816	0.0	3	3332 397 64 23
75	3890	0.0	3	3518 295 60 17
76	1162	0.0	3	987 136 23 16
77	1983	0.0	3	1762 170 36 15
78	2280	0.0	3	2036 187 31 26
79	2186	0.0	3	1921 215 30 20
80	1892	0.0	3	1677 171 26 18
81	1774	0.0	3	1537 177 44 16
82	1550	0.0	3	1363 142 39 6
83	1390	0.0	3	1200 134 36 20
84	1268	0.0	3	1074 139 37 18
85	1180	0.0	3	1015 126 27 12
86	1177	0.0	3	1004 119 37 17
87	1080	0.0	3	924 106 24 26
88	945	0.0	3	802 103 28 12
89	978	0.0	3	870 80 22 6
90	864	0.0	3	763 68 20 13
91	827	0.0	3	711 70 27 19
92	747	0.0	3	632 79 21 15
93	668	0.0	3	570 61 21 16
94	639	0.0	3	527 75 22 15
95	523	0.0	3	440 50 23 10
96	478	0.0	3	400 47 19 12
97	479	0.0	3	405 42 17 15
98	536	0.0	3	441 55 20 20
99	533	0.0	3	439 59 20 15
100	448	0.0	3	374 48 15 11
101	420	0.0	3	352 35 24 9
102	362	0.0	3	304 39 11 8
103	343	0.0	3	284 28 21 10
104	268	0.0	3	225 26 11 6
105	254	0.0	3	208 32 8 6
106	312	0.0	3	254 31 18 9
107	333	0.0	3	275 33 12 13
108	261	0.0	3	195 42 12 12
109	234	0.0	3	183 31 14 6
110	255	0.0	3	200 33 14 8
111	226	0.0	3	177 24 13 12
112	207	0.0	3	157 27 14 9
113	176	0.0	3	136 27 10 3
114	213	0.0	3	175 24 10 4
115	134	0.0	3	100 20 7 7
116	152	0.0	3	122 14 8 8
117	142	0.0	3	103 22 9 8
118	143	0.0	3	115 13 9 6
119	129	0.0	3	96 21 9 3
120	134	0.0	3	103 21 7 3
121	140	0.0	3	100 22 13 5
122	103	0.0	3	76 13 7 7
123	107	0.0	3	81 16 6 4
124	90	0.0	3	73 6 9 2
125	66	0.0	3	48 13 1 4
126	62	0.0	3	45 10 6 1
127	74	0.0	3	54 8 7 5
128	65	0.0	3	47 6 4 8
129	82	0.0	3	66 9 5 2
130	172	0.0	3	121 17 19 15
131	1918	0.0	3	1218 427 186 87
132	92	0.0	3	74 10 3 5
133	88	0.0	3	68 10 5 5
134	220	0.0	3	194 23 2 1
135	101	0.0	3	88 10 1 2
136	102	0.0	3	93 7 2
137	102	0.0	3	92 9 1
138	160	0.0	3	144 14 2
139	141	0.0	3	130 6 3 2
140	162	0.0	3	149 11 1 1
141	277	0.0	3	256 13 5 3
142	190	0.0	3	173 14 2 1
143	241	0.0	3	211 21 6 3
144	310	0.0	3	293 12 5
145	276	0.0	3	252 20 3 1
146	411	0.0	3	373 28 9 1
147	380	0.0	3	351 24 4 1
148	317	0.0	3	284 28 4 1
149	229	0.0	3	149 42 25 13
150	8050	0.0	3	6280 1073 432 265

RUN STATISTICS FOR INPUT FILE: /vortexfs1/omics/tepolt/raw_reads/C_maenas/Cm_yrv_2023/5-121_R2_001.fastq.gz
=============================================
39640472 sequences processed in total
Sequences removed because they became shorter than the length cutoff of 20 bp:	21231 (0.1%)

