
SUMMARISING RUN PARAMETERS
==========================
Input filename: /vortexfs1/omics/tepolt/raw_reads/C_maenas/Cm_yrv_2023/5-125_R2_001.fastq.gz
Trimming mode: single-end
Trim Galore version: 0.6.6
Cutadapt version: 3.5
Python version: could not detect
Number of cores used for trimming: 8
Quality Phred score cutoff: 20
Quality encoding type selected: ASCII+33
Adapter sequence: 'AGATCGGAAGAGCGTCGTGTAGGGAAAGAGTGT' (user defined)
Maximum trimming error rate: 0.1 (default)
Minimum required adapter overlap (stringency): 1 bp
Minimum required sequence length before a sequence gets removed: 20 bp
Running FastQC on the data once trimming has completed
Running FastQC with the following extra arguments: --outdir /vortexfs1/scratch/yaamini.venkataraman/wc-green-crab/output/06b-trimgalore     --threads 28
Output file will be GZIP compressed


This is cutadapt 3.5 with Python 3.9.5
Command line parameters: -j 8 -e 0.1 -q 20 -O 1 -a AGATCGGAAGAGCGTCGTGTAGGGAAAGAGTGT /vortexfs1/omics/tepolt/raw_reads/C_maenas/Cm_yrv_2023/5-125_R2_001.fastq.gz
Processing reads on 8 cores in single-end mode ...
Finished in 78.33 s (2 µs/read; 29.58 M reads/minute).

=== Summary ===

Total reads processed:              38,616,225
Reads with adapters:                20,760,223 (53.8%)
Reads written (passing filters):    38,616,225 (100.0%)

Total basepairs processed: 5,792,433,750 bp
Quality-trimmed:              12,425,965 bp (0.2%)
Total written (filtered):  5,469,484,962 bp (94.4%)

=== Adapter 1 ===

Sequence: AGATCGGAAGAGCGTCGTGTAGGGAAAGAGTGT; Type: regular 3'; Length: 33; Trimmed: 20760223 times

Minimum overlap: 1
No. of allowed errors:
1-9 bp: 0; 10-19 bp: 1; 20-29 bp: 2; 30-33 bp: 3

Bases preceding removed adapters:
  A: 26.3%
  C: 26.6%
  G: 25.6%
  T: 21.4%
  none/other: 0.2%

Overview of removed sequences
length	count	expect	max.err	error counts
1	8282778	9654056.2	0	8282778
2	1948087	2413514.1	0	1948087
3	715069	603378.5	0	715069
4	337163	150844.6	0	337163
5	250065	37711.2	0	250065
6	220321	9427.8	0	220321
7	221794	2356.9	0	221794
8	200516	589.2	0	200516
9	192789	147.3	0	192131 658
10	193699	36.8	1	190534 3165
11	189073	9.2	1	185677 3396
12	199083	2.3	1	195012 4071
13	200183	0.6	1	196497 3686
14	207303	0.1	1	202447 4856
15	239302	0.0	1	233593 5709
16	204571	0.0	1	199028 5543
17	210934	0.0	1	203245 7689
18	203190	0.0	1	195610 7488 92
19	221480	0.0	1	212090 9251 139
20	212705	0.0	2	204028 7702 975
21	174361	0.0	2	165760 7887 714
22	176482	0.0	2	166093 9507 882
23	194917	0.0	2	181657 11753 1507
24	206291	0.0	2	190669 13732 1890
25	189845	0.0	2	177106 11368 1371
26	188832	0.0	2	174109 13005 1718
27	203100	0.0	2	185023 14982 3086 9
28	169294	0.0	2	155030 11899 2210 155
29	164923	0.0	2	150255 12705 1898 65
30	160434	0.0	3	144176 12617 2633 1008
31	159421	0.0	3	144193 12152 2291 785
32	158858	0.0	3	142321 13549 2219 769
33	162489	0.0	3	147229 12349 2107 804
34	176717	0.0	3	152317 18159 4329 1912
35	184104	0.0	3	165275 15124 2814 891
36	146234	0.0	3	130717 12572 2158 787
37	149142	0.0	3	134011 12574 1967 590
38	162154	0.0	3	146149 13158 2145 702
39	145693	0.0	3	130206 12741 2106 640
40	150895	0.0	3	134610 13453 2142 690
41	147657	0.0	3	130726 13581 2494 856
42	120097	0.0	3	109497 9016 1214 370
43	130913	0.0	3	117250 11126 1927 610
44	123795	0.0	3	111182 10547 1587 479
45	142080	0.0	3	124258 14058 2719 1045
46	114874	0.0	3	102447 10077 1788 562
47	111455	0.0	3	100171 9393 1429 462
48	125596	0.0	3	111634 11448 1912 602
49	106031	0.0	3	95329 8946 1355 401
50	94275	0.0	3	84564 7983 1298 430
51	90770	0.0	3	80892 7990 1435 453
52	95817	0.0	3	84643 9018 1617 539
53	78916	0.0	3	71612 6116 887 301
54	80261	0.0	3	71510 7055 1278 418
55	82254	0.0	3	73626 6968 1234 426
56	71421	0.0	3	64758 5464 890 309
57	78932	0.0	3	69752 7285 1415 480
58	86996	0.0	3	77407 7825 1330 434
59	56884	0.0	3	50821 5005 792 266
60	64131	0.0	3	57505 5490 859 277
61	54671	0.0	3	49616 4233 628 194
62	55818	0.0	3	50081 4779 739 219
63	42546	0.0	3	38607 3262 489 188
64	50486	0.0	3	45268 4271 732 215
65	38990	0.0	3	35641 2766 431 152
66	39438	0.0	3	35437 3320 517 164
67	39435	0.0	3	35309 3390 556 180
68	32635	0.0	3	29322 2741 448 124
69	26060	0.0	3	23609 2073 277 101
70	32326	0.0	3	28806 2844 516 160
71	15861	0.0	3	14254 1330 199 78
72	18815	0.0	3	16853 1634 241 87
73	19014	0.0	3	16914 1720 294 86
74	18688	0.0	3	16692 1673 250 73
75	18685	0.0	3	17155 1270 206 54
76	5705	0.0	3	5013 584 78 30
77	11245	0.0	3	10300 769 132 44
78	11347	0.0	3	10277 870 143 57
79	10108	0.0	3	9086 828 144 50
80	9215	0.0	3	8289 734 130 62
81	8292	0.0	3	7427 692 126 47
82	7484	0.0	3	6687 632 118 47
83	6267	0.0	3	5554 579 97 37
84	5552	0.0	3	4919 471 111 51
85	5037	0.0	3	4502 424 86 25
86	5027	0.0	3	4459 457 77 34
87	4698	0.0	3	4107 455 90 46
88	4250	0.0	3	3778 378 73 21
89	3840	0.0	3	3488 276 52 24
90	3811	0.0	3	3417 322 55 17
91	3591	0.0	3	3215 298 49 29
92	3325	0.0	3	2966 286 49 24
93	2883	0.0	3	2595 223 47 18
94	2381	0.0	3	2140 187 35 19
95	2015	0.0	3	1785 182 32 16
96	1830	0.0	3	1634 148 30 18
97	1734	0.0	3	1557 135 31 11
98	1645	0.0	3	1467 132 32 14
99	1559	0.0	3	1351 154 33 21
100	1327	0.0	3	1188 104 24 11
101	1147	0.0	3	1011 95 23 18
102	970	0.0	3	853 83 29 5
103	1008	0.0	3	891 84 25 8
104	831	0.0	3	725 78 21 7
105	746	0.0	3	653 60 20 13
106	661	0.0	3	574 55 27 5
107	756	0.0	3	652 76 19 9
108	636	0.0	3	565 50 15 6
109	585	0.0	3	505 53 18 9
110	533	0.0	3	476 41 14 2
111	490	0.0	3	436 38 7 9
112	418	0.0	3	352 46 13 7
113	373	0.0	3	331 32 4 6
114	378	0.0	3	327 36 12 3
115	296	0.0	3	248 35 7 6
116	320	0.0	3	268 23 21 8
117	247	0.0	3	208 21 13 5
118	278	0.0	3	242 22 11 3
119	225	0.0	3	198 24 3
120	213	0.0	3	161 34 11 7
121	189	0.0	3	154 17 11 7
122	169	0.0	3	135 22 5 7
123	216	0.0	3	175 26 11 4
124	128	0.0	3	109 10 4 5
125	112	0.0	3	96 7 6 3
126	96	0.0	3	74 9 7 6
127	133	0.0	3	108 16 7 2
128	117	0.0	3	89 16 8 4
129	142	0.0	3	106 19 9 8
130	433	0.0	3	374 39 14 6
131	999	0.0	3	600 245 100 54
132	155	0.0	3	122 20 6 7
133	170	0.0	3	124 25 16 5
134	587	0.0	3	527 49 9 2
135	232	0.0	3	195 26 8 3
136	174	0.0	3	149 18 6 1
137	288	0.0	3	262 19 4 3
138	691	0.0	3	650 33 6 2
139	275	0.0	3	249 17 6 3
140	354	0.0	3	322 26 5 1
141	758	0.0	3	700 49 9
142	374	0.0	3	337 29 6 2
143	563	0.0	3	522 33 7 1
144	548	0.0	3	509 36 2 1
145	492	0.0	3	451 34 6 1
146	723	0.0	3	663 45 10 5
147	707	0.0	3	644 52 8 3
148	859	0.0	3	774 71 4 10
149	571	0.0	3	443 80 31 17
150	32775	0.0	3	28706 2595 818 656

RUN STATISTICS FOR INPUT FILE: /vortexfs1/omics/tepolt/raw_reads/C_maenas/Cm_yrv_2023/5-125_R2_001.fastq.gz
=============================================
38616225 sequences processed in total
Sequences removed because they became shorter than the length cutoff of 20 bp:	48746 (0.1%)

