
SUMMARISING RUN PARAMETERS
==========================
Input filename: /vortexfs1/omics/tepolt/raw_reads/C_maenas/Cm_yrv_2023/5-126_R2_001.fastq.gz
Trimming mode: single-end
Trim Galore version: 0.6.6
Cutadapt version: 3.5
Python version: could not detect
Number of cores used for trimming: 8
Quality Phred score cutoff: 20
Quality encoding type selected: ASCII+33
Adapter sequence: 'AGATCGGAAGAGCGTCGTGTAGGGAAAGAGTGT' (user defined)
Maximum trimming error rate: 0.1 (default)
Minimum required adapter overlap (stringency): 1 bp
Minimum required sequence length before a sequence gets removed: 20 bp
Running FastQC on the data once trimming has completed
Running FastQC with the following extra arguments: --outdir /vortexfs1/scratch/yaamini.venkataraman/wc-green-crab/output/06b-trimgalore     --threads 28
Output file will be GZIP compressed


This is cutadapt 3.5 with Python 3.9.5
Command line parameters: -j 8 -e 0.1 -q 20 -O 1 -a AGATCGGAAGAGCGTCGTGTAGGGAAAGAGTGT /vortexfs1/omics/tepolt/raw_reads/C_maenas/Cm_yrv_2023/5-126_R2_001.fastq.gz
Processing reads on 8 cores in single-end mode ...
Finished in 95.05 s (2 µs/read; 27.60 M reads/minute).

=== Summary ===

Total reads processed:              43,719,491
Reads with adapters:                23,145,120 (52.9%)
Reads written (passing filters):    43,719,491 (100.0%)

Total basepairs processed: 6,557,923,650 bp
Quality-trimmed:              19,105,646 bp (0.3%)
Total written (filtered):  6,083,143,920 bp (92.8%)

=== Adapter 1 ===

Sequence: AGATCGGAAGAGCGTCGTGTAGGGAAAGAGTGT; Type: regular 3'; Length: 33; Trimmed: 23145120 times

Minimum overlap: 1
No. of allowed errors:
1-9 bp: 0; 10-19 bp: 1; 20-29 bp: 2; 30-33 bp: 3

Bases preceding removed adapters:
  A: 22.9%
  C: 30.3%
  G: 27.0%
  T: 19.7%
  none/other: 0.2%

Overview of removed sequences
length	count	expect	max.err	error counts
1	8300126	10929872.8	0	8300126
2	2147282	2732468.2	0	2147282
3	784985	683117.0	0	784985
4	360925	170779.3	0	360925
5	257551	42694.8	0	257551
6	226983	10673.7	0	226983
7	227096	2668.4	0	227096
8	211389	667.1	0	211389
9	208327	166.8	0	207611 716
10	212365	41.7	1	208567 3798
11	208443	10.4	1	204537 3906
12	215690	2.6	1	211181 4509
13	211851	0.7	1	207547 4304
14	216189	0.2	1	210698 5491
15	237747	0.0	1	231572 6175
16	209762	0.0	1	203689 6073
17	217018	0.0	1	208771 8247
18	211074	0.0	1	202864 8111 99
19	227919	0.0	1	217465 10334 120
20	216975	0.0	2	207222 8559 1194
21	187094	0.0	2	177400 8815 879
22	191344	0.0	2	179616 10612 1116
23	200630	0.0	2	186732 12142 1756
24	215858	0.0	2	198607 15028 2223
25	192797	0.0	2	179131 12077 1589
26	197301	0.0	2	181276 13975 2050
27	213356	0.0	2	193310 16428 3605 13
28	175777	0.0	2	160331 12714 2531 201
29	176252	0.0	2	160017 13938 2226 71
30	174593	0.0	3	156069 14252 3113 1159
31	167679	0.0	3	151353 13002 2446 878
32	173623	0.0	3	154808 15234 2651 930
33	172420	0.0	3	155891 13051 2441 1037
34	190806	0.0	3	163042 20003 5358 2403
35	194132	0.0	3	173454 16291 3224 1163
36	151487	0.0	3	134684 13372 2519 912
37	159396	0.0	3	142677 13752 2253 714
38	168546	0.0	3	151437 13956 2408 745
39	156951	0.0	3	139283 14316 2531 821
40	159473	0.0	3	141554 14619 2520 780
41	159605	0.0	3	140390 15243 3026 946
42	134256	0.0	3	121962 10330 1495 469
43	146790	0.0	3	130863 12905 2285 737
44	139146	0.0	3	124472 12100 1955 619
45	159027	0.0	3	137991 16468 3410 1158
46	134880	0.0	3	119542 12240 2261 837
47	127916	0.0	3	113995 11449 1866 606
48	143341	0.0	3	126955 13235 2378 773
49	122951	0.0	3	110061 10737 1638 515
50	115263	0.0	3	102941 10028 1682 612
51	114223	0.0	3	101253 10381 1906 683
52	120064	0.0	3	106074 11158 2139 693
53	101330	0.0	3	91512 8104 1268 446
54	105738	0.0	3	93925 9488 1687 638
55	110320	0.0	3	98299 9560 1838 623
56	97501	0.0	3	88211 7571 1300 419
57	110515	0.0	3	96922 10595 2193 805
58	127938	0.0	3	112620 12248 2361 709
59	83221	0.0	3	73750 7770 1292 409
60	96681	0.0	3	86137 8612 1430 502
61	88740	0.0	3	80182 7093 1145 320
62	86052	0.0	3	77094 7275 1301 382
63	73092	0.0	3	66153 5718 880 341
64	90550	0.0	3	80752 8051 1337 410
65	70039	0.0	3	63862 5173 775 229
66	76886	0.0	3	68820 6650 1094 322
67	78140	0.0	3	69774 6908 1104 354
68	69490	0.0	3	62351 5849 939 351
69	58158	0.0	3	52578 4616 737 227
70	80415	0.0	3	71401 7309 1284 421
71	37926	0.0	3	33707 3449 571 199
72	50985	0.0	3	45518 4463 746 258
73	54868	0.0	3	48731 5105 780 252
74	57467	0.0	3	51485 5021 710 251
75	58911	0.0	3	54265 3811 619 216
76	17011	0.0	3	14806 1817 272 116
77	39867	0.0	3	36482 2782 447 156
78	41277	0.0	3	37432 3156 504 185
79	38837	0.0	3	35021 3120 529 167
80	37449	0.0	3	33555 3128 563 203
81	35717	0.0	3	31824 3091 555 247
82	33377	0.0	3	29615 2873 605 284
83	29986	0.0	3	26277 2754 584 371
84	27556	0.0	3	24473 2452 443 188
85	25885	0.0	3	23039 2301 373 172
86	25465	0.0	3	22703 2224 397 141
87	25274	0.0	3	22558 2218 355 143
88	23980	0.0	3	21464 2030 371 115
89	23047	0.0	3	20857 1686 359 145
90	20734	0.0	3	18748 1609 268 109
91	19459	0.0	3	17535 1527 293 104
92	18004	0.0	3	16250 1406 258 90
93	14762	0.0	3	13277 1188 228 69
94	13760	0.0	3	12384 1105 208 63
95	11572	0.0	3	10391 945 170 66
96	10606	0.0	3	9553 845 153 55
97	10084	0.0	3	9112 783 142 47
98	9969	0.0	3	8967 784 152 66
99	9171	0.0	3	8245 713 140 73
100	8278	0.0	3	7449 635 138 56
101	7044	0.0	3	6268 590 127 59
102	6006	0.0	3	5242 539 138 87
103	5191	0.0	3	4605 436 95 55
104	4625	0.0	3	4150 338 86 51
105	3830	0.0	3	3409 310 63 48
106	3679	0.0	3	3270 286 86 37
107	4057	0.0	3	3521 386 99 51
108	3625	0.0	3	2964 412 150 99
109	3001	0.0	3	2641 252 67 41
110	2727	0.0	3	2304 297 86 40
111	2302	0.0	3	1929 240 83 50
112	1981	0.0	3	1673 217 57 34
113	1610	0.0	3	1336 179 58 37
114	1526	0.0	3	1281 160 52 33
115	1358	0.0	3	1027 174 93 64
116	1379	0.0	3	1037 190 88 64
117	1159	0.0	3	846 180 84 49
118	1235	0.0	3	949 166 72 48
119	1204	0.0	3	829 212 85 78
120	1944	0.0	3	917 449 372 206
121	2008	0.0	3	859 504 381 264
122	1252	0.0	3	680 301 178 93
123	746	0.0	3	561 94 56 35
124	461	0.0	3	357 50 26 28
125	405	0.0	3	312 41 27 25
126	421	0.0	3	282 68 34 37
127	457	0.0	3	297 68 45 47
128	652	0.0	3	345 111 97 99
129	715	0.0	3	373 119 115 108
130	4816	0.0	3	2278 963 851 724
131	233723	0.0	3	149874 51964 20931 10954
132	1578	0.0	3	1161 263 93 61
133	718	0.0	3	556 108 35 19
134	1309	0.0	3	1135 132 27 15
135	714	0.0	3	585 89 27 13
136	433	0.0	3	382 40 7 4
137	599	0.0	3	529 53 11 6
138	1334	0.0	3	1207 96 23 8
139	603	0.0	3	553 37 10 3
140	696	0.0	3	644 44 5 3
141	1466	0.0	3	1350 93 19 4
142	770	0.0	3	706 55 8 1
143	1057	0.0	3	950 83 17 7
144	1205	0.0	3	1113 74 11 7
145	1081	0.0	3	992 66 17 6
146	1450	0.0	3	1326 102 14 8
147	1310	0.0	3	1210 74 18 8
148	1597	0.0	3	1445 124 15 13
149	1213	0.0	3	901 213 60 39
150	38084	0.0	3	32478 3399 1152 1055

RUN STATISTICS FOR INPUT FILE: /vortexfs1/omics/tepolt/raw_reads/C_maenas/Cm_yrv_2023/5-126_R2_001.fastq.gz
=============================================
43719491 sequences processed in total
Sequences removed because they became shorter than the length cutoff of 20 bp:	309743 (0.7%)

