
SUMMARISING RUN PARAMETERS
==========================
Input filename: /vortexfs1/omics/tepolt/raw_reads/C_maenas/Cm_yrv_2023/5-128_R2_001.fastq.gz
Trimming mode: single-end
Trim Galore version: 0.6.6
Cutadapt version: 3.5
Python version: could not detect
Number of cores used for trimming: 8
Quality Phred score cutoff: 20
Quality encoding type selected: ASCII+33
Adapter sequence: 'AGATCGGAAGAGCGTCGTGTAGGGAAAGAGTGT' (user defined)
Maximum trimming error rate: 0.1 (default)
Minimum required adapter overlap (stringency): 1 bp
Minimum required sequence length before a sequence gets removed: 20 bp
Running FastQC on the data once trimming has completed
Running FastQC with the following extra arguments: --outdir /vortexfs1/scratch/yaamini.venkataraman/wc-green-crab/output/06b-trimgalore     --threads 28
Output file will be GZIP compressed


This is cutadapt 3.5 with Python 3.9.5
Command line parameters: -j 8 -e 0.1 -q 20 -O 1 -a AGATCGGAAGAGCGTCGTGTAGGGAAAGAGTGT /vortexfs1/omics/tepolt/raw_reads/C_maenas/Cm_yrv_2023/5-128_R2_001.fastq.gz
Processing reads on 8 cores in single-end mode ...
Finished in 95.72 s (2 µs/read; 25.61 M reads/minute).

=== Summary ===

Total reads processed:              40,849,640
Reads with adapters:                20,839,754 (51.0%)
Reads written (passing filters):    40,849,640 (100.0%)

Total basepairs processed: 6,127,446,000 bp
Quality-trimmed:              34,592,159 bp (0.6%)
Total written (filtered):  5,812,313,266 bp (94.9%)

=== Adapter 1 ===

Sequence: AGATCGGAAGAGCGTCGTGTAGGGAAAGAGTGT; Type: regular 3'; Length: 33; Trimmed: 20839754 times

Minimum overlap: 1
No. of allowed errors:
1-9 bp: 0; 10-19 bp: 1; 20-29 bp: 2; 30-33 bp: 3

Bases preceding removed adapters:
  A: 23.8%
  C: 29.1%
  G: 27.8%
  T: 19.2%
  none/other: 0.1%

Overview of removed sequences
length	count	expect	max.err	error counts
1	8327448	10212410.0	0	8327448
2	2214899	2553102.5	0	2214899
3	821359	638275.6	0	821359
4	372141	159568.9	0	372141
5	270812	39892.2	0	270812
6	237929	9973.1	0	237929
7	236478	2493.3	0	236478
8	226679	623.3	0	226679
9	217943	155.8	0	217120 823
10	220120	39.0	1	215668 4452
11	214529	9.7	1	210014 4515
12	221636	2.4	1	216254 5382
13	211845	0.6	1	207325 4520
14	218371	0.2	1	212262 6109
15	241370	0.0	1	234472 6898
16	211417	0.0	1	204731 6686
17	218367	0.0	1	209347 9020
18	213063	0.0	1	203976 8965 122
19	228020	0.0	1	216905 10930 185
20	213974	0.0	2	203863 8835 1276
21	186093	0.0	2	176026 9101 966
22	187838	0.0	2	175389 11106 1343
23	199862	0.0	2	184866 13024 1972
24	202877	0.0	2	185879 14775 2223
25	193980	0.0	2	179241 13001 1738
26	190599	0.0	2	174279 14070 2250
27	209254	0.0	2	189456 16319 3470 9
28	167229	0.0	2	152471 12256 2387 115
29	166856	0.0	2	150925 13609 2252 70
30	162661	0.0	3	144637 13902 2967 1155
31	154022	0.0	3	138356 12345 2444 877
32	157709	0.0	3	139453 14523 2761 972
33	164106	0.0	3	145651 14083 3050 1322
34	165529	0.0	3	145885 15760 2969 915
35	135960	0.0	3	123490 10414 1576 480
36	154086	0.0	3	135359 14527 3004 1196
37	140546	0.0	3	124794 12686 2234 832
38	150631	0.0	3	133281 13810 2611 929
39	166014	0.0	3	145860 15934 3094 1126
40	104257	0.0	3	92246 9616 1751 644
41	118211	0.0	3	104581 10767 1998 865
42	112477	0.0	3	101344 9208 1440 485
43	117615	0.0	3	103827 10923 2075 790
44	104566	0.0	3	93438 9105 1493 530
45	121750	0.0	3	105251 12755 2705 1039
46	98487	0.0	3	86627 9479 1707 674
47	91796	0.0	3	81740 8181 1393 482
48	103220	0.0	3	91026 9758 1735 701
49	85597	0.0	3	76370 7622 1186 419
50	78044	0.0	3	69329 7015 1241 459
51	75338	0.0	3	66495 7032 1344 467
52	75532	0.0	3	66255 7332 1418 527
53	63092	0.0	3	56649 5322 802 319
54	64167	0.0	3	56583 5998 1143 443
55	64337	0.0	3	56987 5770 1137 443
56	54123	0.0	3	48616 4411 814 282
57	56254	0.0	3	49611 5204 1006 433
58	64061	0.0	3	55920 6480 1231 430
59	44426	0.0	3	39134 4280 755 257
60	44207	0.0	3	39429 3868 676 234
61	37767	0.0	3	33930 3141 511 185
62	38785	0.0	3	34434 3558 569 224
63	30498	0.0	3	27337 2580 428 153
64	36972	0.0	3	32667 3458 608 239
65	24720	0.0	3	22493 1844 289 94
66	26754	0.0	3	23685 2475 459 135
67	25804	0.0	3	22882 2346 425 151
68	21482	0.0	3	19132 1907 325 118
69	17856	0.0	3	15970 1569 226 91
70	23256	0.0	3	20385 2300 425 146
71	10070	0.0	3	8907 915 182 66
72	13033	0.0	3	11544 1208 208 73
73	13292	0.0	3	11620 1348 226 98
74	13339	0.0	3	11831 1237 194 77
75	13229	0.0	3	12072 948 152 57
76	3597	0.0	3	3120 408 47 22
77	7854	0.0	3	7101 607 104 42
78	8116	0.0	3	7275 667 120 54
79	7295	0.0	3	6499 616 122 58
80	6459	0.0	3	5724 561 127 47
81	5961	0.0	3	5242 544 120 55
82	5216	0.0	3	4565 503 100 48
83	4651	0.0	3	3973 519 112 47
84	4106	0.0	3	3613 366 78 49
85	3824	0.0	3	3333 371 87 33
86	3786	0.0	3	3261 401 87 37
87	3507	0.0	3	3097 322 61 27
88	3169	0.0	3	2772 306 60 31
89	2940	0.0	3	2656 208 51 25
90	2749	0.0	3	2414 256 53 26
91	2541	0.0	3	2232 248 31 30
92	2211	0.0	3	1953 193 39 26
93	1963	0.0	3	1734 165 44 20
94	1795	0.0	3	1597 157 29 12
95	1617	0.0	3	1420 152 31 14
96	1349	0.0	3	1186 126 27 10
97	1510	0.0	3	1308 149 39 14
98	1366	0.0	3	1201 119 31 15
99	1251	0.0	3	1091 112 31 17
100	1120	0.0	3	964 112 30 14
101	1001	0.0	3	885 80 23 13
102	897	0.0	3	788 70 18 21
103	879	0.0	3	749 88 26 16
104	749	0.0	3	634 78 26 11
105	691	0.0	3	587 69 22 13
106	698	0.0	3	597 67 23 11
107	719	0.0	3	600 82 23 14
108	692	0.0	3	567 79 25 21
109	570	0.0	3	482 69 11 8
110	603	0.0	3	508 52 29 14
111	473	0.0	3	402 46 17 8
112	441	0.0	3	371 47 15 8
113	341	0.0	3	285 31 15 10
114	403	0.0	3	339 40 17 7
115	342	0.0	3	266 43 19 14
116	321	0.0	3	248 47 13 13
117	293	0.0	3	212 47 19 15
118	298	0.0	3	217 34 34 13
119	275	0.0	3	211 40 11 13
120	404	0.0	3	237 91 45 31
121	549	0.0	3	274 144 73 58
122	338	0.0	3	205 80 34 19
123	176	0.0	3	135 27 8 6
124	125	0.0	3	98 16 7 4
125	100	0.0	3	82 7 7 4
126	89	0.0	3	60 14 8 7
127	104	0.0	3	72 7 16 9
128	124	0.0	3	72 21 21 10
129	102	0.0	3	52 19 16 15
130	708	0.0	3	326 153 129 100
131	38273	0.0	3	26467 7399 2779 1628
132	177	0.0	3	147 15 9 6
133	117	0.0	3	95 13 5 4
134	236	0.0	3	210 15 4 7
135	118	0.0	3	105 8 5
136	117	0.0	3	105 6 5 1
137	154	0.0	3	128 16 7 3
138	259	0.0	3	233 22 2 2
139	185	0.0	3	165 17 2 1
140	236	0.0	3	220 12 4
141	422	0.0	3	388 25 7 2
142	263	0.0	3	237 18 6 2
143	367	0.0	3	331 26 8 2
144	519	0.0	3	477 37 3 2
145	510	0.0	3	472 32 3 3
146	633	0.0	3	566 49 9 9
147	623	0.0	3	559 47 12 5
148	599	0.0	3	531 53 8 7
149	291	0.0	3	222 41 19 9
150	9531	0.0	3	7954 942 314 321

RUN STATISTICS FOR INPUT FILE: /vortexfs1/omics/tepolt/raw_reads/C_maenas/Cm_yrv_2023/5-128_R2_001.fastq.gz
=============================================
40849640 sequences processed in total
Sequences removed because they became shorter than the length cutoff of 20 bp:	95418 (0.2%)

