
SUMMARISING RUN PARAMETERS
==========================
Input filename: /vortexfs1/omics/tepolt/raw_reads/C_maenas/Cm_yrv_2023/5-124_R2_001.fastq.gz
Trimming mode: single-end
Trim Galore version: 0.6.6
Cutadapt version: 3.5
Python version: could not detect
Number of cores used for trimming: 8
Quality Phred score cutoff: 20
Quality encoding type selected: ASCII+33
Adapter sequence: 'AGATCGGAAGAGCGTCGTGTAGGGAAAGAGTGT' (user defined)
Maximum trimming error rate: 0.1 (default)
Minimum required adapter overlap (stringency): 1 bp
Minimum required sequence length before a sequence gets removed: 20 bp
Running FastQC on the data once trimming has completed
Running FastQC with the following extra arguments: --outdir /vortexfs1/scratch/yaamini.venkataraman/wc-green-crab/output/06b-trimgalore     --threads 28
Output file will be GZIP compressed


This is cutadapt 3.5 with Python 3.9.5
Command line parameters: -j 8 -e 0.1 -q 20 -O 1 -a AGATCGGAAGAGCGTCGTGTAGGGAAAGAGTGT /vortexfs1/omics/tepolt/raw_reads/C_maenas/Cm_yrv_2023/5-124_R2_001.fastq.gz
Processing reads on 8 cores in single-end mode ...
Finished in 111.65 s (2 µs/read; 28.33 M reads/minute).

=== Summary ===

Total reads processed:              52,726,370
Reads with adapters:                26,122,491 (49.5%)
Reads written (passing filters):    52,726,370 (100.0%)

Total basepairs processed: 7,908,955,500 bp
Quality-trimmed:              23,191,407 bp (0.3%)
Total written (filtered):  7,487,561,317 bp (94.7%)

=== Adapter 1 ===

Sequence: AGATCGGAAGAGCGTCGTGTAGGGAAAGAGTGT; Type: regular 3'; Length: 33; Trimmed: 26122491 times

Minimum overlap: 1
No. of allowed errors:
1-9 bp: 0; 10-19 bp: 1; 20-29 bp: 2; 30-33 bp: 3

Bases preceding removed adapters:
  A: 24.5%
  C: 27.2%
  G: 27.2%
  T: 21.1%
  none/other: 0.1%

Overview of removed sequences
length	count	expect	max.err	error counts
1	11298540	13181592.5	0	11298540
2	2820057	3295398.1	0	2820057
3	957780	823849.5	0	957780
4	402927	205962.4	0	402927
5	259049	51490.6	0	259049
6	217733	12872.6	0	217733
7	210652	3218.2	0	210652
8	200653	804.5	0	200653
9	192612	201.1	0	191807 805
10	194348	50.3	1	190659 3689
11	191185	12.6	1	187496 3689
12	201125	3.1	1	196594 4531
13	195789	0.8	1	192045 3744
14	203444	0.2	1	198250 5194
15	233471	0.0	1	227435 6036
16	198750	0.0	1	193226 5524
17	202449	0.0	1	194826 7623
18	198429	0.0	1	190607 7723 99
19	214594	0.0	1	204712 9754 128
20	194184	0.0	2	185719 7418 1047
21	171585	0.0	2	162696 7999 890
22	178047	0.0	2	167206 9662 1179
23	195560	0.0	2	181999 11746 1815
24	207855	0.0	2	190913 14570 2372
25	187412	0.0	2	174393 11455 1564
26	188520	0.0	2	173145 13318 2057
27	195817	0.0	2	177124 15062 3621 10
28	163654	0.0	2	149239 11718 2494 203
29	164189	0.0	2	148422 13420 2274 73
30	168758	0.0	3	150241 14225 3219 1073
31	143918	0.0	3	130836 10453 1944 685
32	164861	0.0	3	144958 15452 3265 1186
33	176398	0.0	3	157696 14762 2854 1086
34	152797	0.0	3	135764 13643 2602 788
35	162047	0.0	3	145686 12688 2593 1080
36	202015	0.0	3	173895 21445 5040 1635
37	160035	0.0	3	140018 15598 3280 1139
38	162007	0.0	3	147534 12148 1828 497
39	116900	0.0	3	105930 9177 1397 396
40	135524	0.0	3	121791 11212 1907 614
41	138436	0.0	3	123185 12170 2315 766
42	142234	0.0	3	124681 13616 2920 1017
43	145948	0.0	3	128808 13652 2695 793
44	128241	0.0	3	114563 11047 1967 664
45	185884	0.0	3	161286 19391 3993 1214
46	120122	0.0	3	105740 11447 2213 722
47	116548	0.0	3	104198 10076 1755 519
48	155882	0.0	3	137710 14661 2676 835
49	111725	0.0	3	100320 9491 1460 454
50	109726	0.0	3	98058 9424 1679 565
51	108903	0.0	3	96647 9817 1837 602
52	127164	0.0	3	111947 12060 2396 761
53	88298	0.0	3	79994 6701 1187 416
54	109508	0.0	3	96833 10158 1877 640
55	112316	0.0	3	100669 9513 1635 499
56	98835	0.0	3	89607 7443 1309 476
57	121869	0.0	3	106787 11884 2354 844
58	141374	0.0	3	125157 13236 2323 658
59	84321	0.0	3	74836 7725 1313 447
60	104552	0.0	3	93973 8697 1433 449
61	70970	0.0	3	64525 5395 821 229
62	88740	0.0	3	80051 7193 1139 357
63	64433	0.0	3	57980 5313 845 295
64	98990	0.0	3	89085 8111 1403 391
65	61008	0.0	3	55741 4380 684 203
66	75460	0.0	3	67779 6309 1032 340
67	83587	0.0	3	75089 7019 1147 332
68	61700	0.0	3	55480 5043 876 301
69	48173	0.0	3	43271 4023 641 238
70	85038	0.0	3	76318 7018 1313 389
71	22651	0.0	3	19450 2560 473 168
72	44073	0.0	3	39539 3685 647 202
73	48678	0.0	3	43296 4411 758 213
74	51909	0.0	3	46239 4635 783 252
75	58191	0.0	3	53414 3923 660 194
76	19300	0.0	3	17054 1857 289 100
77	34649	0.0	3	31671 2491 351 136
78	37659	0.0	3	34091 2922 474 172
79	34615	0.0	3	31088 2802 537 188
80	31008	0.0	3	27827 2563 460 158
81	28234	0.0	3	25285 2376 420 153
82	26071	0.0	3	23323 2189 420 139
83	23308	0.0	3	20709 2064 383 152
84	21578	0.0	3	19213 1899 352 114
85	20804	0.0	3	18568 1810 323 103
86	20741	0.0	3	18336 1885 374 146
87	20586	0.0	3	18393 1738 337 118
88	18152	0.0	3	16174 1576 304 98
89	16477	0.0	3	14902 1250 243 82
90	14348	0.0	3	13001 1115 167 65
91	12951	0.0	3	11766 901 209 75
92	12069	0.0	3	10884 937 179 69
93	9593	0.0	3	8628 782 142 41
94	9165	0.0	3	8244 749 120 52
95	8052	0.0	3	7240 651 114 47
96	7422	0.0	3	6693 575 110 44
97	7152	0.0	3	6413 582 114 43
98	6583	0.0	3	5953 482 107 41
99	6011	0.0	3	5405 463 103 40
100	5173	0.0	3	4620 420 99 34
101	4367	0.0	3	3925 340 68 34
102	3645	0.0	3	3240 323 54 28
103	3409	0.0	3	3053 262 61 33
104	2861	0.0	3	2552 235 54 20
105	2714	0.0	3	2425 225 41 23
106	2732	0.0	3	2452 208 47 25
107	2694	0.0	3	2396 228 44 26
108	2313	0.0	3	2055 193 41 24
109	2040	0.0	3	1811 178 29 22
110	1809	0.0	3	1599 157 31 22
111	1526	0.0	3	1337 137 35 17
112	1260	0.0	3	1096 128 26 10
113	1049	0.0	3	919 91 26 13
114	1019	0.0	3	908 81 22 8
115	755	0.0	3	661 52 27 15
116	851	0.0	3	743 80 20 8
117	711	0.0	3	622 61 18 10
118	659	0.0	3	581 54 14 10
119	579	0.0	3	511 45 14 9
120	511	0.0	3	440 44 19 8
121	468	0.0	3	402 44 11 11
122	380	0.0	3	331 34 12 3
123	265	0.0	3	231 23 8 3
124	224	0.0	3	204 11 8 1
125	183	0.0	3	158 13 7 5
126	226	0.0	3	197 17 7 5
127	166	0.0	3	141 19 6
128	233	0.0	3	208 17 5 3
129	189	0.0	3	168 20 0 1
130	279	0.0	3	219 34 16 10
131	1386	0.0	3	866 311 123 86
132	251	0.0	3	223 20 4 4
133	268	0.0	3	229 28 9 2
134	490	0.0	3	448 31 6 5
135	304	0.0	3	281 17 4 2
136	279	0.0	3	250 25 3 1
137	378	0.0	3	349 20 6 3
138	910	0.0	3	821 75 8 6
139	393	0.0	3	359 28 4 2
140	599	0.0	3	557 36 3 3
141	1018	0.0	3	934 73 8 3
142	495	0.0	3	446 41 5 3
143	711	0.0	3	657 45 7 2
144	1044	0.0	3	955 69 14 6
145	973	0.0	3	910 50 11 2
146	1367	0.0	3	1237 98 18 14
147	1168	0.0	3	1062 82 14 10
148	797	0.0	3	726 59 7 5
149	377	0.0	3	301 37 23 16
150	16308	0.0	3	13791 1495 502 520

RUN STATISTICS FOR INPUT FILE: /vortexfs1/omics/tepolt/raw_reads/C_maenas/Cm_yrv_2023/5-124_R2_001.fastq.gz
=============================================
52726370 sequences processed in total
Sequences removed because they became shorter than the length cutoff of 20 bp:	41766 (0.1%)

