
SUMMARISING RUN PARAMETERS
==========================
Input filename: /vortexfs1/omics/tepolt/raw_reads/C_maenas/Cm_yrv_2023/5-127_R2_001.fastq.gz
Trimming mode: single-end
Trim Galore version: 0.6.6
Cutadapt version: 3.5
Python version: could not detect
Number of cores used for trimming: 8
Quality Phred score cutoff: 20
Quality encoding type selected: ASCII+33
Adapter sequence: 'AGATCGGAAGAGCGTCGTGTAGGGAAAGAGTGT' (user defined)
Maximum trimming error rate: 0.1 (default)
Minimum required adapter overlap (stringency): 1 bp
Minimum required sequence length before a sequence gets removed: 20 bp
Running FastQC on the data once trimming has completed
Running FastQC with the following extra arguments: --outdir /vortexfs1/scratch/yaamini.venkataraman/wc-green-crab/output/06b-trimgalore     --threads 28
Output file will be GZIP compressed


This is cutadapt 3.5 with Python 3.9.5
Command line parameters: -j 8 -e 0.1 -q 20 -O 1 -a AGATCGGAAGAGCGTCGTGTAGGGAAAGAGTGT /vortexfs1/omics/tepolt/raw_reads/C_maenas/Cm_yrv_2023/5-127_R2_001.fastq.gz
Processing reads on 8 cores in single-end mode ...
Finished in 72.10 s (2 µs/read; 28.00 M reads/minute).

=== Summary ===

Total reads processed:              33,648,778
Reads with adapters:                15,420,905 (45.8%)
Reads written (passing filters):    33,648,778 (100.0%)

Total basepairs processed: 5,047,316,700 bp
Quality-trimmed:              20,286,278 bp (0.4%)
Total written (filtered):  4,603,294,592 bp (91.2%)

=== Adapter 1 ===

Sequence: AGATCGGAAGAGCGTCGTGTAGGGAAAGAGTGT; Type: regular 3'; Length: 33; Trimmed: 15420905 times

Minimum overlap: 1
No. of allowed errors:
1-9 bp: 0; 10-19 bp: 1; 20-29 bp: 2; 30-33 bp: 3

Bases preceding removed adapters:
  A: 20.8%
  C: 30.4%
  G: 29.1%
  T: 18.4%
  none/other: 1.3%

Overview of removed sequences
length	count	expect	max.err	error counts
1	4569028	8412194.5	0	4569028
2	1197236	2103048.6	0	1197236
3	444060	525762.2	0	444060
4	197165	131440.5	0	197165
5	141718	32860.1	0	141718
6	126976	8215.0	0	126976
7	127160	2053.8	0	127160
8	121233	513.4	0	121233
9	118869	128.4	0	118398 471
10	120341	32.1	1	118067 2274
11	119553	8.0	1	117319 2234
12	124614	2.0	1	121786 2828
13	123742	0.5	1	121441 2301
14	128263	0.1	1	125173 3090
15	141310	0.0	1	137760 3550
16	124837	0.0	1	121618 3219
17	129520	0.0	1	124855 4665
18	128495	0.0	1	123673 4761 61
19	143041	0.0	1	136821 6135 85
20	131024	0.0	2	125754 4585 685
21	115000	0.0	2	109420 5038 542
22	121496	0.0	2	114398 6342 756
23	127316	0.0	2	118389 7413 1514
24	137347	0.0	2	126263 9380 1704
25	123332	0.0	2	114873 7212 1247
26	124891	0.0	2	114993 8475 1423
27	138717	0.0	2	125380 10518 2812 7
28	117369	0.0	2	106735 8278 2210 146
29	114777	0.0	2	104332 8759 1600 86
30	118271	0.0	3	105246 9398 2513 1114
31	114148	0.0	3	103146 8369 1872 761
32	118462	0.0	3	105324 10075 2148 915
33	127870	0.0	3	112043 10786 3114 1927
34	114614	0.0	3	102458 9593 1825 738
35	126722	0.0	3	112991 9707 2557 1467
36	134681	0.0	3	118340 11408 3107 1826
37	114303	0.0	3	101875 8896 2250 1282
38	118062	0.0	3	106351 8446 2116 1149
39	134669	0.0	3	117366 11742 3430 2131
40	109662	0.0	3	96715 8555 2514 1878
41	120121	0.0	3	104817 10343 3004 1957
42	103644	0.0	3	94510 6924 1490 720
43	114321	0.0	3	101923 8894 2392 1112
44	108116	0.0	3	97211 7931 2012 962
45	129642	0.0	3	112495 11666 3447 2034
46	109287	0.0	3	96516 8477 2841 1453
47	104757	0.0	3	94231 7467 2127 932
48	124356	0.0	3	109849 9876 3032 1599
49	106409	0.0	3	95686 7803 2132 788
50	101228	0.0	3	90762 7562 1892 1012
51	100982	0.0	3	90009 7760 2146 1067
52	108488	0.0	3	95839 9007 2370 1272
53	92926	0.0	3	83986 6411 1670 859
54	100231	0.0	3	88769 7824 2272 1366
55	105042	0.0	3	93894 7872 2137 1139
56	94064	0.0	3	85047 6388 1648 981
57	106562	0.0	3	93185 8846 2792 1739
58	117526	0.0	3	103657 9784 2675 1410
59	91513	0.0	3	81517 7233 1877 886
60	98605	0.0	3	87753 7634 2064 1154
61	90738	0.0	3	82419 6111 1474 734
62	92495	0.0	3	83057 6877 1692 869
63	78959	0.0	3	71378 5322 1452 807
64	96376	0.0	3	86060 7431 1936 949
65	76242	0.0	3	70009 4612 1038 583
66	81482	0.0	3	73257 5976 1490 759
67	85783	0.0	3	77045 6336 1582 820
68	75686	0.0	3	68040 5508 1427 711
69	65267	0.0	3	59192 4497 1025 553
70	89718	0.0	3	79777 7105 1889 947
71	45086	0.0	3	40453 3400 796 437
72	59995	0.0	3	53738 4411 1206 640
73	64059	0.0	3	57004 5033 1340 682
74	66994	0.0	3	60005 5083 1308 598
75	72948	0.0	3	67308 3917 1109 614
76	21934	0.0	3	19385 1908 402 239
77	48158	0.0	3	44144 2876 760 378
78	49480	0.0	3	44912 3219 857 492
79	47980	0.0	3	43324 3249 894 513
80	45597	0.0	3	40979 3215 870 533
81	43099	0.0	3	38594 3119 855 531
82	40684	0.0	3	36573 2865 786 460
83	36936	0.0	3	32785 2822 806 523
84	34947	0.0	3	31086 2587 769 505
85	33200	0.0	3	29720 2352 706 422
86	32280	0.0	3	28868 2353 705 354
87	32418	0.0	3	29059 2304 654 401
88	30357	0.0	3	27299 2118 601 339
89	28856	0.0	3	26182 1853 513 308
90	26973	0.0	3	24477 1733 461 302
91	26098	0.0	3	23549 1761 487 301
92	24243	0.0	3	21886 1605 467 285
93	20870	0.0	3	18946 1332 374 218
94	18382	0.0	3	16513 1279 367 223
95	16828	0.0	3	15146 1129 349 204
96	15706	0.0	3	14216 1031 300 159
97	15721	0.0	3	14154 1075 318 174
98	15573	0.0	3	14085 1026 267 195
99	14324	0.0	3	12880 944 301 199
100	13618	0.0	3	12171 966 279 202
101	11904	0.0	3	10607 872 243 182
102	10570	0.0	3	9430 749 215 176
103	10125	0.0	3	9009 721 236 159
104	9248	0.0	3	8190 704 213 141
105	8210	0.0	3	7333 577 173 127
106	7924	0.0	3	7089 532 187 116
107	8121	0.0	3	7199 597 201 124
108	7898	0.0	3	7002 602 179 115
109	7354	0.0	3	6534 508 171 141
110	7105	0.0	3	6245 535 197 128
111	6231	0.0	3	5424 471 182 154
112	5700	0.0	3	4954 422 182 142
113	4919	0.0	3	4294 362 147 116
114	4702	0.0	3	4046 368 161 127
115	4387	0.0	3	3747 368 141 131
116	4759	0.0	3	3989 428 182 160
117	4149	0.0	3	3484 371 137 157
118	4228	0.0	3	3575 352 146 155
119	3756	0.0	3	3159 322 124 151
120	3615	0.0	3	2948 329 163 175
121	5286	0.0	3	4113 524 342 307
122	2925	0.0	3	2291 301 177 156
123	2866	0.0	3	2421 270 114 61
124	1754	0.0	3	1522 124 58 50
125	1538	0.0	3	1365 87 41 45
126	1356	0.0	3	1167 110 39 40
127	1343	0.0	3	1155 121 38 29
128	1488	0.0	3	1315 94 39 40
129	1666	0.0	3	1405 136 52 73
130	2660	0.0	3	2224 209 104 123
131	26539	0.0	3	18355 3969 2403 1812
132	2240	0.0	3	1955 183 54 48
133	1981	0.0	3	1756 146 42 37
134	6547	0.0	3	5995 389 97 66
135	2897	0.0	3	2597 202 61 37
136	2588	0.0	3	2350 150 52 36
137	3543	0.0	3	3196 220 74 53
138	5500	0.0	3	5058 312 81 49
139	4261	0.0	3	3898 250 76 37
140	5166	0.0	3	4767 292 66 41
141	9127	0.0	3	8395 502 152 78
142	5593	0.0	3	5157 328 66 42
143	7768	0.0	3	7110 441 126 91
144	9648	0.0	3	8833 550 152 113
145	9294	0.0	3	8632 456 125 81
146	13077	0.0	3	12029 699 218 131
147	10385	0.0	3	9544 555 177 109
148	8459	0.0	3	7631 568 153 107
149	4680	0.0	3	3921 423 172 164
150	200021	0.0	3	176993 15082 4155 3791

RUN STATISTICS FOR INPUT FILE: /vortexfs1/omics/tepolt/raw_reads/C_maenas/Cm_yrv_2023/5-127_R2_001.fastq.gz
=============================================
33648778 sequences processed in total
Sequences removed because they became shorter than the length cutoff of 20 bp:	365385 (1.1%)

