
SUMMARISING RUN PARAMETERS
==========================
Input filename: /vortexfs1/omics/tepolt/raw_reads/C_maenas/Cm_yrv_2023/5-122_R2_001.fastq.gz
Trimming mode: single-end
Trim Galore version: 0.6.6
Cutadapt version: 3.5
Python version: could not detect
Number of cores used for trimming: 8
Quality Phred score cutoff: 20
Quality encoding type selected: ASCII+33
Adapter sequence: 'AGATCGGAAGAGCGTCGTGTAGGGAAAGAGTGT' (user defined)
Maximum trimming error rate: 0.1 (default)
Minimum required adapter overlap (stringency): 1 bp
Minimum required sequence length before a sequence gets removed: 20 bp
Running FastQC on the data once trimming has completed
Running FastQC with the following extra arguments: --outdir /vortexfs1/scratch/yaamini.venkataraman/wc-green-crab/output/06b-trimgalore     --threads 28
Output file will be GZIP compressed


This is cutadapt 3.5 with Python 3.9.5
Command line parameters: -j 8 -e 0.1 -q 20 -O 1 -a AGATCGGAAGAGCGTCGTGTAGGGAAAGAGTGT /vortexfs1/omics/tepolt/raw_reads/C_maenas/Cm_yrv_2023/5-122_R2_001.fastq.gz
Processing reads on 8 cores in single-end mode ...
Finished in 50.29 s (2 µs/read; 28.02 M reads/minute).

=== Summary ===

Total reads processed:              23,488,608
Reads with adapters:                10,750,152 (45.8%)
Reads written (passing filters):    23,488,608 (100.0%)

Total basepairs processed: 3,523,291,200 bp
Quality-trimmed:               9,749,041 bp (0.3%)
Total written (filtered):  3,419,668,285 bp (97.1%)

=== Adapter 1 ===

Sequence: AGATCGGAAGAGCGTCGTGTAGGGAAAGAGTGT; Type: regular 3'; Length: 33; Trimmed: 10750152 times

Minimum overlap: 1
No. of allowed errors:
1-9 bp: 0; 10-19 bp: 1; 20-29 bp: 2; 30-33 bp: 3

Bases preceding removed adapters:
  A: 28.9%
  C: 25.4%
  G: 23.3%
  T: 22.3%
  none/other: 0.1%

Overview of removed sequences
length	count	expect	max.err	error counts
1	5763250	5872152.0	0	5763250
2	1347968	1468038.0	0	1347968
3	443434	367009.5	0	443434
4	173622	91752.4	0	173622
5	102839	22938.1	0	102839
6	85695	5734.5	0	85695
7	83962	1433.6	0	83962
8	79557	358.4	0	79557
9	77056	89.6	0	76698 358
10	77046	22.4	1	75533 1513
11	74403	5.6	1	72917 1486
12	79212	1.4	1	77517 1695
13	74157	0.4	1	72818 1339
14	77639	0.1	1	75702 1937
15	85509	0.0	1	83320 2189
16	74837	0.0	1	72870 1967
17	78080	0.0	1	74995 3085
18	75177	0.0	1	72292 2853 32
19	82751	0.0	1	79138 3585 28
20	73916	0.0	2	70839 2669 408
21	63876	0.0	2	60629 2923 324
22	63427	0.0	2	59626 3390 411
23	71215	0.0	2	66367 4238 610
24	72190	0.0	2	66450 4921 819
25	65412	0.0	2	61009 3884 519
26	64628	0.0	2	59329 4575 724
27	68452	0.0	2	62330 5110 1008 4
28	56975	0.0	2	52185 3976 751 63
29	55606	0.0	2	50531 4323 730 22
30	55897	0.0	3	49957 4514 1057 369
31	48068	0.0	3	43792 3434 624 218
32	53112	0.0	3	47092 4804 885 331
33	50786	0.0	3	46180 3688 664 254
34	61483	0.0	3	53456 6116 1358 553
35	39776	0.0	3	36099 2998 519 160
36	49911	0.0	3	44129 4545 916 321
37	46631	0.0	3	41340 4297 757 237
38	45082	0.0	3	40488 3761 622 211
39	38240	0.0	3	34638 2992 464 146
40	50097	0.0	3	43852 4929 1011 305
41	30948	0.0	3	27818 2512 456 162
42	34625	0.0	3	31164 2824 468 169
43	35587	0.0	3	31565 3169 637 216
44	32126	0.0	3	28671 2758 518 179
45	36773	0.0	3	31880 3772 835 286
46	29061	0.0	3	25826 2515 546 174
47	27424	0.0	3	24460 2429 396 139
48	30500	0.0	3	26843 2924 539 194
49	24495	0.0	3	21803 2163 398 131
50	22221	0.0	3	19871 1872 341 137
51	21341	0.0	3	18907 1915 389 130
52	21984	0.0	3	19277 2126 426 155
53	17674	0.0	3	15939 1426 230 79
54	18250	0.0	3	16179 1622 335 114
55	18272	0.0	3	16284 1578 295 115
56	15982	0.0	3	14401 1266 236 79
57	17002	0.0	3	14938 1592 366 106
58	17470	0.0	3	15348 1659 351 112
59	11569	0.0	3	10242 1078 186 63
60	12729	0.0	3	11336 1121 219 53
61	10950	0.0	3	9886 878 144 42
62	11008	0.0	3	9882 892 176 58
63	8637	0.0	3	7770 715 105 47
64	10013	0.0	3	8885 878 186 64
65	7094	0.0	3	6405 570 94 25
66	7371	0.0	3	6552 643 136 40
67	7474	0.0	3	6634 663 129 48
68	6037	0.0	3	5378 519 97 43
69	5000	0.0	3	4484 414 76 26
70	6654	0.0	3	5896 604 116 38
71	2853	0.0	3	2492 284 56 21
72	3859	0.0	3	3416 357 51 35
73	3863	0.0	3	3390 377 71 25
74	3750	0.0	3	3315 353 56 26
75	3980	0.0	3	3646 254 63 17
76	1117	0.0	3	974 113 17 13
77	2430	0.0	3	2173 200 33 24
78	2497	0.0	3	2238 199 44 16
79	2122	0.0	3	1882 181 42 17
80	2031	0.0	3	1803 175 35 18
81	1814	0.0	3	1596 160 41 17
82	1675	0.0	3	1482 135 42 16
83	1397	0.0	3	1203 140 36 18
84	1280	0.0	3	1120 112 32 16
85	1123	0.0	3	979 95 32 17
86	1018	0.0	3	903 79 25 11
87	1078	0.0	3	951 89 25 13
88	1005	0.0	3	857 108 23 17
89	904	0.0	3	798 71 25 10
90	844	0.0	3	731 83 18 12
91	794	0.0	3	702 57 19 16
92	705	0.0	3	618 61 15 11
93	645	0.0	3	552 59 23 11
94	550	0.0	3	472 55 15 8
95	459	0.0	3	391 45 14 9
96	427	0.0	3	370 39 9 9
97	445	0.0	3	375 52 9 9
98	434	0.0	3	357 46 18 13
99	412	0.0	3	338 40 24 10
100	357	0.0	3	310 24 13 10
101	329	0.0	3	272 33 13 11
102	279	0.0	3	223 33 17 6
103	289	0.0	3	244 26 16 3
104	185	0.0	3	152 17 11 5
105	215	0.0	3	166 31 11 7
106	214	0.0	3	169 32 6 7
107	249	0.0	3	197 24 12 16
108	176	0.0	3	137 22 10 7
109	187	0.0	3	155 18 8 6
110	154	0.0	3	127 17 6 4
111	166	0.0	3	124 17 10 15
112	140	0.0	3	107 18 6 9
113	133	0.0	3	97 21 9 6
114	106	0.0	3	84 10 8 4
115	125	0.0	3	82 20 9 14
116	125	0.0	3	82 25 8 10
117	127	0.0	3	81 26 10 10
118	84	0.0	3	56 15 9 4
119	115	0.0	3	70 20 14 11
120	97	0.0	3	61 18 9 9
121	148	0.0	3	84 26 22 16
122	88	0.0	3	58 16 5 9
123	96	0.0	3	68 16 8 4
124	56	0.0	3	42 8 3 3
125	63	0.0	3	39 16 5 3
126	43	0.0	3	30 9 4
127	60	0.0	3	34 14 6 6
128	44	0.0	3	35 5 2 2
129	53	0.0	3	37 9 4 3
130	154	0.0	3	115 17 13 9
131	2146	0.0	3	1127 560 288 171
132	51	0.0	3	37 7 3 4
133	52	0.0	3	45 2 3 2
134	128	0.0	3	112 10 4 2
135	57	0.0	3	46 7 4
136	42	0.0	3	38 3 1
137	47	0.0	3	43 3 0 1
138	111	0.0	3	102 6 3
139	52	0.0	3	47 5
140	57	0.0	3	50 5 0 2
141	106	0.0	3	98 8
142	50	0.0	3	42 6 2
143	86	0.0	3	80 4 1 1
144	103	0.0	3	98 4 1
145	100	0.0	3	93 6 0 1
146	161	0.0	3	141 15 3 2
147	125	0.0	3	106 14 2 3
148	93	0.0	3	82 6 4 1
149	184	0.0	3	118 47 13 6
150	8988	0.0	3	7680 812 298 198

RUN STATISTICS FOR INPUT FILE: /vortexfs1/omics/tepolt/raw_reads/C_maenas/Cm_yrv_2023/5-122_R2_001.fastq.gz
=============================================
23488608 sequences processed in total
Sequences removed because they became shorter than the length cutoff of 20 bp:	17366 (0.1%)

