
SUMMARISING RUN PARAMETERS
==========================
Input filename: /vortexfs1/omics/tepolt/raw_reads/C_maenas/Cm_yrv_2023/5-123_R2_001.fastq.gz
Trimming mode: single-end
Trim Galore version: 0.6.6
Cutadapt version: 3.5
Python version: could not detect
Number of cores used for trimming: 8
Quality Phred score cutoff: 20
Quality encoding type selected: ASCII+33
Adapter sequence: 'AGATCGGAAGAGCGTCGTGTAGGGAAAGAGTGT' (user defined)
Maximum trimming error rate: 0.1 (default)
Minimum required adapter overlap (stringency): 1 bp
Minimum required sequence length before a sequence gets removed: 20 bp
Running FastQC on the data once trimming has completed
Running FastQC with the following extra arguments: --outdir /vortexfs1/scratch/yaamini.venkataraman/wc-green-crab/output/06b-trimgalore     --threads 28
Output file will be GZIP compressed


This is cutadapt 3.5 with Python 3.9.5
Command line parameters: -j 8 -e 0.1 -q 20 -O 1 -a AGATCGGAAGAGCGTCGTGTAGGGAAAGAGTGT /vortexfs1/omics/tepolt/raw_reads/C_maenas/Cm_yrv_2023/5-123_R2_001.fastq.gz
Processing reads on 8 cores in single-end mode ...
Finished in 102.53 s (2 µs/read; 26.24 M reads/minute).

=== Summary ===

Total reads processed:              44,842,251
Reads with adapters:                19,646,558 (43.8%)
Reads written (passing filters):    44,842,251 (100.0%)

Total basepairs processed: 6,726,337,650 bp
Quality-trimmed:              16,634,563 bp (0.2%)
Total written (filtered):  6,557,422,615 bp (97.5%)

=== Adapter 1 ===

Sequence: AGATCGGAAGAGCGTCGTGTAGGGAAAGAGTGT; Type: regular 3'; Length: 33; Trimmed: 19646558 times

Minimum overlap: 1
No. of allowed errors:
1-9 bp: 0; 10-19 bp: 1; 20-29 bp: 2; 30-33 bp: 3

Bases preceding removed adapters:
  A: 28.1%
  C: 26.9%
  G: 23.4%
  T: 21.5%
  none/other: 0.1%

Overview of removed sequences
length	count	expect	max.err	error counts
1	10697624	11210562.8	0	10697624
2	2676568	2802640.7	0	2676568
3	877830	700660.2	0	877830
4	340313	175165.0	0	340313
5	205969	43791.3	0	205969
6	168457	10947.8	0	168457
7	164334	2737.0	0	164334
8	151664	684.2	0	151664
9	146905	171.1	0	146217 688
10	145774	42.8	1	142954 2820
11	140182	10.7	1	137503 2679
12	143791	2.7	1	140587 3204
13	137632	0.7	1	135015 2617
14	140470	0.2	1	136910 3560
15	153001	0.0	1	149053 3948
16	129066	0.0	1	125372 3694
17	132968	0.0	1	127800 5168
18	127457	0.0	1	122504 4892 61
19	138152	0.0	1	131806 6236 110
20	124961	0.0	2	119483 4776 702
21	107922	0.0	2	102390 5010 522
22	108619	0.0	2	101927 6049 643
23	113030	0.0	2	105060 6877 1093
24	116301	0.0	2	107066 8038 1197
25	104710	0.0	2	97355 6503 852
26	103078	0.0	2	94767 7244 1067
27	110252	0.0	2	100099 8389 1759 5
28	87136	0.0	2	79453 6335 1287 61
29	90132	0.0	2	81364 7494 1250 24
30	85299	0.0	3	76066 7200 1461 572
31	79277	0.0	3	71503 6317 1067 390
32	81758	0.0	3	72639 7237 1392 490
33	89641	0.0	3	79465 7803 1694 679
34	72266	0.0	3	64254 6447 1181 384
35	75785	0.0	3	67655 6210 1342 578
36	126225	0.0	3	109584 13015 2802 824
37	40959	0.0	3	34942 4749 929 339
38	91946	0.0	3	82686 7611 1275 374
39	44962	0.0	3	39800 4298 659 205
40	68904	0.0	3	62626 5285 769 224
41	39961	0.0	3	35961 3411 460 129
42	49982	0.0	3	45335 3881 597 169
43	55737	0.0	3	50075 4691 746 225
44	44231	0.0	3	39787 3696 564 184
45	67407	0.0	3	59925 6110 1030 342
46	37054	0.0	3	32825 3456 545 228
47	34482	0.0	3	30998 2880 449 155
48	50937	0.0	3	45471 4504 713 249
49	30919	0.0	3	27953 2503 356 107
50	31718	0.0	3	28470 2651 482 115
51	31199	0.0	3	27965 2630 465 139
52	35637	0.0	3	31715 3206 543 173
53	21405	0.0	3	19460 1619 227 99
54	28302	0.0	3	25185 2501 468 148
55	26484	0.0	3	23954 2079 330 121
56	21502	0.0	3	19577 1542 276 107
57	27425	0.0	3	24321 2475 461 168
58	30677	0.0	3	27630 2527 397 123
59	15471	0.0	3	13696 1420 273 82
60	17134	0.0	3	15407 1386 241 100
61	12973	0.0	3	11751 1012 153 57
62	18268	0.0	3	16528 1430 229 81
63	9218	0.0	3	8225 818 117 58
64	16437	0.0	3	14982 1201 184 70
65	7737	0.0	3	7030 593 81 33
66	9882	0.0	3	8897 814 127 44
67	10984	0.0	3	9936 858 133 57
68	7514	0.0	3	6664 669 124 57
69	5125	0.0	3	4546 466 79 34
70	10444	0.0	3	9429 809 140 66
71	2022	0.0	3	1631 300 56 35
72	5172	0.0	3	4594 471 78 29
73	5431	0.0	3	4842 479 87 23
74	5563	0.0	3	4965 496 76 26
75	5582	0.0	3	5088 400 69 25
76	1568	0.0	3	1344 182 28 14
77	3029	0.0	3	2747 230 34 18
78	3469	0.0	3	3094 305 51 19
79	3375	0.0	3	3018 277 56 24
80	3041	0.0	3	2677 275 60 29
81	2749	0.0	3	2450 239 41 19
82	2438	0.0	3	2139 225 52 22
83	2129	0.0	3	1848 208 53 20
84	2006	0.0	3	1757 185 44 20
85	1785	0.0	3	1558 155 49 23
86	1833	0.0	3	1598 165 50 20
87	1683	0.0	3	1490 132 43 18
88	1570	0.0	3	1376 141 41 12
89	1556	0.0	3	1373 131 38 14
90	1390	0.0	3	1211 131 29 19
91	1445	0.0	3	1256 140 32 17
92	1321	0.0	3	1173 112 23 13
93	1131	0.0	3	994 109 19 9
94	979	0.0	3	854 89 18 18
95	811	0.0	3	674 104 27 6
96	780	0.0	3	676 77 14 13
97	757	0.0	3	647 85 16 9
98	794	0.0	3	677 76 26 15
99	717	0.0	3	615 67 22 13
100	760	0.0	3	649 60 33 18
101	593	0.0	3	497 67 17 12
102	536	0.0	3	450 54 22 10
103	520	0.0	3	437 50 20 13
104	489	0.0	3	406 52 18 13
105	484	0.0	3	399 52 20 13
106	452	0.0	3	394 39 10 9
107	482	0.0	3	407 50 13 12
108	450	0.0	3	365 46 27 12
109	425	0.0	3	350 46 20 9
110	416	0.0	3	344 50 13 9
111	352	0.0	3	300 31 10 11
112	313	0.0	3	254 34 15 10
113	307	0.0	3	262 27 12 6
114	278	0.0	3	231 34 6 7
115	262	0.0	3	210 31 13 8
116	226	0.0	3	186 25 6 9
117	233	0.0	3	189 23 15 6
118	218	0.0	3	172 22 17 7
119	215	0.0	3	167 31 10 7
120	212	0.0	3	172 21 15 4
121	209	0.0	3	153 35 14 7
122	164	0.0	3	127 24 11 2
123	152	0.0	3	124 15 9 4
124	142	0.0	3	125 10 4 3
125	120	0.0	3	101 15 3 1
126	152	0.0	3	123 19 5 5
127	112	0.0	3	87 17 3 5
128	122	0.0	3	101 11 7 3
129	126	0.0	3	104 13 7 2
130	185	0.0	3	147 21 12 5
131	1910	0.0	3	1296 374 154 86
132	175	0.0	3	154 13 5 3
133	183	0.0	3	162 15 5 1
134	298	0.0	3	260 29 6 3
135	207	0.0	3	180 22 4 1
136	210	0.0	3	185 19 4 2
137	246	0.0	3	228 12 3 3
138	333	0.0	3	309 20 2 2
139	302	0.0	3	276 20 5 1
140	399	0.0	3	366 22 9 2
141	602	0.0	3	551 42 2 7
142	413	0.0	3	388 19 3 3
143	666	0.0	3	617 38 8 3
144	914	0.0	3	836 64 11 3
145	873	0.0	3	806 52 11 4
146	1269	0.0	3	1169 74 20 6
147	1037	0.0	3	947 73 11 6
148	827	0.0	3	738 70 12 7
149	400	0.0	3	284 67 25 24
150	11895	0.0	3	8943 1603 843 506

RUN STATISTICS FOR INPUT FILE: /vortexfs1/omics/tepolt/raw_reads/C_maenas/Cm_yrv_2023/5-123_R2_001.fastq.gz
=============================================
44842251 sequences processed in total
Sequences removed because they became shorter than the length cutoff of 20 bp:	32233 (0.1%)

