
SUMMARISING RUN PARAMETERS
==========================
Input filename: /vortexfs1/omics/tepolt/raw_reads/C_maenas/Cm_yrv_2023/5-133_R2_001.fastq.gz
Trimming mode: single-end
Trim Galore version: 0.6.6
Cutadapt version: 3.5
Python version: could not detect
Number of cores used for trimming: 8
Quality Phred score cutoff: 20
Quality encoding type selected: ASCII+33
Adapter sequence: 'AGATCGGAAGAGCGTCGTGTAGGGAAAGAGTGT' (user defined)
Maximum trimming error rate: 0.1 (default)
Minimum required adapter overlap (stringency): 1 bp
Minimum required sequence length before a sequence gets removed: 20 bp
Running FastQC on the data once trimming has completed
Running FastQC with the following extra arguments: --outdir /vortexfs1/scratch/yaamini.venkataraman/wc-green-crab/output/06b-trimgalore     --threads 28
Output file will be GZIP compressed


This is cutadapt 3.5 with Python 3.9.5
Command line parameters: -j 8 -e 0.1 -q 20 -O 1 -a AGATCGGAAGAGCGTCGTGTAGGGAAAGAGTGT /vortexfs1/omics/tepolt/raw_reads/C_maenas/Cm_yrv_2023/5-133_R2_001.fastq.gz
Processing reads on 8 cores in single-end mode ...
Finished in 68.51 s (2 µs/read; 27.20 M reads/minute).

=== Summary ===

Total reads processed:              31,058,429
Reads with adapters:                14,951,642 (48.1%)
Reads written (passing filters):    31,058,429 (100.0%)

Total basepairs processed: 4,658,764,350 bp
Quality-trimmed:              11,652,356 bp (0.3%)
Total written (filtered):  4,478,827,167 bp (96.1%)

=== Adapter 1 ===

Sequence: AGATCGGAAGAGCGTCGTGTAGGGAAAGAGTGT; Type: regular 3'; Length: 33; Trimmed: 14951642 times

Minimum overlap: 1
No. of allowed errors:
1-9 bp: 0; 10-19 bp: 1; 20-29 bp: 2; 30-33 bp: 3

Bases preceding removed adapters:
  A: 26.2%
  C: 27.7%
  G: 25.6%
  T: 20.3%
  none/other: 0.1%

Overview of removed sequences
length	count	expect	max.err	error counts
1	6888442	7764607.2	0	6888442
2	1751532	1941151.8	0	1751532
3	616153	485288.0	0	616153
4	257232	121322.0	0	257232
5	176109	30330.5	0	176109
6	149743	7582.6	0	149743
7	149458	1895.7	0	149458
8	138273	473.9	0	138273
9	133461	118.5	0	132915 546
10	135217	29.6	1	132660 2557
11	131873	7.4	1	129324 2549
12	136947	1.9	1	133763 3184
13	130920	0.5	1	128440 2480
14	133579	0.1	1	130120 3459
15	147719	0.0	1	143938 3781
16	127846	0.0	1	124264 3582
17	133363	0.0	1	128195 5168
18	128516	0.0	1	123488 4968 60
19	139908	0.0	1	133356 6449 103
20	125954	0.0	2	120385 4879 690
21	108893	0.0	2	103312 5043 538
22	111459	0.0	2	104330 6458 671
23	119850	0.0	2	111359 7417 1074
24	125142	0.0	2	114962 8780 1400
25	111408	0.0	2	103510 7042 856
26	112513	0.0	2	103167 8131 1215
27	118440	0.0	2	107267 9159 1998 16
28	100896	0.0	2	91784 7457 1530 125
29	99198	0.0	2	89954 7896 1309 39
30	101294	0.0	3	90223 8579 1851 641
31	86014	0.0	3	77982 6507 1069 456
32	94597	0.0	3	83144 8959 1862 632
33	98697	0.0	3	88576 8117 1464 540
34	83047	0.0	3	73569 7606 1418 454
35	86516	0.0	3	77834 6938 1297 447
36	108886	0.0	3	94128 11471 2510 777
37	86011	0.0	3	75453 8398 1567 593
38	82941	0.0	3	75463 6289 930 259
39	60637	0.0	3	54997 4675 753 212
40	70933	0.0	3	63785 5852 979 317
41	71501	0.0	3	63450 6524 1180 347
42	71085	0.0	3	62447 6740 1400 498
43	70932	0.0	3	62622 6656 1268 386
44	58946	0.0	3	52543 5240 913 250
45	84320	0.0	3	73442 8616 1719 543
46	49580	0.0	3	43491 4871 910 308
47	49902	0.0	3	44373 4494 799 236
48	63423	0.0	3	55912 6146 1030 335
49	47183	0.0	3	42277 4067 645 194
50	44160	0.0	3	39380 3885 701 194
51	43131	0.0	3	38225 3900 751 255
52	48154	0.0	3	42382 4595 884 293
53	32269	0.0	3	29204 2497 420 148
54	38222	0.0	3	33728 3601 690 203
55	37530	0.0	3	33448 3284 598 200
56	31039	0.0	3	28035 2437 425 142
57	36188	0.0	3	31595 3579 770 244
58	39843	0.0	3	35275 3731 638 199
59	23879	0.0	3	21132 2227 377 143
60	27563	0.0	3	24711 2364 373 115
61	19558	0.0	3	17694 1556 237 71
62	23717	0.0	3	21306 1995 309 107
63	15641	0.0	3	14075 1281 226 59
64	21969	0.0	3	19668 1880 331 90
65	13641	0.0	3	12403 1033 138 67
66	15053	0.0	3	13494 1276 209 74
67	16461	0.0	3	14738 1391 255 77
68	11397	0.0	3	10240 905 195 57
69	9049	0.0	3	8092 776 132 49
70	14584	0.0	3	13036 1237 230 81
71	4235	0.0	3	3633 488 84 30
72	7501	0.0	3	6668 662 128 43
73	7812	0.0	3	6905 727 143 37
74	7635	0.0	3	6784 722 104 25
75	7810	0.0	3	7085 578 106 41
76	2608	0.0	3	2306 254 33 15
77	4305	0.0	3	3906 331 48 20
78	4603	0.0	3	4121 376 80 26
79	4477	0.0	3	4007 356 90 24
80	3832	0.0	3	3405 344 54 29
81	3499	0.0	3	3090 317 62 30
82	3111	0.0	3	2741 280 65 25
83	2784	0.0	3	2423 287 49 25
84	2542	0.0	3	2206 260 57 19
85	2294	0.0	3	1978 241 53 22
86	2206	0.0	3	1919 227 42 18
87	2055	0.0	3	1805 176 55 19
88	1813	0.0	3	1589 176 29 19
89	1766	0.0	3	1542 163 37 24
90	1544	0.0	3	1370 126 32 16
91	1445	0.0	3	1237 160 37 11
92	1417	0.0	3	1244 130 27 16
93	1224	0.0	3	1064 125 22 13
94	1107	0.0	3	967 102 30 8
95	947	0.0	3	833 85 17 12
96	850	0.0	3	773 56 4 17
97	836	0.0	3	703 89 23 21
98	848	0.0	3	738 82 19 9
99	700	0.0	3	604 74 12 10
100	626	0.0	3	556 43 16 11
101	634	0.0	3	534 64 19 17
102	512	0.0	3	439 53 12 8
103	519	0.0	3	439 58 18 4
104	439	0.0	3	376 45 11 7
105	413	0.0	3	352 37 16 8
106	407	0.0	3	343 46 10 8
107	438	0.0	3	375 41 12 10
108	387	0.0	3	330 40 14 3
109	351	0.0	3	288 32 18 13
110	324	0.0	3	269 33 11 11
111	300	0.0	3	242 34 15 9
112	273	0.0	3	224 33 9 7
113	231	0.0	3	187 26 8 10
114	226	0.0	3	173 28 21 4
115	194	0.0	3	161 17 11 5
116	171	0.0	3	137 20 11 3
117	152	0.0	3	121 19 6 6
118	176	0.0	3	153 10 7 6
119	151	0.0	3	121 21 6 3
120	160	0.0	3	127 22 8 3
121	167	0.0	3	126 17 14 10
122	114	0.0	3	86 15 7 6
123	147	0.0	3	121 17 3 6
124	110	0.0	3	87 15 6 2
125	101	0.0	3	81 10 6 4
126	90	0.0	3	74 8 5 3
127	98	0.0	3	74 19 4 1
128	107	0.0	3	86 9 7 5
129	100	0.0	3	79 14 4 3
130	361	0.0	3	294 39 15 13
131	2101	0.0	3	1271 499 221 110
132	121	0.0	3	99 13 7 2
133	123	0.0	3	103 14 5 1
134	358	0.0	3	317 28 9 4
135	174	0.0	3	150 18 3 3
136	142	0.0	3	130 7 2 3
137	207	0.0	3	182 20 2 3
138	317	0.0	3	287 19 11
139	236	0.0	3	215 19 1 1
140	271	0.0	3	251 15 3 2
141	476	0.0	3	446 28 2
142	301	0.0	3	277 20 4
143	455	0.0	3	429 19 6 1
144	511	0.0	3	473 26 8 4
145	487	0.0	3	456 24 4 3
146	743	0.0	3	689 39 11 4
147	633	0.0	3	577 43 11 2
148	432	0.0	3	399 22 8 3
149	331	0.0	3	267 34 16 14
150	17401	0.0	3	15125 1520 432 324

RUN STATISTICS FOR INPUT FILE: /vortexfs1/omics/tepolt/raw_reads/C_maenas/Cm_yrv_2023/5-133_R2_001.fastq.gz
=============================================
31058429 sequences processed in total
Sequences removed because they became shorter than the length cutoff of 20 bp:	30943 (0.1%)

