
SUMMARISING RUN PARAMETERS
==========================
Input filename: /vortexfs1/omics/tepolt/raw_reads/C_maenas/Cm_yrv_2023/5-135_R2_001.fastq.gz
Trimming mode: single-end
Trim Galore version: 0.6.6
Cutadapt version: 3.5
Python version: could not detect
Number of cores used for trimming: 8
Quality Phred score cutoff: 20
Quality encoding type selected: ASCII+33
Adapter sequence: 'AGATCGGAAGAGCGTCGTGTAGGGAAAGAGTGT' (user defined)
Maximum trimming error rate: 0.1 (default)
Minimum required adapter overlap (stringency): 1 bp
Minimum required sequence length before a sequence gets removed: 20 bp
Running FastQC on the data once trimming has completed
Running FastQC with the following extra arguments: --outdir /vortexfs1/scratch/yaamini.venkataraman/wc-green-crab/output/06b-trimgalore     --threads 28
Output file will be GZIP compressed


This is cutadapt 3.5 with Python 3.9.5
Command line parameters: -j 8 -e 0.1 -q 20 -O 1 -a AGATCGGAAGAGCGTCGTGTAGGGAAAGAGTGT /vortexfs1/omics/tepolt/raw_reads/C_maenas/Cm_yrv_2023/5-135_R2_001.fastq.gz
Processing reads on 8 cores in single-end mode ...
Finished in 40.14 s (2 µs/read; 27.03 M reads/minute).

=== Summary ===

Total reads processed:              18,080,856
Reads with adapters:                10,030,757 (55.5%)
Reads written (passing filters):    18,080,856 (100.0%)

Total basepairs processed: 2,712,128,400 bp
Quality-trimmed:               7,887,277 bp (0.3%)
Total written (filtered):  2,538,604,602 bp (93.6%)

=== Adapter 1 ===

Sequence: AGATCGGAAGAGCGTCGTGTAGGGAAAGAGTGT; Type: regular 3'; Length: 33; Trimmed: 10030757 times

Minimum overlap: 1
No. of allowed errors:
1-9 bp: 0; 10-19 bp: 1; 20-29 bp: 2; 30-33 bp: 3

Bases preceding removed adapters:
  A: 22.9%
  C: 29.2%
  G: 27.9%
  T: 19.9%
  none/other: 0.1%

Overview of removed sequences
length	count	expect	max.err	error counts
1	3490414	4520214.0	0	3490414
2	900467	1130053.5	0	900467
3	346491	282513.4	0	346491
4	181075	70628.3	0	181075
5	138272	17657.1	0	138272
6	122478	4414.3	0	122478
7	123524	1103.6	0	123524
8	115245	275.9	0	115245
9	111000	69.0	0	110641 359
10	112779	17.2	1	110635 2144
11	110082	4.3	1	107877 2205
12	115811	1.1	1	113138 2673
13	112999	0.3	1	110516 2483
14	115452	0.1	1	112255 3197
15	130018	0.0	1	126339 3679
16	114307	0.0	1	110824 3483
17	117178	0.0	1	112335 4843
18	116924	0.0	1	111958 4889 77
19	126833	0.0	1	120677 6054 102
20	115205	0.0	2	109798 4779 628
21	99197	0.0	2	93758 4907 532
22	102745	0.0	2	95896 6151 698
23	108967	0.0	2	100390 7266 1311
24	116193	0.0	2	106234 8640 1319
25	104702	0.0	2	96473 7233 996
26	105660	0.0	2	96301 8116 1243
27	112657	0.0	2	101562 9101 1989 5
28	94643	0.0	2	85408 7487 1613 135
29	90578	0.0	2	81412 7770 1316 80
30	90288	0.0	3	79339 8064 2013 872
31	85396	0.0	3	76417 6943 1465 571
32	88777	0.0	3	78126 8295 1708 648
33	94807	0.0	3	82781 8711 2199 1116
34	84313	0.0	3	74392 7908 1462 551
35	89894	0.0	3	79050 7760 2024 1060
36	93480	0.0	3	81280 8506 2415 1279
37	78518	0.0	3	68912 6994 1728 884
38	80374	0.0	3	71503 6556 1509 806
39	88054	0.0	3	76037 8383 2292 1342
40	67661	0.0	3	58975 6046 1575 1065
41	72479	0.0	3	62872 6619 1875 1113
42	61936	0.0	3	55709 4727 1049 451
43	67033	0.0	3	59238 5605 1497 693
44	62014	0.0	3	54884 5284 1281 565
45	72171	0.0	3	61794 7027 2113 1237
46	59257	0.0	3	51777 5069 1578 833
47	55215	0.0	3	48964 4463 1255 533
48	63195	0.0	3	55011 5597 1716 871
49	51366	0.0	3	45758 4110 1030 468
50	46523	0.0	3	40996 3991 1017 519
51	44028	0.0	3	38724 3849 995 460
52	44741	0.0	3	39033 4032 1113 563
53	37249	0.0	3	33214 2908 717 410
54	38604	0.0	3	33709 3366 960 569
55	38490	0.0	3	33991 3244 835 420
56	32553	0.0	3	29046 2518 632 357
57	35305	0.0	3	30460 3270 998 577
58	38232	0.0	3	33308 3503 963 458
59	25413	0.0	3	22366 2214 562 271
60	27121	0.0	3	23881 2283 641 316
61	23716	0.0	3	21175 1866 465 210
62	23306	0.0	3	20641 1924 498 243
63	18151	0.0	3	16164 1380 383 224
64	21247	0.0	3	18706 1808 504 229
65	15641	0.0	3	14186 1081 264 110
66	16435	0.0	3	14584 1292 385 174
67	16239	0.0	3	14343 1342 366 188
68	13617	0.0	3	12019 1128 324 146
69	11072	0.0	3	9889 861 209 113
70	14182	0.0	3	12425 1242 357 158
71	6574	0.0	3	5790 577 131 76
72	8174	0.0	3	7227 651 179 117
73	7931	0.0	3	6947 713 189 82
74	8040	0.0	3	7086 671 197 86
75	8153	0.0	3	7435 518 136 64
76	2373	0.0	3	2086 213 41 33
77	5033	0.0	3	4557 305 105 66
78	4945	0.0	3	4392 402 114 37
79	4631	0.0	3	4105 357 99 70
80	4252	0.0	3	3741 343 103 65
81	3778	0.0	3	3292 323 103 60
82	3275	0.0	3	2815 307 82 71
83	3070	0.0	3	2561 313 119 77
84	2594	0.0	3	2261 235 55 43
85	2366	0.0	3	2060 209 61 36
86	2250	0.0	3	1955 192 60 43
87	2213	0.0	3	1954 174 49 36
88	2078	0.0	3	1809 158 69 42
89	1915	0.0	3	1719 126 45 25
90	1750	0.0	3	1525 141 49 35
91	1646	0.0	3	1469 108 38 31
92	1551	0.0	3	1377 123 29 22
93	1228	0.0	3	1067 109 26 26
94	1134	0.0	3	1002 95 23 14
95	985	0.0	3	849 97 24 15
96	895	0.0	3	802 65 19 9
97	839	0.0	3	736 65 22 16
98	777	0.0	3	689 58 16 14
99	845	0.0	3	713 76 30 26
100	720	0.0	3	616 72 22 10
101	633	0.0	3	528 64 23 18
102	657	0.0	3	537 70 21 29
103	585	0.0	3	499 52 19 15
104	507	0.0	3	416 51 23 17
105	422	0.0	3	360 32 14 16
106	426	0.0	3	355 39 24 8
107	533	0.0	3	432 61 23 17
108	523	0.0	3	353 78 50 42
109	344	0.0	3	277 39 17 11
110	388	0.0	3	310 44 20 14
111	332	0.0	3	272 27 15 18
112	349	0.0	3	255 47 28 19
113	284	0.0	3	222 30 10 22
114	288	0.0	3	224 31 15 18
115	331	0.0	3	227 34 33 37
116	266	0.0	3	175 43 21 27
117	250	0.0	3	152 38 28 32
118	275	0.0	3	170 42 26 37
119	259	0.0	3	155 36 27 41
120	464	0.0	3	208 80 88 88
121	727	0.0	3	276 149 116 186
122	405	0.0	3	205 83 54 63
123	175	0.0	3	113 21 24 17
124	132	0.0	3	89 16 12 15
125	97	0.0	3	71 6 9 11
126	90	0.0	3	59 11 5 15
127	82	0.0	3	43 15 4 20
128	121	0.0	3	57 19 15 30
129	165	0.0	3	73 26 21 45
130	1250	0.0	3	482 224 223 321
131	74093	0.0	3	48341 11505 7795 6452
132	308	0.0	3	232 39 23 14
133	118	0.0	3	93 13 7 5
134	167	0.0	3	149 14 3 1
135	116	0.0	3	100 12 2 2
136	68	0.0	3	60 2 4 2
137	99	0.0	3	91 6 2
138	155	0.0	3	140 9 4 2
139	108	0.0	3	96 9 2 1
140	153	0.0	3	142 8 2 1
141	232	0.0	3	209 17 3 3
142	138	0.0	3	130 5 1 2
143	187	0.0	3	170 12 4 1
144	219	0.0	3	197 14 7 1
145	182	0.0	3	167 9 5 1
146	326	0.0	3	296 25 2 3
147	303	0.0	3	272 21 7 3
148	304	0.0	3	272 17 5 10
149	168	0.0	3	118 31 11 8
150	5949	0.0	3	5061 491 194 203

RUN STATISTICS FOR INPUT FILE: /vortexfs1/omics/tepolt/raw_reads/C_maenas/Cm_yrv_2023/5-135_R2_001.fastq.gz
=============================================
18080856 sequences processed in total
Sequences removed because they became shorter than the length cutoff of 20 bp:	89411 (0.5%)

