
SUMMARISING RUN PARAMETERS
==========================
Input filename: /vortexfs1/omics/tepolt/raw_reads/C_maenas/Cm_yrv_2023/5-130_R2_001.fastq.gz
Trimming mode: single-end
Trim Galore version: 0.6.6
Cutadapt version: 3.5
Python version: could not detect
Number of cores used for trimming: 8
Quality Phred score cutoff: 20
Quality encoding type selected: ASCII+33
Adapter sequence: 'AGATCGGAAGAGCGTCGTGTAGGGAAAGAGTGT' (user defined)
Maximum trimming error rate: 0.1 (default)
Minimum required adapter overlap (stringency): 1 bp
Minimum required sequence length before a sequence gets removed: 20 bp
Running FastQC on the data once trimming has completed
Running FastQC with the following extra arguments: --outdir /vortexfs1/scratch/yaamini.venkataraman/wc-green-crab/output/06b-trimgalore     --threads 28
Output file will be GZIP compressed


This is cutadapt 3.5 with Python 3.9.5
Command line parameters: -j 8 -e 0.1 -q 20 -O 1 -a AGATCGGAAGAGCGTCGTGTAGGGAAAGAGTGT /vortexfs1/omics/tepolt/raw_reads/C_maenas/Cm_yrv_2023/5-130_R2_001.fastq.gz
Processing reads on 8 cores in single-end mode ...
Finished in 100.64 s (2 µs/read; 28.16 M reads/minute).

=== Summary ===

Total reads processed:              47,240,071
Reads with adapters:                20,519,704 (43.4%)
Reads written (passing filters):    47,240,071 (100.0%)

Total basepairs processed: 7,086,010,650 bp
Quality-trimmed:              17,020,251 bp (0.2%)
Total written (filtered):  6,913,680,397 bp (97.6%)

=== Adapter 1 ===

Sequence: AGATCGGAAGAGCGTCGTGTAGGGAAAGAGTGT; Type: regular 3'; Length: 33; Trimmed: 20519704 times

Minimum overlap: 1
No. of allowed errors:
1-9 bp: 0; 10-19 bp: 1; 20-29 bp: 2; 30-33 bp: 3

Bases preceding removed adapters:
  A: 30.1%
  C: 24.0%
  G: 22.3%
  T: 23.5%
  none/other: 0.1%

Overview of removed sequences
length	count	expect	max.err	error counts
1	11946056	11810017.8	0	11946056
2	2822879	2952504.4	0	2822879
3	887080	738126.1	0	887080
4	324578	184531.5	0	324578
5	182912	46132.9	0	182912
6	146642	11533.2	0	146642
7	143402	2883.3	0	143402
8	130641	720.8	0	130641
9	123799	180.2	0	123133 666
10	122904	45.1	1	120474 2430
11	118400	11.3	1	116025 2375
12	121372	2.8	1	118542 2830
13	118662	0.7	1	116365 2297
14	119375	0.2	1	116447 2928
15	134061	0.0	1	130576 3485
16	112251	0.0	1	109082 3169
17	111907	0.0	1	107831 4076
18	109294	0.0	1	105143 4084 67
19	117866	0.0	1	112808 4987 71
20	107900	0.0	2	103202 4156 542
21	89236	0.0	2	84780 4047 409
22	89764	0.0	2	84370 4867 527
23	95760	0.0	2	88821 5946 993
24	99107	0.0	2	91129 6988 990
25	89571	0.0	2	83268 5570 733
26	87878	0.0	2	80622 6287 969
27	91338	0.0	2	82893 6915 1522 8
28	75653	0.0	2	68797 5571 1202 83
29	71886	0.0	2	65301 5610 920 55
30	69801	0.0	3	61893 5805 1442 661
31	67803	0.0	3	60849 5434 1091 429
32	67805	0.0	3	60012 6045 1244 504
33	70176	0.0	3	61710 6167 1547 752
34	62976	0.0	3	56083 5580 989 324
35	67396	0.0	3	59876 5384 1414 722
36	69725	0.0	3	61238 5972 1592 923
37	57526	0.0	3	51068 4779 1086 593
38	57910	0.0	3	52054 4385 954 517
39	63990	0.0	3	55881 5675 1562 872
40	49694	0.0	3	43890 4051 1068 685
41	53201	0.0	3	46487 4626 1353 735
42	44130	0.0	3	40088 3122 636 284
43	47638	0.0	3	42378 3799 956 505
44	43255	0.0	3	38689 3422 765 379
45	49417	0.0	3	42725 4539 1351 802
46	39444	0.0	3	34754 3204 984 502
47	37643	0.0	3	33652 2884 764 343
48	43062	0.0	3	37797 3654 1040 571
49	35399	0.0	3	31626 2793 713 267
50	32270	0.0	3	28806 2498 630 336
51	30218	0.0	3	26862 2451 603 302
52	31983	0.0	3	28152 2748 702 381
53	25892	0.0	3	23250 1891 499 252
54	26100	0.0	3	22871 2272 589 368
55	26210	0.0	3	23283 2107 517 303
56	22728	0.0	3	20449 1648 419 212
57	24751	0.0	3	21609 2131 640 371
58	25230	0.0	3	22219 2124 578 309
59	19664	0.0	3	17518 1565 391 190
60	19010	0.0	3	16740 1620 419 231
61	17109	0.0	3	15310 1301 328 170
62	18262	0.0	3	16176 1463 428 195
63	13872	0.0	3	12330 1099 273 170
64	16059	0.0	3	14238 1292 346 183
65	12195	0.0	3	11091 815 192 97
66	12078	0.0	3	10732 955 262 129
67	12373	0.0	3	11063 932 257 121
68	10214	0.0	3	9038 827 227 122
69	8607	0.0	3	7694 666 159 88
70	10405	0.0	3	9147 902 221 135
71	5427	0.0	3	4833 434 96 64
72	6503	0.0	3	5738 538 158 69
73	6486	0.0	3	5663 574 170 79
74	6278	0.0	3	5524 536 140 78
75	6559	0.0	3	5888 437 148 86
76	1976	0.0	3	1695 183 56 42
77	4047	0.0	3	3568 305 104 70
78	4093	0.0	3	3670 290 74 59
79	3957	0.0	3	3490 296 103 68
80	3538	0.0	3	3054 285 105 94
81	3572	0.0	3	2898 352 160 162
82	3964	0.0	3	2777 441 323 423
83	3475	0.0	3	2416 489 280 290
84	2494	0.0	3	2037 260 110 87
85	2116	0.0	3	1799 200 62 55
86	2140	0.0	3	1837 187 72 44
87	2006	0.0	3	1736 152 75 43
88	1942	0.0	3	1699 141 55 47
89	1726	0.0	3	1484 148 53 41
90	1641	0.0	3	1421 145 46 29
91	1612	0.0	3	1380 143 49 40
92	1427	0.0	3	1228 130 40 29
93	1224	0.0	3	1038 124 32 30
94	1057	0.0	3	895 101 33 28
95	910	0.0	3	765 82 37 26
96	845	0.0	3	711 79 28 27
97	833	0.0	3	698 68 35 32
98	762	0.0	3	630 86 23 23
99	1041	0.0	3	775 141 67 58
100	793	0.0	3	643 82 36 32
101	659	0.0	3	522 81 26 30
102	569	0.0	3	445 57 39 28
103	618	0.0	3	504 62 29 23
104	525	0.0	3	422 60 24 19
105	535	0.0	3	428 70 21 16
106	551	0.0	3	435 57 31 28
107	2944	0.0	3	2605 228 75 36
108	607	0.0	3	424 72 56 55
109	693	0.0	3	571 78 21 23
110	453	0.0	3	349 48 28 28
111	484	0.0	3	351 62 34 37
112	424	0.0	3	295 55 28 46
113	452	0.0	3	332 55 33 32
114	417	0.0	3	287 59 26 45
115	372	0.0	3	222 49 43 58
116	492	0.0	3	288 68 55 81
117	449	0.0	3	259 66 51 73
118	489	0.0	3	332 74 41 42
119	375	0.0	3	202 63 57 53
120	539	0.0	3	226 93 93 127
121	941	0.0	3	310 175 199 257
122	483	0.0	3	227 95 69 92
123	264	0.0	3	152 42 40 30
124	162	0.0	3	117 16 12 17
125	132	0.0	3	84 16 11 21
126	141	0.0	3	94 19 13 15
127	143	0.0	3	83 20 11 29
128	203	0.0	3	117 25 20 41
129	251	0.0	3	137 33 39 42
130	2468	0.0	3	1514 315 276 363
131	92476	0.0	3	59860 14688 9761 8167
132	683	0.0	3	506 100 40 37
133	261	0.0	3	201 34 18 8
134	335	0.0	3	276 30 20 9
135	301	0.0	3	240 35 19 7
136	178	0.0	3	144 20 6 8
137	213	0.0	3	179 24 3 7
138	275	0.0	3	252 16 5 2
139	233	0.0	3	212 20 0 1
140	314	0.0	3	288 20 3 3
141	499	0.0	3	464 25 9 1
142	366	0.0	3	326 33 5 2
143	483	0.0	3	444 28 9 2
144	614	0.0	3	556 39 13 6
145	583	0.0	3	533 34 10 6
146	918	0.0	3	845 51 13 9
147	716	0.0	3	664 40 8 4
148	629	0.0	3	575 40 9 5
149	340	0.0	3	253 52 23 12
150	11613	0.0	3	9865 1094 360 294

RUN STATISTICS FOR INPUT FILE: /vortexfs1/omics/tepolt/raw_reads/C_maenas/Cm_yrv_2023/5-130_R2_001.fastq.gz
=============================================
47240071 sequences processed in total
Sequences removed because they became shorter than the length cutoff of 20 bp:	122400 (0.3%)

