
SUMMARISING RUN PARAMETERS
==========================
Input filename: /vortexfs1/omics/tepolt/raw_reads/C_maenas/Cm_yrv_2023/5-131_R2_001.fastq.gz
Trimming mode: single-end
Trim Galore version: 0.6.6
Cutadapt version: 3.5
Python version: could not detect
Number of cores used for trimming: 8
Quality Phred score cutoff: 20
Quality encoding type selected: ASCII+33
Adapter sequence: 'AGATCGGAAGAGCGTCGTGTAGGGAAAGAGTGT' (user defined)
Maximum trimming error rate: 0.1 (default)
Minimum required adapter overlap (stringency): 1 bp
Minimum required sequence length before a sequence gets removed: 20 bp
Running FastQC on the data once trimming has completed
Running FastQC with the following extra arguments: --outdir /vortexfs1/scratch/yaamini.venkataraman/wc-green-crab/output/06b-trimgalore     --threads 28
Output file will be GZIP compressed


This is cutadapt 3.5 with Python 3.9.5
Command line parameters: -j 8 -e 0.1 -q 20 -O 1 -a AGATCGGAAGAGCGTCGTGTAGGGAAAGAGTGT /vortexfs1/omics/tepolt/raw_reads/C_maenas/Cm_yrv_2023/5-131_R2_001.fastq.gz
Processing reads on 8 cores in single-end mode ...
Finished in 107.82 s (2 µs/read; 28.83 M reads/minute).

=== Summary ===

Total reads processed:              51,805,687
Reads with adapters:                28,478,252 (55.0%)
Reads written (passing filters):    51,805,687 (100.0%)

Total basepairs processed: 7,770,853,050 bp
Quality-trimmed:              17,994,177 bp (0.2%)
Total written (filtered):  7,299,195,360 bp (93.9%)

=== Adapter 1 ===

Sequence: AGATCGGAAGAGCGTCGTGTAGGGAAAGAGTGT; Type: regular 3'; Length: 33; Trimmed: 28478252 times

Minimum overlap: 1
No. of allowed errors:
1-9 bp: 0; 10-19 bp: 1; 20-29 bp: 2; 30-33 bp: 3

Bases preceding removed adapters:
  A: 23.9%
  C: 29.1%
  G: 28.4%
  T: 18.5%
  none/other: 0.0%

Overview of removed sequences
length	count	expect	max.err	error counts
1	10335779	12951421.8	0	10335779
2	2620916	3237855.4	0	2620916
3	1015365	809463.9	0	1015365
4	495977	202366.0	0	495977
5	362769	50591.5	0	362769
6	323146	12647.9	0	323146
7	321215	3162.0	0	321215
8	317285	790.5	0	317285
9	295964	197.6	0	294998 966
10	296580	49.4	1	291591 4989
11	287103	12.4	1	281913 5190
12	296730	3.1	1	290514 6216
13	294904	0.8	1	289367 5537
14	301844	0.2	1	294866 6978
15	339124	0.0	1	330763 8361
16	299971	0.0	1	291965 8006
17	306819	0.0	1	295921 10898
18	308295	0.0	1	296865 11279 151
19	328370	0.0	1	314297 13854 219
20	303045	0.0	2	290711 10924 1410
21	263977	0.0	2	251023 11858 1096
22	270716	0.0	2	255031 14203 1482
23	292757	0.0	2	272465 17259 3033
24	307747	0.0	2	284163 20680 2904
25	279644	0.0	2	260693 16592 2359
26	284145	0.0	2	261906 19437 2802
27	309946	0.0	2	282277 22575 5075 19
28	256509	0.0	2	234114 18042 4087 266
29	251959	0.0	2	229568 19128 3086 177
30	244824	0.0	3	218681 19641 4550 1952
31	230888	0.0	3	209080 17157 3368 1283
32	238734	0.0	3	212984 20203 3923 1624
33	258134	0.0	3	228640 21282 5301 2911
34	229079	0.0	3	205011 19479 3432 1157
35	246598	0.0	3	220752 18945 4527 2374
36	253186	0.0	3	223147 21276 5546 3217
37	219293	0.0	3	195606 17600 4041 2046
38	227772	0.0	3	205749 16448 3647 1928
39	250910	0.0	3	220278 21347 5880 3405
40	193811	0.0	3	171559 15388 3997 2867
41	211030	0.0	3	185471 17690 4980 2889
42	175818	0.0	3	160454 11931 2375 1058
43	189554	0.0	3	170009 14443 3493 1609
44	176354	0.0	3	158734 13154 3032 1434
45	203338	0.0	3	177170 18111 5120 2937
46	167946	0.0	3	148602 13208 4062 2074
47	160574	0.0	3	144727 11496 3068 1283
48	184114	0.0	3	162745 14774 4316 2279
49	155139	0.0	3	140237 11010 2781 1111
50	142206	0.0	3	127542 10768 2587 1309
51	133840	0.0	3	119833 10104 2672 1231
52	135390	0.0	3	120158 11061 2798 1373
53	115593	0.0	3	104627 8053 1870 1043
54	116991	0.0	3	103497 9455 2548 1491
55	119581	0.0	3	107390 8968 2138 1085
56	103839	0.0	3	94125 6971 1700 1043
57	113552	0.0	3	99638 9374 2791 1749
58	122519	0.0	3	108683 9922 2644 1270
59	88640	0.0	3	79073 7119 1648 800
60	91719	0.0	3	81889 7064 1776 990
61	81649	0.0	3	74004 5624 1380 641
62	80831	0.0	3	72558 6025 1528 720
63	61977	0.0	3	55786 4483 1089 619
64	72147	0.0	3	64367 5731 1390 659
65	55026	0.0	3	50335 3540 760 391
66	57205	0.0	3	51424 4202 1061 518
67	57138	0.0	3	51219 4409 1002 508
68	48864	0.0	3	43870 3674 895 425
69	41554	0.0	3	37622 2951 661 320
70	51370	0.0	3	45785 4069 1002 514
71	24374	0.0	3	21792 1880 462 240
72	29339	0.0	3	26223 2271 552 293
73	28764	0.0	3	25464 2390 582 328
74	28107	0.0	3	25040 2235 555 277
75	29121	0.0	3	26952 1532 444 193
76	8694	0.0	3	7609 813 183 89
77	17447	0.0	3	15939 1060 282 166
78	17898	0.0	3	16131 1250 317 200
79	16281	0.0	3	14637 1112 361 171
80	14670	0.0	3	13044 1149 322 155
81	13132	0.0	3	11707 1014 248 163
82	11111	0.0	3	9878 846 239 148
83	9630	0.0	3	8473 782 228 147
84	8379	0.0	3	7388 688 183 120
85	7469	0.0	3	6607 604 152 106
86	7210	0.0	3	6399 522 174 115
87	6744	0.0	3	5958 537 167 82
88	6491	0.0	3	5749 511 150 81
89	5988	0.0	3	5362 438 120 68
90	5542	0.0	3	4925 410 124 83
91	5220	0.0	3	4654 394 105 67
92	4482	0.0	3	4023 333 72 54
93	3776	0.0	3	3372 274 68 62
94	3333	0.0	3	2975 235 73 50
95	2578	0.0	3	2273 198 54 53
96	2389	0.0	3	2143 164 47 35
97	2349	0.0	3	2105 153 47 44
98	2345	0.0	3	2092 153 52 48
99	2197	0.0	3	1937 153 68 39
100	1973	0.0	3	1692 170 63 48
101	1885	0.0	3	1636 158 51 40
102	1503	0.0	3	1289 120 51 43
103	1384	0.0	3	1192 138 29 25
104	1212	0.0	3	1073 70 36 33
105	967	0.0	3	848 73 30 16
106	959	0.0	3	817 84 32 26
107	939	0.0	3	814 69 21 35
108	1010	0.0	3	813 100 44 53
109	886	0.0	3	757 79 23 27
110	843	0.0	3	707 81 21 34
111	707	0.0	3	600 60 20 27
112	700	0.0	3	586 66 26 22
113	556	0.0	3	457 55 19 25
114	435	0.0	3	362 28 26 19
115	451	0.0	3	345 46 22 38
116	473	0.0	3	354 55 34 30
117	333	0.0	3	256 28 21 28
118	336	0.0	3	261 35 19 21
119	335	0.0	3	231 44 32 28
120	526	0.0	3	294 89 75 68
121	601	0.0	3	290 92 100 119
122	401	0.0	3	245 57 43 56
123	200	0.0	3	142 21 16 21
124	158	0.0	3	117 18 12 11
125	120	0.0	3	93 14 6 7
126	118	0.0	3	84 13 9 12
127	122	0.0	3	92 15 6 9
128	142	0.0	3	95 22 9 16
129	163	0.0	3	100 19 25 19
130	883	0.0	3	429 147 117 190
131	41183	0.0	3	26604 6542 4383 3654
132	206	0.0	3	156 25 9 16
133	148	0.0	3	128 14 4 2
134	233	0.0	3	206 16 8 3
135	285	0.0	3	259 18 5 3
136	118	0.0	3	96 7 3 12
137	131	0.0	3	120 5 4 2
138	293	0.0	3	273 12 5 3
139	140	0.0	3	124 12 1 3
140	168	0.0	3	153 10 2 3
141	369	0.0	3	344 23 2
142	143	0.0	3	129 10 3 1
143	253	0.0	3	227 13 8 5
144	309	0.0	3	278 14 10 7
145	276	0.0	3	250 20 4 2
146	318	0.0	3	295 17 1 5
147	321	0.0	3	288 20 9 4
148	287	0.0	3	262 17 7 1
149	221	0.0	3	137 39 27 18
150	9141	0.0	3	7110 973 497 561

RUN STATISTICS FOR INPUT FILE: /vortexfs1/omics/tepolt/raw_reads/C_maenas/Cm_yrv_2023/5-131_R2_001.fastq.gz
=============================================
51805687 sequences processed in total
Sequences removed because they became shorter than the length cutoff of 20 bp:	65036 (0.1%)

