
SUMMARISING RUN PARAMETERS
==========================
Input filename: /vortexfs1/omics/tepolt/raw_reads/C_maenas/Cm_yrv_2023/5-182_R2_001.fastq.gz
Trimming mode: single-end
Trim Galore version: 0.6.6
Cutadapt version: 3.5
Python version: could not detect
Number of cores used for trimming: 8
Quality Phred score cutoff: 20
Quality encoding type selected: ASCII+33
Adapter sequence: 'AGATCGGAAGAGCGTCGTGTAGGGAAAGAGTGT' (user defined)
Maximum trimming error rate: 0.1 (default)
Minimum required adapter overlap (stringency): 1 bp
Minimum required sequence length before a sequence gets removed: 20 bp
Running FastQC on the data once trimming has completed
Running FastQC with the following extra arguments: --outdir /vortexfs1/scratch/yaamini.venkataraman/wc-green-crab/output/06b-trimgalore     --threads 28
Output file will be GZIP compressed


This is cutadapt 3.5 with Python 3.9.5
Command line parameters: -j 8 -e 0.1 -q 20 -O 1 -a AGATCGGAAGAGCGTCGTGTAGGGAAAGAGTGT /vortexfs1/omics/tepolt/raw_reads/C_maenas/Cm_yrv_2023/5-182_R2_001.fastq.gz
Processing reads on 8 cores in single-end mode ...
Finished in 83.00 s (2 µs/read; 25.51 M reads/minute).

=== Summary ===

Total reads processed:              35,284,655
Reads with adapters:                15,626,970 (44.3%)
Reads written (passing filters):    35,284,655 (100.0%)

Total basepairs processed: 5,292,698,250 bp
Quality-trimmed:              15,603,299 bp (0.3%)
Total written (filtered):  5,140,373,167 bp (97.1%)

=== Adapter 1 ===

Sequence: AGATCGGAAGAGCGTCGTGTAGGGAAAGAGTGT; Type: regular 3'; Length: 33; Trimmed: 15626970 times

Minimum overlap: 1
No. of allowed errors:
1-9 bp: 0; 10-19 bp: 1; 20-29 bp: 2; 30-33 bp: 3

Bases preceding removed adapters:
  A: 27.5%
  C: 26.8%
  G: 24.7%
  T: 20.9%
  none/other: 0.1%

Overview of removed sequences
length	count	expect	max.err	error counts
1	8239720	8821163.8	0	8239720
2	2133301	2205290.9	0	2133301
3	716073	551322.7	0	716073
4	277503	137830.7	0	277503
5	173311	34457.7	0	173311
6	141455	8614.4	0	141455
7	138418	2153.6	0	138418
8	128246	538.4	0	128246
9	123646	134.6	0	123023 623
10	123259	33.7	1	120521 2738
11	119249	8.4	1	116479 2770
12	121220	2.1	1	118107 3113
13	116139	0.5	1	113679 2460
14	116824	0.1	1	113557 3267
15	125909	0.0	1	122431 3478
16	109369	0.0	1	106165 3204
17	111822	0.0	1	107324 4498
18	107350	0.0	1	102956 4332 62
19	114518	0.0	1	108953 5470 95
20	107187	0.0	2	102178 4421 588
21	89348	0.0	2	84562 4297 489
22	90093	0.0	2	84156 5285 652
23	94897	0.0	2	87977 5991 929
24	98062	0.0	2	89904 7105 1053
25	85979	0.0	2	79478 5734 767
26	86196	0.0	2	78781 6461 954
27	90340	0.0	2	81862 6971 1501 6
28	73390	0.0	2	66759 5434 1110 87
29	73837	0.0	2	66736 6072 999 30
30	70285	0.0	3	62360 6073 1366 486
31	66313	0.0	3	59442 5388 1093 390
32	65935	0.0	3	58414 6005 1088 428
33	64873	0.0	3	58308 5258 931 376
34	69516	0.0	3	59408 7417 1874 817
35	68589	0.0	3	61190 5937 1077 385
36	52436	0.0	3	46473 4738 922 303
37	53481	0.0	3	47554 4814 870 243
38	55240	0.0	3	49304 4803 880 253
39	50881	0.0	3	44859 4859 877 286
40	50301	0.0	3	44373 4809 851 268
41	48266	0.0	3	42279 4721 941 325
42	39307	0.0	3	35469 3175 510 153
43	41735	0.0	3	36936 3842 725 232
44	38709	0.0	3	34368 3535 590 216
45	42331	0.0	3	36431 4564 994 342
46	34532	0.0	3	30197 3483 642 210
47	32226	0.0	3	28419 3060 573 174
48	35124	0.0	3	30879 3412 616 217
49	28401	0.0	3	25349 2534 391 127
50	25558	0.0	3	22665 2317 445 131
51	24835	0.0	3	21912 2267 495 161
52	24651	0.0	3	21564 2470 447 170
53	20070	0.0	3	17990 1671 296 113
54	20044	0.0	3	17655 1859 373 157
55	20377	0.0	3	17959 1902 380 136
56	17296	0.0	3	15520 1416 263 97
57	18276	0.0	3	15857 1873 392 154
58	19492	0.0	3	17094 1904 370 124
59	12899	0.0	3	11365 1197 233 104
60	13668	0.0	3	12152 1210 238 68
61	11987	0.0	3	10763 1009 152 63
62	11348	0.0	3	10068 1038 186 56
63	8947	0.0	3	7948 803 158 38
64	10705	0.0	3	9419 1014 221 51
65	7740	0.0	3	6977 616 112 35
66	7799	0.0	3	6902 712 137 48
67	7527	0.0	3	6563 774 143 47
68	6588	0.0	3	5795 638 113 42
69	5226	0.0	3	4616 494 87 29
70	7146	0.0	3	6225 708 153 60
71	3257	0.0	3	2845 322 58 32
72	4032	0.0	3	3528 400 68 36
73	4433	0.0	3	3869 449 87 28
74	3988	0.0	3	3473 418 55 42
75	3909	0.0	3	3577 273 42 17
76	1148	0.0	3	973 140 25 10
77	2667	0.0	3	2384 216 43 24
78	2578	0.0	3	2285 212 50 31
79	2374	0.0	3	2097 199 45 33
80	2347	0.0	3	1993 238 66 50
81	2217	0.0	3	1773 252 104 88
82	2205	0.0	3	1652 250 164 139
83	2469	0.0	3	1467 441 286 275
84	1715	0.0	3	1333 210 107 65
85	1465	0.0	3	1221 150 60 34
86	1390	0.0	3	1121 169 62 38
87	1448	0.0	3	1230 156 37 25
88	1220	0.0	3	1045 120 43 12
89	1183	0.0	3	1042 98 27 16
90	1128	0.0	3	969 110 29 20
91	978	0.0	3	848 90 27 13
92	1011	0.0	3	852 111 39 9
93	891	0.0	3	724 127 29 11
94	769	0.0	3	651 83 24 11
95	686	0.0	3	575 70 24 17
96	614	0.0	3	518 63 23 10
97	621	0.0	3	513 79 21 8
98	628	0.0	3	531 54 31 12
99	666	0.0	3	517 83 41 25
100	606	0.0	3	504 76 18 8
101	555	0.0	3	447 65 27 16
102	564	0.0	3	405 96 39 24
103	477	0.0	3	374 48 36 19
104	443	0.0	3	347 54 27 15
105	410	0.0	3	322 53 26 9
106	421	0.0	3	317 67 22 15
107	662	0.0	3	516 83 32 31
108	711	0.0	3	408 159 92 52
109	385	0.0	3	304 43 26 12
110	423	0.0	3	280 73 37 33
111	390	0.0	3	273 65 26 26
112	414	0.0	3	272 75 36 31
113	369	0.0	3	238 72 34 25
114	800	0.0	3	639 92 39 30
115	428	0.0	3	223 99 63 43
116	465	0.0	3	232 117 61 55
117	400	0.0	3	183 97 67 53
118	401	0.0	3	230 78 56 37
119	433	0.0	3	206 95 76 56
120	880	0.0	3	339 238 178 125
121	1079	0.0	3	376 303 253 147
122	739	0.0	3	352 177 126 84
123	251	0.0	3	138 65 29 19
124	157	0.0	3	110 20 11 16
125	124	0.0	3	74 18 17 15
126	140	0.0	3	90 13 18 19
127	152	0.0	3	88 20 19 25
128	270	0.0	3	93 60 53 64
129	307	0.0	3	125 60 56 66
130	2681	0.0	3	1261 568 467 385
131	104384	0.0	3	63595 24427 10653 5709
132	654	0.0	3	487 104 46 17
133	213	0.0	3	160 32 12 9
134	236	0.0	3	194 23 15 4
135	210	0.0	3	159 33 12 6
136	121	0.0	3	104 11 5 1
137	136	0.0	3	117 10 7 2
138	195	0.0	3	177 15 1 2
139	165	0.0	3	147 14 3 1
140	168	0.0	3	157 8 3
141	295	0.0	3	266 26 1 2
142	184	0.0	3	169 11 3 1
143	279	0.0	3	250 23 6
144	324	0.0	3	294 28 1 1
145	330	0.0	3	302 21 5 2
146	406	0.0	3	369 30 6 1
147	396	0.0	3	349 35 5 7
148	336	0.0	3	300 27 2 7
149	386	0.0	3	223 124 27 12
150	9657	0.0	3	8042 1030 375 210

RUN STATISTICS FOR INPUT FILE: /vortexfs1/omics/tepolt/raw_reads/C_maenas/Cm_yrv_2023/5-182_R2_001.fastq.gz
=============================================
35284655 sequences processed in total
Sequences removed because they became shorter than the length cutoff of 20 bp:	131176 (0.4%)

