
SUMMARISING RUN PARAMETERS
==========================
Input filename: /vortexfs1/omics/tepolt/raw_reads/C_maenas/Cm_yrv_2023/5-181_R2_001.fastq.gz
Trimming mode: single-end
Trim Galore version: 0.6.6
Cutadapt version: 3.5
Python version: could not detect
Number of cores used for trimming: 8
Quality Phred score cutoff: 20
Quality encoding type selected: ASCII+33
Adapter sequence: 'AGATCGGAAGAGCGTCGTGTAGGGAAAGAGTGT' (user defined)
Maximum trimming error rate: 0.1 (default)
Minimum required adapter overlap (stringency): 1 bp
Minimum required sequence length before a sequence gets removed: 20 bp
Running FastQC on the data once trimming has completed
Running FastQC with the following extra arguments: --outdir /vortexfs1/scratch/yaamini.venkataraman/wc-green-crab/output/06b-trimgalore     --threads 28
Output file will be GZIP compressed


This is cutadapt 3.5 with Python 3.9.5
Command line parameters: -j 8 -e 0.1 -q 20 -O 1 -a AGATCGGAAGAGCGTCGTGTAGGGAAAGAGTGT /vortexfs1/omics/tepolt/raw_reads/C_maenas/Cm_yrv_2023/5-181_R2_001.fastq.gz
Processing reads on 8 cores in single-end mode ...
Finished in 128.29 s (2 µs/read; 28.05 M reads/minute).

=== Summary ===

Total reads processed:              59,966,791
Reads with adapters:                28,482,026 (47.5%)
Reads written (passing filters):    59,966,791 (100.0%)

Total basepairs processed: 8,995,018,650 bp
Quality-trimmed:              21,190,156 bp (0.2%)
Total written (filtered):  8,693,868,235 bp (96.7%)

=== Adapter 1 ===

Sequence: AGATCGGAAGAGCGTCGTGTAGGGAAAGAGTGT; Type: regular 3'; Length: 33; Trimmed: 28482026 times

Minimum overlap: 1
No. of allowed errors:
1-9 bp: 0; 10-19 bp: 1; 20-29 bp: 2; 30-33 bp: 3

Bases preceding removed adapters:
  A: 28.4%
  C: 24.6%
  G: 25.3%
  T: 21.6%
  none/other: 0.0%

Overview of removed sequences
length	count	expect	max.err	error counts
1	14372030	14991697.8	0	14372030
2	3421234	3747924.4	0	3421234
3	1157541	936981.1	0	1157541
4	488879	234245.3	0	488879
5	312019	58561.3	0	312019
6	261950	14640.3	0	261950
7	262171	3660.1	0	262171
8	247522	915.0	0	247522
9	230045	228.8	0	229067 978
10	229002	57.2	1	224926 4076
11	219822	14.3	1	215975 3847
12	229707	3.6	1	224917 4790
13	219522	0.9	1	215577 3945
14	223799	0.2	1	218470 5329
15	253667	0.1	1	247383 6284
16	218680	0.0	1	212889 5791
17	223311	0.0	1	215041 8270
18	225823	0.0	1	217177 8534 112
19	236592	0.0	1	226205 10245 142
20	214915	0.0	2	205877 8008 1030
21	184966	0.0	2	175795 8347 824
22	186699	0.0	2	175421 10277 1001
23	210276	0.0	2	196221 12264 1791
24	206908	0.0	2	191147 13827 1934
25	193728	0.0	2	180638 11698 1392
26	188282	0.0	2	173678 12813 1791
27	204116	0.0	2	185898 15209 2994 15
28	162278	0.0	2	148797 11186 2154 141
29	168350	0.0	2	152827 13255 2212 56
30	156146	0.0	3	140066 12636 2502 942
31	145856	0.0	3	132574 10882 1758 642
32	149596	0.0	3	133606 12748 2419 823
33	169353	0.0	3	150798 14309 3012 1234
34	135126	0.0	3	120887 11577 2034 628
35	145248	0.0	3	129822 11780 2431 1215
36	237908	0.0	3	207648 23824 5044 1392
37	83674	0.0	3	71979 9225 1767 703
38	185489	0.0	3	167551 14954 2366 618
39	87656	0.0	3	78111 8022 1181 342
40	138681	0.0	3	126434 10393 1480 374
41	79050	0.0	3	71303 6565 884 298
42	98712	0.0	3	90199 7160 1043 310
43	110893	0.0	3	100354 8728 1423 388
44	88996	0.0	3	80461 7152 1036 347
45	140181	0.0	3	125179 12261 2073 668
46	75495	0.0	3	67142 6752 1183 418
47	71579	0.0	3	64641 5820 839 279
48	109722	0.0	3	98707 9113 1419 483
49	66286	0.0	3	60244 5148 685 209
50	66677	0.0	3	60071 5422 908 276
51	66384	0.0	3	59847 5388 854 295
52	74674	0.0	3	66947 6350 1036 341
53	46011	0.0	3	41838 3450 506 217
54	59409	0.0	3	53089 5091 933 296
55	55992	0.0	3	50767 4333 646 246
56	45195	0.0	3	41368 3128 526 173
57	55939	0.0	3	49752 4899 966 322
58	63660	0.0	3	57510 5129 792 229
59	38102	0.0	3	34039 3399 493 171
60	35377	0.0	3	32170 2600 444 163
61	29767	0.0	3	27154 2144 350 119
62	41302	0.0	3	37517 3124 522 139
63	19069	0.0	3	17089 1620 265 95
64	35274	0.0	3	32297 2459 378 140
65	16785	0.0	3	15313 1233 166 73
66	21149	0.0	3	19128 1658 278 85
67	23626	0.0	3	21443 1820 292 71
68	15882	0.0	3	14332 1279 198 73
69	11348	0.0	3	10187 958 142 61
70	22014	0.0	3	20013 1615 288 98
71	4168	0.0	3	3402 603 114 49
72	10387	0.0	3	9257 915 167 48
73	10722	0.0	3	9535 990 142 55
74	10832	0.0	3	9745 892 151 44
75	10810	0.0	3	9868 765 132 45
76	3189	0.0	3	2764 351 55 19
77	5746	0.0	3	5222 423 75 26
78	6578	0.0	3	5928 509 103 38
79	6095	0.0	3	5446 516 96 37
80	5301	0.0	3	4767 443 58 33
81	4736	0.0	3	4187 428 87 34
82	4333	0.0	3	3862 356 87 28
83	3751	0.0	3	3278 342 80 51
84	3408	0.0	3	2994 325 66 23
85	3075	0.0	3	2692 296 54 33
86	3000	0.0	3	2661 263 41 35
87	2860	0.0	3	2536 247 57 20
88	2520	0.0	3	2216 236 49 19
89	2407	0.0	3	2155 189 48 15
90	2295	0.0	3	2027 204 39 25
91	2053	0.0	3	1796 181 50 26
92	1936	0.0	3	1758 126 34 18
93	1624	0.0	3	1445 130 28 21
94	1413	0.0	3	1244 124 28 17
95	1234	0.0	3	1058 129 31 16
96	1216	0.0	3	1073 97 27 19
97	1131	0.0	3	994 99 18 20
98	1017	0.0	3	900 75 27 15
99	1093	0.0	3	934 116 25 18
100	960	0.0	3	843 85 17 15
101	875	0.0	3	756 80 28 11
102	699	0.0	3	586 76 26 11
103	680	0.0	3	579 69 19 13
104	603	0.0	3	513 66 11 13
105	582	0.0	3	493 43 30 16
106	535	0.0	3	441 56 24 14
107	595	0.0	3	502 59 17 17
108	614	0.0	3	451 89 49 25
109	466	0.0	3	373 50 27 16
110	484	0.0	3	378 54 30 22
111	397	0.0	3	328 39 19 11
112	376	0.0	3	300 39 21 16
113	343	0.0	3	257 42 27 17
114	338	0.0	3	259 45 25 9
115	337	0.0	3	230 42 37 28
116	320	0.0	3	217 45 29 29
117	288	0.0	3	189 52 29 18
118	282	0.0	3	197 43 23 19
119	293	0.0	3	189 47 37 20
120	540	0.0	3	235 143 95 67
121	712	0.0	3	269 189 142 112
122	417	0.0	3	232 95 58 32
123	196	0.0	3	127 38 21 10
124	165	0.0	3	128 14 11 12
125	147	0.0	3	111 22 5 9
126	148	0.0	3	105 19 15 9
127	152	0.0	3	107 23 11 11
128	180	0.0	3	102 33 25 20
129	219	0.0	3	121 34 35 29
130	1272	0.0	3	618 259 226 169
131	56088	0.0	3	37587 11584 4555 2362
132	289	0.0	3	232 38 11 8
133	187	0.0	3	160 21 4 2
134	242	0.0	3	226 8 4 4
135	189	0.0	3	164 18 7
136	166	0.0	3	152 11 3
137	191	0.0	3	164 17 5 5
138	322	0.0	3	300 15 6 1
139	240	0.0	3	224 9 6 1
140	267	0.0	3	247 16 2 2
141	537	0.0	3	501 30 5 1
142	336	0.0	3	307 24 4 1
143	568	0.0	3	520 35 8 5
144	579	0.0	3	528 36 8 7
145	611	0.0	3	560 36 13 2
146	952	0.0	3	869 67 13 3
147	894	0.0	3	822 49 18 5
148	484	0.0	3	434 37 7 6
149	316	0.0	3	194 58 41 23
150	12306	0.0	3	8483 2001 1131 691

RUN STATISTICS FOR INPUT FILE: /vortexfs1/omics/tepolt/raw_reads/C_maenas/Cm_yrv_2023/5-181_R2_001.fastq.gz
=============================================
59966791 sequences processed in total
Sequences removed because they became shorter than the length cutoff of 20 bp:	87590 (0.1%)

