
SUMMARISING RUN PARAMETERS
==========================
Input filename: /vortexfs1/omics/tepolt/raw_reads/C_maenas/Cm_yrv_2023/5-188_R2_001.fastq.gz
Trimming mode: single-end
Trim Galore version: 0.6.6
Cutadapt version: 3.5
Python version: could not detect
Number of cores used for trimming: 8
Quality Phred score cutoff: 20
Quality encoding type selected: ASCII+33
Adapter sequence: 'AGATCGGAAGAGCGTCGTGTAGGGAAAGAGTGT' (user defined)
Maximum trimming error rate: 0.1 (default)
Minimum required adapter overlap (stringency): 1 bp
Minimum required sequence length before a sequence gets removed: 20 bp
Running FastQC on the data once trimming has completed
Running FastQC with the following extra arguments: --outdir /vortexfs1/scratch/yaamini.venkataraman/wc-green-crab/output/06b-trimgalore     --threads 28
Output file will be GZIP compressed


This is cutadapt 3.5 with Python 3.9.5
Command line parameters: -j 8 -e 0.1 -q 20 -O 1 -a AGATCGGAAGAGCGTCGTGTAGGGAAAGAGTGT /vortexfs1/omics/tepolt/raw_reads/C_maenas/Cm_yrv_2023/5-188_R2_001.fastq.gz
Processing reads on 8 cores in single-end mode ...
Finished in 84.36 s (2 µs/read; 26.50 M reads/minute).

=== Summary ===

Total reads processed:              37,262,764
Reads with adapters:                18,548,127 (49.8%)
Reads written (passing filters):    37,262,764 (100.0%)

Total basepairs processed: 5,589,414,600 bp
Quality-trimmed:              32,121,624 bp (0.6%)
Total written (filtered):  5,338,895,801 bp (95.5%)

=== Adapter 1 ===

Sequence: AGATCGGAAGAGCGTCGTGTAGGGAAAGAGTGT; Type: regular 3'; Length: 33; Trimmed: 18548127 times

Minimum overlap: 1
No. of allowed errors:
1-9 bp: 0; 10-19 bp: 1; 20-29 bp: 2; 30-33 bp: 3

Bases preceding removed adapters:
  A: 26.0%
  C: 28.1%
  G: 25.7%
  T: 20.0%
  none/other: 0.1%

Overview of removed sequences
length	count	expect	max.err	error counts
1	8107791	9315691.0	0	8107791
2	2092881	2328922.8	0	2092881
3	752281	582230.7	0	752281
4	326296	145557.7	0	326296
5	232124	36389.4	0	232124
6	201924	9097.4	0	201924
7	202484	2274.3	0	202484
8	187246	568.6	0	187246
9	179988	142.1	0	179198 790
10	183596	35.5	1	179852 3744
11	177432	8.9	1	173781 3651
12	186937	2.2	1	182454 4483
13	178523	0.6	1	174781 3742
14	184970	0.1	1	179604 5366
15	204417	0.0	1	198342 6075
16	174336	0.0	1	168753 5583
17	180876	0.0	1	172934 7942
18	176274	0.0	1	168438 7737 99
19	193589	0.0	1	183468 10002 119
20	174466	0.0	2	165956 7443 1067
21	152626	0.0	2	143738 7995 893
22	154002	0.0	2	143554 9359 1089
23	162445	0.0	2	149738 10901 1806
24	169801	0.0	2	154582 13006 2213
25	153227	0.0	2	141169 10460 1598
26	154578	0.0	2	140593 11979 2006
27	167926	0.0	2	150856 14069 2991 10
28	131806	0.0	2	119191 10361 2112 142
29	138029	0.0	2	123525 12243 2207 54
30	133315	0.0	3	117311 12430 2560 1014
31	120644	0.0	3	108168 10086 1745 645
32	126166	0.0	3	110395 12308 2511 952
33	139117	0.0	3	121576 13363 2975 1203
34	112043	0.0	3	98070 11133 2112 728
35	120497	0.0	3	105829 11123 2436 1109
36	202808	0.0	3	173402 22788 5044 1574
37	65168	0.0	3	54985 8104 1496 583
38	150901	0.0	3	133821 13849 2519 712
39	71564	0.0	3	62701 7303 1201 359
40	113333	0.0	3	101739 9701 1460 433
41	65025	0.0	3	57892 5983 873 277
42	82292	0.0	3	73737 7110 1102 343
43	90419	0.0	3	80443 8194 1365 417
44	73319	0.0	3	65236 6675 1071 337
45	111177	0.0	3	97514 10918 2045 700
46	64375	0.0	3	56473 6380 1134 388
47	56605	0.0	3	50286 5168 891 260
48	87256	0.0	3	77192 8195 1444 425
49	51855	0.0	3	46313 4645 686 211
50	53358	0.0	3	47132 5048 890 288
51	54265	0.0	3	47938 5127 915 285
52	61103	0.0	3	53768 5947 1068 320
53	35926	0.0	3	32242 2992 470 222
54	47913	0.0	3	42201 4502 908 302
55	45474	0.0	3	40630 3927 702 215
56	36276	0.0	3	32538 3021 514 203
57	45303	0.0	3	39731 4347 891 334
58	54134	0.0	3	48216 4857 820 241
59	29050	0.0	3	25420 2974 494 162
60	29499	0.0	3	26442 2456 429 172
61	23284	0.0	3	20865 1998 301 120
62	31295	0.0	3	27916 2742 489 148
63	15800	0.0	3	13970 1487 247 96
64	29130	0.0	3	26315 2335 353 127
65	12755	0.0	3	11388 1104 164 99
66	17101	0.0	3	15204 1537 270 90
67	18777	0.0	3	16821 1597 267 92
68	12611	0.0	3	11171 1161 204 75
69	8942	0.0	3	7832 919 134 57
70	18039	0.0	3	16222 1471 268 78
71	3461	0.0	3	2737 567 103 54
72	8354	0.0	3	7355 791 164 44
73	9220	0.0	3	8142 883 150 45
74	9514	0.0	3	8414 926 137 37
75	8916	0.0	3	8053 694 126 43
76	2508	0.0	3	2157 286 44 21
77	5068	0.0	3	4570 415 57 26
78	5577	0.0	3	4939 503 98 37
79	5053	0.0	3	4475 458 88 32
80	4665	0.0	3	4109 434 89 33
81	4320	0.0	3	3792 413 82 33
82	3711	0.0	3	3256 343 73 39
83	3147	0.0	3	2740 311 65 31
84	3062	0.0	3	2655 315 67 25
85	2750	0.0	3	2397 266 59 28
86	2743	0.0	3	2416 259 46 22
87	2555	0.0	3	2245 243 51 16
88	2268	0.0	3	2004 196 46 22
89	1998	0.0	3	1788 151 38 21
90	1913	0.0	3	1698 160 35 20
91	1733	0.0	3	1524 152 38 19
92	1692	0.0	3	1477 157 38 20
93	1466	0.0	3	1268 144 38 16
94	1399	0.0	3	1240 121 26 12
95	1151	0.0	3	1007 106 22 16
96	1127	0.0	3	997 101 21 8
97	977	0.0	3	854 83 30 10
98	989	0.0	3	852 99 26 12
99	907	0.0	3	794 75 29 9
100	790	0.0	3	652 103 20 15
101	708	0.0	3	608 68 20 12
102	644	0.0	3	543 67 26 8
103	666	0.0	3	562 72 24 8
104	557	0.0	3	471 59 16 11
105	565	0.0	3	475 57 19 14
106	507	0.0	3	426 55 16 10
107	542	0.0	3	476 44 15 7
108	502	0.0	3	419 50 20 13
109	392	0.0	3	332 42 10 8
110	444	0.0	3	383 41 14 6
111	339	0.0	3	284 36 11 8
112	279	0.0	3	227 37 12 3
113	282	0.0	3	229 30 15 8
114	304	0.0	3	248 42 7 7
115	250	0.0	3	191 25 24 10
116	263	0.0	3	202 27 22 12
117	205	0.0	3	155 25 16 9
118	237	0.0	3	184 32 13 8
119	219	0.0	3	173 30 8 8
120	226	0.0	3	136 40 33 17
121	293	0.0	3	170 62 39 22
122	187	0.0	3	130 35 15 7
123	138	0.0	3	107 14 12 5
124	84	0.0	3	69 10 1 4
125	91	0.0	3	69 15 6 1
126	83	0.0	3	59 12 9 3
127	85	0.0	3	57 13 8 7
128	86	0.0	3	58 17 6 5
129	84	0.0	3	55 15 6 8
130	417	0.0	3	213 92 67 45
131	16548	0.0	3	10900 3580 1340 728
132	140	0.0	3	103 24 7 6
133	77	0.0	3	62 11 4
134	240	0.0	3	213 22 3 2
135	108	0.0	3	95 8 4 1
136	103	0.0	3	86 10 4 3
137	162	0.0	3	143 16 2 1
138	299	0.0	3	267 25 6 1
139	180	0.0	3	157 18 4 1
140	246	0.0	3	216 25 5
141	391	0.0	3	353 35 2 1
142	254	0.0	3	233 19 2
143	404	0.0	3	371 25 5 3
144	498	0.0	3	459 31 6 2
145	425	0.0	3	386 28 7 4
146	671	0.0	3	609 47 9 6
147	669	0.0	3	610 42 11 6
148	606	0.0	3	547 41 10 8
149	375	0.0	3	257 66 36 16
150	12233	0.0	3	8620 1868 1114 631

RUN STATISTICS FOR INPUT FILE: /vortexfs1/omics/tepolt/raw_reads/C_maenas/Cm_yrv_2023/5-188_R2_001.fastq.gz
=============================================
37262764 sequences processed in total
Sequences removed because they became shorter than the length cutoff of 20 bp:	71374 (0.2%)

