
SUMMARISING RUN PARAMETERS
==========================
Input filename: /vortexfs1/omics/tepolt/raw_reads/C_maenas/Cm_yrv_2023/5-187_R2_001.fastq.gz
Trimming mode: single-end
Trim Galore version: 0.6.6
Cutadapt version: 3.5
Python version: could not detect
Number of cores used for trimming: 8
Quality Phred score cutoff: 20
Quality encoding type selected: ASCII+33
Adapter sequence: 'AGATCGGAAGAGCGTCGTGTAGGGAAAGAGTGT' (user defined)
Maximum trimming error rate: 0.1 (default)
Minimum required adapter overlap (stringency): 1 bp
Minimum required sequence length before a sequence gets removed: 20 bp
Running FastQC on the data once trimming has completed
Running FastQC with the following extra arguments: --outdir /vortexfs1/scratch/yaamini.venkataraman/wc-green-crab/output/06b-trimgalore     --threads 28
Output file will be GZIP compressed


This is cutadapt 3.5 with Python 3.9.5
Command line parameters: -j 8 -e 0.1 -q 20 -O 1 -a AGATCGGAAGAGCGTCGTGTAGGGAAAGAGTGT /vortexfs1/omics/tepolt/raw_reads/C_maenas/Cm_yrv_2023/5-187_R2_001.fastq.gz
Processing reads on 8 cores in single-end mode ...
Finished in 154.67 s (2 µs/read; 27.94 M reads/minute).

=== Summary ===

Total reads processed:              72,023,981
Reads with adapters:                35,184,776 (48.9%)
Reads written (passing filters):    72,023,981 (100.0%)

Total basepairs processed: 10,803,597,150 bp
Quality-trimmed:              30,563,359 bp (0.3%)
Total written (filtered):  10,266,457,414 bp (95.0%)

=== Adapter 1 ===

Sequence: AGATCGGAAGAGCGTCGTGTAGGGAAAGAGTGT; Type: regular 3'; Length: 33; Trimmed: 35184776 times

Minimum overlap: 1
No. of allowed errors:
1-9 bp: 0; 10-19 bp: 1; 20-29 bp: 2; 30-33 bp: 3

Bases preceding removed adapters:
  A: 25.4%
  C: 27.2%
  G: 26.4%
  T: 21.0%
  none/other: 0.0%

Overview of removed sequences
length	count	expect	max.err	error counts
1	15979699	18005995.2	0	15979699
2	3951313	4501498.8	0	3951313
3	1325737	1125374.7	0	1325737
4	542483	281343.7	0	542483
5	340624	70335.9	0	340624
6	282124	17584.0	0	282124
7	271979	4396.0	0	271979
8	254569	1099.0	0	254569
9	245479	274.7	0	244552 927
10	247060	68.7	1	242409 4651
11	244415	17.2	1	239539 4876
12	256948	4.3	1	251156 5792
13	255302	1.1	1	250122 5180
14	259010	0.3	1	252511 6499
15	295904	0.1	1	288419 7485
16	251695	0.0	1	244726 6969
17	255030	0.0	1	245463 9567
18	250037	0.0	1	240409 9508 120
19	262246	0.0	1	250600 11484 162
20	250245	0.0	2	239376 9558 1311
21	212509	0.0	2	202120 9423 966
22	221370	0.0	2	208051 11906 1413
23	244817	0.0	2	228039 14504 2274
24	256121	0.0	2	236249 17295 2577
25	233241	0.0	2	217147 14197 1897
26	230697	0.0	2	212386 15927 2384
27	243184	0.0	2	221002 18037 4136 9
28	202404	0.0	2	185085 14210 2927 182
29	198587	0.0	2	180861 15208 2423 95
30	194408	0.0	3	174099 15557 3387 1365
31	189293	0.0	3	171128 14318 2846 1001
32	195192	0.0	3	174311 16674 3064 1143
33	198199	0.0	3	179073 15070 2809 1247
34	224753	0.0	3	191962 23654 6235 2902
35	232318	0.0	3	208322 19003 3676 1317
36	177126	0.0	3	157753 15461 2830 1082
37	183436	0.0	3	164846 15377 2436 777
38	193729	0.0	3	174534 15631 2655 909
39	179940	0.0	3	160760 15594 2648 938
40	179289	0.0	3	159810 15768 2821 890
41	182766	0.0	3	160918 17217 3472 1159
42	150417	0.0	3	136864 11353 1695 505
43	171073	0.0	3	152984 14713 2551 825
44	164439	0.0	3	147500 13894 2292 753
45	194278	0.0	3	169696 19335 3890 1357
46	162922	0.0	3	144807 14466 2658 991
47	156720	0.0	3	140302 13495 2193 730
48	180635	0.0	3	160431 16294 2878 1032
49	149097	0.0	3	134061 12497 1962 577
50	136668	0.0	3	122433 11552 1969 714
51	135559	0.0	3	120813 11783 2199 764
52	146275	0.0	3	129307 13478 2643 847
53	123609	0.0	3	111951 9605 1500 553
54	131356	0.0	3	117133 11381 2039 803
55	141061	0.0	3	125921 12056 2349 735
56	126125	0.0	3	114383 9520 1606 616
57	143181	0.0	3	126138 13237 2762 1044
58	163592	0.0	3	144824 15063 2858 847
59	105611	0.0	3	94070 9435 1598 508
60	121079	0.0	3	108571 10377 1586 545
61	106199	0.0	3	96584 7980 1238 397
62	107070	0.0	3	96333 8800 1447 490
63	89546	0.0	3	80946 7045 1130 425
64	113938	0.0	3	102250 9652 1539 497
65	89594	0.0	3	81997 6364 931 302
66	98628	0.0	3	88652 8249 1336 391
67	100154	0.0	3	89913 8339 1435 467
68	87918	0.0	3	79075 7255 1186 402
69	72325	0.0	3	65500 5685 847 293
70	96733	0.0	3	86179 8629 1416 509
71	45648	0.0	3	40846 3881 691 230
72	59914	0.0	3	53796 5060 802 256
73	64379	0.0	3	57299 5858 913 309
74	67777	0.0	3	60775 5903 808 291
75	73360	0.0	3	67857 4571 692 240
76	21735	0.0	3	19128 2150 321 136
77	48205	0.0	3	44144 3331 543 187
78	48178	0.0	3	43736 3636 605 201
79	45234	0.0	3	40922 3522 563 227
80	41033	0.0	3	36956 3285 552 240
81	37302	0.0	3	33372 3153 575 202
82	34464	0.0	3	30998 2827 458 181
83	30567	0.0	3	27322 2600 483 162
84	28473	0.0	3	25535 2349 416 173
85	27706	0.0	3	24718 2400 413 175
86	27761	0.0	3	24839 2365 392 165
87	27746	0.0	3	24942 2258 399 147
88	24573	0.0	3	22058 1974 395 146
89	22369	0.0	3	20439 1533 286 111
90	19801	0.0	3	17969 1473 249 110
91	18573	0.0	3	16785 1410 251 127
92	16754	0.0	3	15169 1278 222 85
93	13907	0.0	3	12568 1059 190 90
94	13546	0.0	3	12181 1084 199 82
95	11606	0.0	3	10476 882 186 62
96	11094	0.0	3	9949 910 157 78
97	10921	0.0	3	9852 831 165 73
98	10274	0.0	3	9348 735 128 63
99	9285	0.0	3	8364 720 141 60
100	8144	0.0	3	7331 592 141 80
101	6892	0.0	3	6162 562 115 53
102	5837	0.0	3	5269 413 110 45
103	5578	0.0	3	5035 431 82 30
104	4722	0.0	3	4253 357 76 36
105	4614	0.0	3	4165 341 74 34
106	4585	0.0	3	4149 331 74 31
107	4634	0.0	3	4191 329 79 35
108	4058	0.0	3	3654 303 64 37
109	3734	0.0	3	3382 285 42 25
110	3257	0.0	3	2908 265 55 29
111	2739	0.0	3	2458 218 39 24
112	2316	0.0	3	2070 193 39 14
113	1966	0.0	3	1752 157 45 12
114	1979	0.0	3	1806 122 35 16
115	1480	0.0	3	1315 116 26 23
116	1551	0.0	3	1397 119 24 11
117	1362	0.0	3	1225 118 14 5
118	1398	0.0	3	1233 134 20 11
119	1245	0.0	3	1118 89 21 17
120	1089	0.0	3	952 91 30 16
121	1057	0.0	3	944 85 14 14
122	768	0.0	3	660 66 28 14
123	571	0.0	3	507 48 10 6
124	420	0.0	3	367 39 10 4
125	324	0.0	3	278 30 11 5
126	372	0.0	3	324 28 9 11
127	337	0.0	3	281 35 14 7
128	381	0.0	3	329 32 12 8
129	325	0.0	3	293 14 7 11
130	415	0.0	3	363 30 10 12
131	762	0.0	3	540 129 64 29
132	452	0.0	3	388 44 14 6
133	358	0.0	3	315 32 9 2
134	765	0.0	3	696 52 11 6
135	576	0.0	3	514 43 17 2
136	555	0.0	3	502 46 3 4
137	628	0.0	3	573 43 9 3
138	894	0.0	3	817 60 13 4
139	752	0.0	3	684 56 9 3
140	1012	0.0	3	926 72 9 5
141	1499	0.0	3	1373 107 14 5
142	875	0.0	3	809 56 8 2
143	1261	0.0	3	1146 88 20 7
144	1625	0.0	3	1487 109 23 6
145	1593	0.0	3	1462 105 22 4
146	2246	0.0	3	2066 148 23 9
147	1786	0.0	3	1628 124 25 9
148	1227	0.0	3	1129 82 8 8
149	402	0.0	3	322 48 22 10
150	14093	0.0	3	11991 1262 392 448

RUN STATISTICS FOR INPUT FILE: /vortexfs1/omics/tepolt/raw_reads/C_maenas/Cm_yrv_2023/5-187_R2_001.fastq.gz
=============================================
72023981 sequences processed in total
Sequences removed because they became shorter than the length cutoff of 20 bp:	49272 (0.1%)

