
SUMMARISING RUN PARAMETERS
==========================
Input filename: /vortexfs1/omics/tepolt/raw_reads/C_maenas/Cm_yrv_2023/5-189_R2_001.fastq.gz
Trimming mode: single-end
Trim Galore version: 0.6.6
Cutadapt version: 3.5
Python version: could not detect
Number of cores used for trimming: 8
Quality Phred score cutoff: 20
Quality encoding type selected: ASCII+33
Adapter sequence: 'AGATCGGAAGAGCGTCGTGTAGGGAAAGAGTGT' (user defined)
Maximum trimming error rate: 0.1 (default)
Minimum required adapter overlap (stringency): 1 bp
Minimum required sequence length before a sequence gets removed: 20 bp
Running FastQC on the data once trimming has completed
Running FastQC with the following extra arguments: --outdir /vortexfs1/scratch/yaamini.venkataraman/wc-green-crab/output/06b-trimgalore     --threads 28
Output file will be GZIP compressed


This is cutadapt 3.5 with Python 3.9.5
Command line parameters: -j 8 -e 0.1 -q 20 -O 1 -a AGATCGGAAGAGCGTCGTGTAGGGAAAGAGTGT /vortexfs1/omics/tepolt/raw_reads/C_maenas/Cm_yrv_2023/5-189_R2_001.fastq.gz
Processing reads on 8 cores in single-end mode ...
Finished in 72.01 s (2 µs/read; 26.65 M reads/minute).

=== Summary ===

Total reads processed:              31,982,944
Reads with adapters:                13,320,132 (41.6%)
Reads written (passing filters):    31,982,944 (100.0%)

Total basepairs processed: 4,797,441,600 bp
Quality-trimmed:              13,609,583 bp (0.3%)
Total written (filtered):  4,681,204,690 bp (97.6%)

=== Adapter 1 ===

Sequence: AGATCGGAAGAGCGTCGTGTAGGGAAAGAGTGT; Type: regular 3'; Length: 33; Trimmed: 13320132 times

Minimum overlap: 1
No. of allowed errors:
1-9 bp: 0; 10-19 bp: 1; 20-29 bp: 2; 30-33 bp: 3

Bases preceding removed adapters:
  A: 30.3%
  C: 24.2%
  G: 23.4%
  T: 22.0%
  none/other: 0.1%

Overview of removed sequences
length	count	expect	max.err	error counts
1	8014318	7995736.0	0	8014318
2	1953722	1998934.0	0	1953722
3	613347	499733.5	0	613347
4	214340	124933.4	0	214340
5	111077	31233.3	0	111077
6	84406	7808.3	0	84406
7	80319	1952.1	0	80319
8	74120	488.0	0	74120
9	70116	122.0	0	69619 497
10	69568	30.5	1	67733 1835
11	67178	7.6	1	65477 1701
12	69099	1.9	1	67190 1909
13	64609	0.5	1	63220 1389
14	65153	0.1	1	63235 1918
15	71913	0.0	1	69833 2080
16	60452	0.0	1	58600 1852
17	61679	0.0	1	58976 2703
18	59512	0.0	1	56824 2661 27
19	63984	0.0	1	60614 3309 61
20	57315	0.0	2	54520 2429 366
21	48899	0.0	2	46035 2571 293
22	48520	0.0	2	45210 2946 364
23	51745	0.0	2	47648 3472 625
24	53390	0.0	2	48541 4134 715
25	47009	0.0	2	43372 3165 472
26	46340	0.0	2	42187 3601 552
27	47623	0.0	2	42935 3836 846 6
28	39471	0.0	2	35593 3152 679 47
29	39129	0.0	2	35098 3396 614 21
30	39889	0.0	3	35030 3708 813 338
31	31069	0.0	3	27951 2483 445 190
32	35746	0.0	3	30852 3765 820 309
33	36348	0.0	3	32156 3312 630 250
34	30747	0.0	3	26840 3096 598 213
35	31312	0.0	3	27629 2826 594 263
36	38903	0.0	3	32969 4610 986 338
37	29392	0.0	3	25287 3197 689 219
38	29137	0.0	3	26124 2442 449 122
39	20783	0.0	3	18527 1875 290 91
40	24426	0.0	3	21584 2256 431 155
41	24170	0.0	3	21080 2449 491 150
42	23838	0.0	3	20602 2448 570 218
43	22933	0.0	3	19961 2321 485 166
44	19251	0.0	3	16824 1878 410 139
45	26099	0.0	3	22256 3018 602 223
46	16561	0.0	3	14248 1808 371 134
47	15144	0.0	3	13271 1520 261 92
48	20249	0.0	3	17534 2204 375 136
49	14113	0.0	3	12467 1309 261 76
50	13444	0.0	3	11732 1347 276 89
51	12719	0.0	3	11049 1292 277 101
52	14241	0.0	3	12208 1571 336 126
53	9653	0.0	3	8583 853 153 64
54	11342	0.0	3	9833 1166 247 96
55	11006	0.0	3	9705 1025 197 79
56	9047	0.0	3	7996 829 154 68
57	10532	0.0	3	9002 1148 281 101
58	11813	0.0	3	10261 1225 251 76
59	7001	0.0	3	6102 725 131 43
60	8340	0.0	3	7352 788 145 55
61	5335	0.0	3	4774 450 80 31
62	6376	0.0	3	5639 582 114 41
63	4662	0.0	3	4109 439 87 27
64	6548	0.0	3	5741 616 151 40
65	3903	0.0	3	3476 345 62 20
66	4390	0.0	3	3845 424 94 27
67	4677	0.0	3	4107 444 89 37
68	3496	0.0	3	3035 350 80 31
69	2597	0.0	3	2236 281 62 18
70	4634	0.0	3	4034 473 87 40
71	1233	0.0	3	1026 159 34 14
72	2216	0.0	3	1930 213 57 16
73	2587	0.0	3	2191 307 67 22
74	2476	0.0	3	2114 277 67 18
75	2660	0.0	3	2362 217 54 27
76	790	0.0	3	665 94 21 10
77	1459	0.0	3	1277 129 37 16
78	1563	0.0	3	1351 150 33 29
79	1458	0.0	3	1246 149 35 28
80	1415	0.0	3	1201 146 47 21
81	1385	0.0	3	1117 181 49 38
82	1326	0.0	3	1020 169 69 68
83	1566	0.0	3	983 266 175 142
84	1082	0.0	3	822 155 57 48
85	961	0.0	3	770 124 43 24
86	962	0.0	3	764 125 46 27
87	904	0.0	3	753 107 27 17
88	826	0.0	3	656 110 38 22
89	779	0.0	3	640 90 28 21
90	724	0.0	3	605 73 31 15
91	726	0.0	3	586 103 20 17
92	713	0.0	3	575 72 50 16
93	573	0.0	3	471 71 20 11
94	562	0.0	3	435 76 28 23
95	473	0.0	3	393 42 23 15
96	454	0.0	3	370 52 20 12
97	429	0.0	3	334 56 26 13
98	413	0.0	3	328 53 20 12
99	521	0.0	3	404 71 33 13
100	451	0.0	3	339 61 26 25
101	363	0.0	3	282 35 30 16
102	493	0.0	3	308 101 54 30
103	451	0.0	3	308 78 38 27
104	375	0.0	3	257 65 37 16
105	313	0.0	3	210 49 32 22
106	364	0.0	3	218 58 53 35
107	480	0.0	3	324 69 59 28
108	903	0.0	3	330 234 184 155
109	342	0.0	3	205 69 37 31
110	466	0.0	3	248 99 68 51
111	363	0.0	3	200 72 56 35
112	493	0.0	3	294 79 64 56
113	371	0.0	3	212 56 60 43
114	650	0.0	3	388 130 82 50
115	500	0.0	3	186 124 114 76
116	538	0.0	3	204 132 116 86
117	545	0.0	3	186 127 115 117
118	466	0.0	3	197 100 92 77
119	543	0.0	3	220 123 104 96
120	1155	0.0	3	266 293 329 267
121	1776	0.0	3	378 466 516 416
122	1044	0.0	3	367 318 199 160
123	323	0.0	3	156 78 57 32
124	171	0.0	3	95 29 21 26
125	225	0.0	3	128 47 24 26
126	207	0.0	3	103 32 40 32
127	221	0.0	3	99 38 43 41
128	387	0.0	3	99 80 100 108
129	481	0.0	3	129 117 124 111
130	4468	0.0	3	1654 1123 917 774
131	208347	0.0	3	116785 53537 24367 13658
132	1094	0.0	3	767 215 80 32
133	274	0.0	3	180 72 15 7
134	219	0.0	3	183 29 3 4
135	233	0.0	3	173 46 9 5
136	107	0.0	3	82 17 6 2
137	111	0.0	3	99 9 1 2
138	176	0.0	3	158 16 1 1
139	121	0.0	3	111 9 0 1
140	135	0.0	3	120 9 6
141	282	0.0	3	252 26 2 2
142	171	0.0	3	151 16 2 2
143	243	0.0	3	217 21 3 2
144	293	0.0	3	261 25 2 5
145	287	0.0	3	259 21 2 5
146	497	0.0	3	443 47 3 4
147	389	0.0	3	347 28 7 7
148	329	0.0	3	288 29 7 5
149	292	0.0	3	209 54 19 10
150	9149	0.0	3	7597 1029 314 209

RUN STATISTICS FOR INPUT FILE: /vortexfs1/omics/tepolt/raw_reads/C_maenas/Cm_yrv_2023/5-189_R2_001.fastq.gz
=============================================
31982944 sequences processed in total
Sequences removed because they became shorter than the length cutoff of 20 bp:	236120 (0.7%)

