
SUMMARISING RUN PARAMETERS
==========================
Input filename: /vortexfs1/omics/tepolt/raw_reads/C_maenas/Cm_yrv_2023/5-197_R2_001.fastq.gz
Trimming mode: single-end
Trim Galore version: 0.6.6
Cutadapt version: 3.5
Python version: could not detect
Number of cores used for trimming: 8
Quality Phred score cutoff: 20
Quality encoding type selected: ASCII+33
Adapter sequence: 'AGATCGGAAGAGCGTCGTGTAGGGAAAGAGTGT' (user defined)
Maximum trimming error rate: 0.1 (default)
Minimum required adapter overlap (stringency): 1 bp
Minimum required sequence length before a sequence gets removed: 20 bp
Running FastQC on the data once trimming has completed
Running FastQC with the following extra arguments: --outdir /vortexfs1/scratch/yaamini.venkataraman/wc-green-crab/output/06b-trimgalore     --threads 28
Output file will be GZIP compressed


This is cutadapt 3.5 with Python 3.9.5
Command line parameters: -j 8 -e 0.1 -q 20 -O 1 -a AGATCGGAAGAGCGTCGTGTAGGGAAAGAGTGT /vortexfs1/omics/tepolt/raw_reads/C_maenas/Cm_yrv_2023/5-197_R2_001.fastq.gz
Processing reads on 8 cores in single-end mode ...
Finished in 125.59 s (2 µs/read; 26.34 M reads/minute).

=== Summary ===

Total reads processed:              55,144,921
Reads with adapters:                27,830,903 (50.5%)
Reads written (passing filters):    55,144,921 (100.0%)

Total basepairs processed: 8,271,738,150 bp
Quality-trimmed:              26,040,261 bp (0.3%)
Total written (filtered):  7,787,160,048 bp (94.1%)

=== Adapter 1 ===

Sequence: AGATCGGAAGAGCGTCGTGTAGGGAAAGAGTGT; Type: regular 3'; Length: 33; Trimmed: 27830903 times

Minimum overlap: 1
No. of allowed errors:
1-9 bp: 0; 10-19 bp: 1; 20-29 bp: 2; 30-33 bp: 3

Bases preceding removed adapters:
  A: 23.3%
  C: 31.3%
  G: 26.9%
  T: 18.5%
  none/other: 0.1%

Overview of removed sequences
length	count	expect	max.err	error counts
1	10985837	13786230.2	0	10985837
2	3017607	3446557.6	0	3017607
3	1080686	861639.4	0	1080686
4	462344	215409.8	0	462344
5	316377	53852.5	0	316377
6	276973	13463.1	0	276973
7	273768	3365.8	0	273768
8	261577	841.4	0	261577
9	257068	210.4	0	256024 1044
10	263030	52.6	1	257763 5267
11	259483	13.1	1	254268 5215
12	263641	3.3	1	257495 6146
13	258493	0.8	1	253114 5379
14	263681	0.2	1	256922 6759
15	278724	0.1	1	271269 7455
16	246116	0.0	1	239082 7034
17	254065	0.0	1	244201 9864
18	250527	0.0	1	240527 9830 170
19	265138	0.0	1	252821 12167 150
20	254324	0.0	2	243000 9970 1354
21	218204	0.0	2	207229 9872 1103
22	223256	0.0	2	209455 12380 1421
23	231120	0.0	2	215155 13836 2129
24	245038	0.0	2	225445 16901 2692
25	219072	0.0	2	203504 13739 1829
26	223204	0.0	2	205420 15450 2334
27	241134	0.0	2	219403 17856 3863 12
28	193721	0.0	2	177197 13516 2837 171
29	203689	0.0	2	184745 16071 2794 79
30	193234	0.0	3	173255 15516 3238 1225
31	192504	0.0	3	173439 15162 2857 1046
32	192954	0.0	3	172484 16345 3006 1119
33	225960	0.0	3	196343 21252 5716 2649
34	184559	0.0	3	163784 16365 3222 1188
35	182942	0.0	3	165193 14344 2588 817
36	162456	0.0	3	147408 12676 1856 516
37	175317	0.0	3	156658 15376 2462 821
38	174518	0.0	3	157338 13998 2444 738
39	170285	0.0	3	150382 15798 3082 1023
40	166850	0.0	3	148415 14927 2691 817
41	144125	0.0	3	130299 11594 1717 515
42	150029	0.0	3	135179 12091 2085 674
43	152454	0.0	3	135486 13490 2581 897
44	139269	0.0	3	125237 11545 1874 613
45	159319	0.0	3	138870 15940 3356 1153
46	131912	0.0	3	117170 11680 2254 808
47	125618	0.0	3	112602 10722 1737 557
48	138589	0.0	3	122753 12737 2313 786
49	117980	0.0	3	105638 10258 1592 492
50	111372	0.0	3	99736 9414 1663 559
51	110871	0.0	3	98766 9594 1906 605
52	114906	0.0	3	101545 10619 2061 681
53	96333	0.0	3	87265 7380 1247 441
54	101674	0.0	3	90245 9031 1764 634
55	102447	0.0	3	91881 8447 1590 529
56	93240	0.0	3	84309 7196 1271 464
57	99132	0.0	3	87535 9045 1886 666
58	109435	0.0	3	96329 10535 1986 585
59	82602	0.0	3	72923 7818 1405 456
60	88415	0.0	3	79265 7490 1269 391
61	71939	0.0	3	65259 5607 831 242
62	72713	0.0	3	65177 6133 1060 343
63	64314	0.0	3	58021 5112 864 317
64	76957	0.0	3	68623 6857 1147 330
65	56351	0.0	3	51427 4092 622 210
66	61543	0.0	3	55109 5309 858 267
67	60133	0.0	3	53724 5341 780 288
68	54006	0.0	3	48454 4551 774 227
69	45000	0.0	3	40618 3628 572 182
70	61686	0.0	3	54768 5573 1019 326
71	29553	0.0	3	26395 2554 445 159
72	38739	0.0	3	34587 3400 579 173
73	41040	0.0	3	36344 3874 624 198
74	41304	0.0	3	36987 3590 529 198
75	43254	0.0	3	39929 2733 443 149
76	12456	0.0	3	10848 1333 198 77
77	28776	0.0	3	26210 2098 334 134
78	28801	0.0	3	26027 2226 393 155
79	27293	0.0	3	24619 2102 424 148
80	25193	0.0	3	22513 2123 384 173
81	23475	0.0	3	20891 2015 398 171
82	21838	0.0	3	19293 1944 405 196
83	19591	0.0	3	17069 1872 436 214
84	17848	0.0	3	15820 1569 338 121
85	16410	0.0	3	14555 1437 301 117
86	15927	0.0	3	14157 1408 265 97
87	15274	0.0	3	13487 1394 284 109
88	14959	0.0	3	13350 1276 229 104
89	13582	0.0	3	12287 989 210 96
90	12339	0.0	3	11063 998 192 86
91	11350	0.0	3	10097 993 184 76
92	10280	0.0	3	9201 838 171 70
93	8685	0.0	3	7795 693 142 55
94	7755	0.0	3	6920 662 118 55
95	6877	0.0	3	6146 591 94 46
96	6232	0.0	3	5569 502 116 45
97	5953	0.0	3	5259 515 126 53
98	5663	0.0	3	5049 450 107 57
99	5396	0.0	3	4691 473 155 77
100	4909	0.0	3	4352 380 109 68
101	4238	0.0	3	3714 353 104 67
102	3978	0.0	3	3336 410 170 62
103	3396	0.0	3	2925 318 109 44
104	2814	0.0	3	2438 251 86 39
105	2675	0.0	3	2275 271 79 50
106	2397	0.0	3	2028 236 80 53
107	2862	0.0	3	2414 275 101 72
108	2703	0.0	3	1991 364 202 146
109	1876	0.0	3	1566 184 71 55
110	1874	0.0	3	1499 201 105 69
111	1562	0.0	3	1266 176 72 48
112	1461	0.0	3	1152 180 82 47
113	1293	0.0	3	1002 158 77 56
114	1397	0.0	3	1077 168 99 53
115	1212	0.0	3	780 196 129 107
116	1164	0.0	3	708 192 150 114
117	1246	0.0	3	815 191 138 102
118	1144	0.0	3	715 194 136 99
119	1218	0.0	3	702 221 178 117
120	1878	0.0	3	852 465 322 239
121	2608	0.0	3	834 671 630 473
122	1474	0.0	3	778 368 199 129
123	655	0.0	3	432 127 57 39
124	425	0.0	3	288 58 46 33
125	402	0.0	3	244 67 50 41
126	469	0.0	3	251 85 77 56
127	534	0.0	3	297 84 77 76
128	912	0.0	3	307 206 204 195
129	1092	0.0	3	389 257 235 211
130	9108	0.0	3	3464 2382 1872 1390
131	366833	0.0	3	236333 80237 33197 17066
132	1918	0.0	3	1347 355 160 56
133	723	0.0	3	506 141 48 28
134	859	0.0	3	744 75 26 14
135	689	0.0	3	546 110 22 11
136	315	0.0	3	271 23 12 9
137	367	0.0	3	322 32 11 2
138	930	0.0	3	841 62 21 6
139	413	0.0	3	351 44 15 3
140	448	0.0	3	407 29 7 5
141	957	0.0	3	876 65 11 5
142	519	0.0	3	466 39 7 7
143	772	0.0	3	692 70 8 2
144	775	0.0	3	720 41 8 6
145	666	0.0	3	607 44 7 8
146	979	0.0	3	887 67 18 7
147	834	0.0	3	753 61 14 6
148	881	0.0	3	797 61 15 8
149	985	0.0	3	556 320 73 36
150	25381	0.0	3	19735 3062 1351 1233

RUN STATISTICS FOR INPUT FILE: /vortexfs1/omics/tepolt/raw_reads/C_maenas/Cm_yrv_2023/5-197_R2_001.fastq.gz
=============================================
55144921 sequences processed in total
Sequences removed because they became shorter than the length cutoff of 20 bp:	433384 (0.8%)

