	16.0	17.0	18.0	19.0	20.0	21.0	22.0	23.0	24.0	25.0	26.0	27.0	28.0	29.0	30.0	31.0	32.0	33.0	34.0	35.0	36.0	37.0	38.0	39.0	40.0
15-033_R1_001_val_1	2.0	80.0	916.0	4286.0	11036.0	18297.0	24899.0	29142.0	34310.0	38483.0	45938.0	53248.0	65574.0	77626.0	97549.0	119935.0	160242.0	210918.0	308575.0	476869.0	858588.0	1550534.0	3949471.0	24648535.0	13589426.0
	14.0	15.0	16.0	17.0	18.0	19.0	20.0	21.0	22.0	23.0	24.0	25.0	26.0	27.0	28.0	29.0	30.0	31.0	32.0	33.0	34.0	35.0	36.0	37.0	38.0	39.0	40.0
15-033_R2_001_val_2	2.0	102.0	1629.0	9213.0	24137.0	37777.0	50893.0	56204.0	61135.0	64299.0	72589.0	79521.0	91311.0	101004.0	118784.0	135148.0	160615.0	191300.0	247262.0	317655.0	450855.0	687965.0	1209184.0	2127819.0	5161586.0	25916220.0	9000270.0
	17.0	18.0	19.0	20.0	21.0	22.0	23.0	24.0	25.0	26.0	27.0	28.0	29.0	30.0	31.0	32.0	33.0	34.0	35.0	36.0	37.0	38.0	39.0	40.0
15-091_R1_001_val_1	53.0	772.0	3879.0	9576.0	15165.0	21361.0	25838.0	31265.0	36383.0	43312.0	50871.0	63678.0	75639.0	95334.0	117239.0	155750.0	205522.0	301555.0	468514.0	837173.0	1502526.0	3795322.0	22963822.0	13208017.0
	14.0	15.0	16.0	17.0	18.0	19.0	20.0	21.0	22.0	23.0	24.0	25.0	26.0	27.0	28.0	29.0	30.0	31.0	32.0	33.0	34.0	35.0	36.0	37.0	38.0	39.0	40.0
15-091_R2_001_val_2	5.0	112.0	1824.0	10803.0	26616.0	39913.0	51887.0	57422.0	62074.0	65115.0	73581.0	79562.0	90626.0	100686.0	118163.0	133213.0	159477.0	188069.0	240740.0	307414.0	434560.0	659059.0	1156644.0	2037800.0	4894789.0	23978919.0	9059493.0
	17.0	18.0	19.0	20.0	21.0	22.0	23.0	24.0	25.0	26.0	27.0	28.0	29.0	30.0	31.0	32.0	33.0	34.0	35.0	36.0	37.0	38.0	39.0	40.0
15-092_R1_001_val_1	71.0	1037.0	4863.0	11959.0	19059.0	25997.0	30779.0	37106.0	42401.0	50388.0	58121.0	71986.0	86768.0	106450.0	130688.0	173531.0	229213.0	332986.0	513080.0	920851.0	1652554.0	4207475.0	25452840.0	14908495.0
	14.0	15.0	16.0	17.0	18.0	19.0	20.0	21.0	22.0	23.0	24.0	25.0	26.0	27.0	28.0	29.0	30.0	31.0	32.0	33.0	34.0	35.0	36.0	37.0	38.0	39.0	40.0
15-092_R2_001_val_2	4.0	120.0	1833.0	10546.0	26486.0	39814.0	52401.0	59656.0	65818.0	68781.0	77615.0	83703.0	94780.0	104243.0	121983.0	136977.0	162723.0	191895.0	243674.0	309206.0	435495.0	659713.0	1167139.0	2084376.0	5134031.0	26791887.0	10943799.0
	16.0	17.0	18.0	19.0	20.0	21.0	22.0	23.0	24.0	25.0	26.0	27.0	28.0	29.0	30.0	31.0	32.0	33.0	34.0	35.0	36.0	37.0	38.0	39.0	40.0
15-152_R1_001_val_1	1.0	49.0	828.0	3640.0	8635.0	13106.0	17145.0	20094.0	24508.0	27992.0	33684.0	38977.0	47977.0	57343.0	72283.0	89235.0	118656.0	157172.0	230884.0	363068.0	652941.0	1174355.0	2989713.0	17541241.0	8711929.0
	14.0	15.0	16.0	17.0	18.0	19.0	20.0	21.0	22.0	23.0	24.0	25.0	26.0	27.0	28.0	29.0	30.0	31.0	32.0	33.0	34.0	35.0	36.0	37.0	38.0	39.0	40.0
15-152_R2_001_val_2	1.0	237.0	5755.0	31887.0	60506.0	58306.0	57749.0	58230.0	61284.0	63240.0	71392.0	73164.0	80748.0	85754.0	98859.0	109224.0	129350.0	151125.0	192600.0	245104.0	347990.0	528253.0	923666.0	1625694.0	3957860.0	18157878.0	5219600.0
	16.0	17.0	18.0	19.0	20.0	21.0	22.0	23.0	24.0	25.0	26.0	27.0	28.0	29.0	30.0	31.0	32.0	33.0	34.0	35.0	36.0	37.0	38.0	39.0	40.0
15-154_R1_001_val_1	4.0	104.0	1198.0	5118.0	11865.0	18871.0	25297.0	29800.0	36752.0	42533.0	50798.0	60152.0	75001.0	88745.0	112519.0	138484.0	184595.0	246432.0	357177.0	552006.0	992670.0	1784922.0	4529707.0	26748013.0	14035538.0
	14.0	15.0	16.0	17.0	18.0	19.0	20.0	21.0	22.0	23.0	24.0	25.0	26.0	27.0	28.0	29.0	30.0	31.0	32.0	33.0	34.0	35.0	36.0	37.0	38.0	39.0	40.0
15-154_R2_001_val_2	4.0	129.0	2056.0	11619.0	29394.0	42879.0	55181.0	60521.0	65359.0	69011.0	78836.0	85038.0	97491.0	108589.0	127251.0	143272.0	170925.0	203490.0	260582.0	333454.0	472455.0	718263.0	1265391.0	2246171.0	5475447.0	27817224.0	10188269.0
	16.0	17.0	18.0	19.0	20.0	21.0	22.0	23.0	24.0	25.0	26.0	27.0	28.0	29.0	30.0	31.0	32.0	33.0	34.0	35.0	36.0	37.0	38.0	39.0	40.0
15-161_R1_001_val_1	4.0	77.0	1050.0	4706.0	11437.0	18734.0	25626.0	30879.0	37929.0	43476.0	52451.0	61039.0	76122.0	90882.0	113903.0	140509.0	187845.0	249828.0	363649.0	558992.0	1002999.0	1800039.0	4558631.0	27123308.0	15753866.0
	14.0	15.0	16.0	17.0	18.0	19.0	20.0	21.0	22.0	23.0	24.0	25.0	26.0	27.0	28.0	29.0	30.0	31.0	32.0	33.0	34.0	35.0	36.0	37.0	38.0	39.0	40.0
15-161_R2_001_val_2	11.0	130.0	2017.0	11588.0	28992.0	43970.0	58025.0	65568.0	71483.0	75265.0	85427.0	92868.0	106882.0	118351.0	139479.0	157680.0	188233.0	223086.0	284823.0	364046.0	514716.0	779175.0	1369202.0	2413840.0	5886840.0	28859089.0	10367195.0
	16.0	17.0	18.0	19.0	20.0	21.0	22.0	23.0	24.0	25.0	26.0	27.0	28.0	29.0	30.0	31.0	32.0	33.0	34.0	35.0	36.0	37.0	38.0	39.0	40.0
25-046_R1_001_val_1	4.0	76.0	884.0	4014.0	9777.0	15595.0	21279.0	25863.0	31335.0	36091.0	43802.0	50979.0	63461.0	75315.0	94082.0	116881.0	153548.0	202230.0	292314.0	449476.0	805069.0	1447785.0	3658670.0	22898484.0	13368446.0
	14.0	15.0	16.0	17.0	18.0	19.0	20.0	21.0	22.0	23.0	24.0	25.0	26.0	27.0	28.0	29.0	30.0	31.0	32.0	33.0	34.0	35.0	36.0	37.0	38.0	39.0	40.0
25-046_R2_001_val_2	4.0	111.0	1619.0	9059.0	23638.0	37062.0	49460.0	55005.0	59297.0	62353.0	70531.0	77671.0	88347.0	97760.0	113881.0	129068.0	153668.0	182458.0	234619.0	299811.0	424410.0	643440.0	1133590.0	1998076.0	4854586.0	24492702.0	8573234.0
	16.0	17.0	18.0	19.0	20.0	21.0	22.0	23.0	24.0	25.0	26.0	27.0	28.0	29.0	30.0	31.0	32.0	33.0	34.0	35.0	36.0	37.0	38.0	39.0	40.0
25-047_R1_001_val_1	4.0	55.0	670.0	2680.0	6714.0	11653.0	17457.0	23072.0	29234.0	32915.0	38206.0	43825.0	53783.0	64146.0	81800.0	102001.0	147822.0	248880.0	307787.0	296608.0	492879.0	882265.0	2240675.0	12799043.0	8118545.0
	14.0	15.0	16.0	17.0	18.0	19.0	20.0	21.0	22.0	23.0	24.0	25.0	26.0	27.0	28.0	29.0	30.0	31.0	32.0	33.0	34.0	35.0	36.0	37.0	38.0	39.0	40.0
25-047_R2_001_val_2	4.0	112.0	2165.0	11982.0	28670.0	38150.0	42495.0	42708.0	44662.0	44266.0	46942.0	47200.0	52247.0	55164.0	63642.0	70153.0	82937.0	99162.0	129324.0	164862.0	230559.0	341764.0	593856.0	1039505.0	2542951.0	13177904.0	7049333.0
	16.0	17.0	18.0	19.0	20.0	21.0	22.0	23.0	24.0	25.0	26.0	27.0	28.0	29.0	30.0	31.0	32.0	33.0	34.0	35.0	36.0	37.0	38.0	39.0	40.0
25-048_R1_001_val_1	2.0	68.0	698.0	3185.0	7521.0	12305.0	16332.0	19607.0	23291.0	27415.0	32298.0	37828.0	47386.0	56856.0	71093.0	88235.0	116667.0	157385.0	226811.0	346519.0	618428.0	1111364.0	2790775.0	15005602.0	6524788.0
	14.0	15.0	16.0	17.0	18.0	19.0	20.0	21.0	22.0	23.0	24.0	25.0	26.0	27.0	28.0	29.0	30.0	31.0	32.0	33.0	34.0	35.0	36.0	37.0	38.0	39.0	40.0
25-048_R2_001_val_2	3.0	102.0	1365.0	7565.0	19958.0	30615.0	39921.0	44360.0	48269.0	50177.0	57012.0	61523.0	70983.0	78675.0	91982.0	104203.0	124775.0	147648.0	190322.0	241596.0	341960.0	514989.0	891572.0	1559284.0	3686193.0	15198278.0	3739129.0
	16.0	17.0	18.0	19.0	20.0	21.0	22.0	23.0	24.0	25.0	26.0	27.0	28.0	29.0	30.0	31.0	32.0	33.0	34.0	35.0	36.0	37.0	38.0	39.0	40.0
25-049_R1_001_val_1	2.0	67.0	852.0	4149.0	9536.0	14759.0	19715.0	23365.0	28626.0	32493.0	38448.0	45308.0	55804.0	67020.0	84222.0	104557.0	138736.0	183925.0	272323.0	428239.0	773056.0	1396686.0	3555328.0	20705804.0	10101003.0
	14.0	15.0	16.0	17.0	18.0	19.0	20.0	21.0	22.0	23.0	24.0	25.0	26.0	27.0	28.0	29.0	30.0	31.0	32.0	33.0	34.0	35.0	36.0	37.0	38.0	39.0	40.0
25-049_R2_001_val_2	7.0	336.0	6820.0	38361.0	71569.0	67821.0	66816.0	67598.0	71511.0	73852.0	82527.0	85321.0	94880.0	101158.0	116841.0	130441.0	155565.0	182330.0	234421.0	301383.0	427470.0	646682.0	1122140.0	1955566.0	4711455.0	21289791.0	5981361.0
	16.0	17.0	18.0	19.0	20.0	21.0	22.0	23.0	24.0	25.0	26.0	27.0	28.0	29.0	30.0	31.0	32.0	33.0	34.0	35.0	36.0	37.0	38.0	39.0	40.0
25-050_R1_001_val_1	4.0	70.0	1034.0	4874.0	11921.0	19039.0	25892.0	30746.0	36837.0	42478.0	50675.0	59907.0	74206.0	88291.0	109529.0	136254.0	181269.0	238490.0	349161.0	544081.0	979734.0	1774699.0	4525464.0	28089786.0	15187889.0
	14.0	15.0	16.0	17.0	18.0	19.0	20.0	21.0	22.0	23.0	24.0	25.0	26.0	27.0	28.0	29.0	30.0	31.0	32.0	33.0	34.0	35.0	36.0	37.0	38.0	39.0	40.0
25-050_R2_001_val_2	5.0	121.0	1914.0	10835.0	29076.0	46620.0	61352.0	67748.0	73236.0	76738.0	86047.0	93598.0	107671.0	118252.0	139355.0	157200.0	187414.0	222065.0	284132.0	362451.0	511720.0	779845.0	1376189.0	2439127.0	5898572.0	29263287.0	10167760.0
	16.0	17.0	18.0	19.0	20.0	21.0	22.0	23.0	24.0	25.0	26.0	27.0	28.0	29.0	30.0	31.0	32.0	33.0	34.0	35.0	36.0	37.0	38.0	39.0	40.0
25-051_R1_001_val_1	4.0	82.0	1104.0	5309.0	13976.0	24907.0	34479.0	39027.0	43309.0	46593.0	53333.0	61636.0	75724.0	90086.0	112297.0	138558.0	185040.0	248492.0	345181.0	524739.0	949493.0	1704678.0	4290963.0	26560608.0	16736185.0
	14.0	15.0	16.0	17.0	18.0	19.0	20.0	21.0	22.0	23.0	24.0	25.0	26.0	27.0	28.0	29.0	30.0	31.0	32.0	33.0	34.0	35.0	36.0	37.0	38.0	39.0	40.0
25-051_R2_001_val_2	6.0	162.0	2514.0	15088.0	36063.0	48713.0	60713.0	66935.0	73054.0	76006.0	86452.0	92970.0	106569.0	116573.0	136227.0	152783.0	180913.0	212340.0	270328.0	342047.0	481992.0	731457.0	1297464.0	2318662.0	5725125.0	28658590.0	10996057.0
	17.0	18.0	19.0	20.0	21.0	22.0	23.0	24.0	25.0	26.0	27.0	28.0	29.0	30.0	31.0	32.0	33.0	34.0	35.0	36.0	37.0	38.0	39.0	40.0
25-052_R1_001_val_1	77.0	703.0	3278.0	7806.0	12835.0	17911.0	21243.0	25735.0	29324.0	34744.0	40553.0	50374.0	60184.0	75545.0	93949.0	125293.0	168086.0	245901.0	376598.0	674627.0	1216710.0	3031422.0	16227232.0	7519799.0
	14.0	15.0	16.0	17.0	18.0	19.0	20.0	21.0	22.0	23.0	24.0	25.0	26.0	27.0	28.0	29.0	30.0	31.0	32.0	33.0	34.0	35.0	36.0	37.0	38.0	39.0	40.0
25-052_R2_001_val_2	5.0	117.0	1442.0	7833.0	20894.0	33300.0	43819.0	49503.0	53412.0	56090.0	62829.0	67943.0	77433.0	85577.0	100128.0	114330.0	137146.0	163855.0	211377.0	270038.0	380712.0	571385.0	985701.0	1694927.0	3914570.0	16313027.0	4642536.0
	16.0	17.0	18.0	19.0	20.0	21.0	22.0	23.0	24.0	25.0	26.0	27.0	28.0	29.0	30.0	31.0	32.0	33.0	34.0	35.0	36.0	37.0	38.0	39.0	40.0
25-053_R1_001_val_1	3.0	83.0	962.0	4473.0	11590.0	19353.0	25720.0	30408.0	35209.0	40099.0	47669.0	56257.0	68998.0	82917.0	105016.0	130544.0	173753.0	234625.0	331747.0	515438.0	931105.0	1683938.0	4278244.0	26371001.0	15424236.0
	14.0	15.0	16.0	17.0	18.0	19.0	20.0	21.0	22.0	23.0	24.0	25.0	26.0	27.0	28.0	29.0	30.0	31.0	32.0	33.0	34.0	35.0	36.0	37.0	38.0	39.0	40.0
25-053_R2_001_val_2	1.0	130.0	2479.0	14020.0	33200.0	45929.0	57146.0	63281.0	67718.0	71287.0	79967.0	86040.0	97731.0	107451.0	126139.0	142142.0	170629.0	204077.0	263229.0	340766.0	485512.0	741418.0	1310730.0	2304401.0	5640337.0	28193596.0	9954032.0
	16.0	17.0	18.0	19.0	20.0	21.0	22.0	23.0	24.0	25.0	26.0	27.0	28.0	29.0	30.0	31.0	32.0	33.0	34.0	35.0	36.0	37.0	38.0	39.0	40.0
25-054_R1_001_val_1	3.0	70.0	998.0	4449.0	11117.0	17554.0	24225.0	29086.0	35273.0	41150.0	49571.0	57939.0	71890.0	85462.0	106861.0	131191.0	173286.0	228697.0	331300.0	510924.0	914025.0	1655354.0	4220469.0	26561766.0	14898471.0
	14.0	15.0	16.0	17.0	18.0	19.0	20.0	21.0	22.0	23.0	24.0	25.0	26.0	27.0	28.0	29.0	30.0	31.0	32.0	33.0	34.0	35.0	36.0	37.0	38.0	39.0	40.0
25-054_R2_001_val_2	5.0	102.0	1730.0	9932.0	26281.0	41878.0	54728.0	60983.0	65856.0	70475.0	81056.0	88818.0	102349.0	114059.0	133575.0	149868.0	178326.0	208695.0	266316.0	340796.0	479929.0	726121.0	1275506.0	2252284.0	5500202.0	27984784.0	9946477.0
	16.0	17.0	18.0	19.0	20.0	21.0	22.0	23.0	24.0	25.0	26.0	27.0	28.0	29.0	30.0	31.0	32.0	33.0	34.0	35.0	36.0	37.0	38.0	39.0	40.0
25-055_R1_001_val_1	2.0	65.0	789.0	3296.0	7940.0	13199.0	18365.0	22083.0	26862.0	30981.0	37338.0	43691.0	53901.0	65276.0	82276.0	102295.0	137049.0	184580.0	267819.0	407740.0	730325.0	1309584.0	3282185.0	17418219.0	7823771.0
	14.0	15.0	16.0	17.0	18.0	19.0	20.0	21.0	22.0	23.0	24.0	25.0	26.0	27.0	28.0	29.0	30.0	31.0	32.0	33.0	34.0	35.0	36.0	37.0	38.0	39.0	40.0
25-055_R2_001_val_2	8.0	136.0	1427.0	7085.0	19801.0	32692.0	43230.0	46921.0	51046.0	53339.0	60191.0	66217.0	75728.0	84994.0	99601.0	112344.0	134693.0	160918.0	205318.0	261471.0	370896.0	555750.0	968514.0	1682742.0	3960259.0	17650250.0	5364060.0
	17.0	18.0	19.0	20.0	21.0	22.0	23.0	24.0	25.0	26.0	27.0	28.0	29.0	30.0	31.0	32.0	33.0	34.0	35.0	36.0	37.0	38.0	39.0	40.0
25-056_R1_001_val_1	49.0	728.0	3211.0	7734.0	12158.0	16849.0	19897.0	24250.0	28164.0	33723.0	39989.0	49930.0	59182.0	74636.0	92382.0	122248.0	161823.0	238458.0	374293.0	673325.0	1208087.0	3068165.0	18171477.0	9458797.0
	13.0	14.0	15.0	16.0	17.0	18.0	19.0	20.0	21.0	22.0	23.0	24.0	25.0	26.0	27.0	28.0	29.0	30.0	31.0	32.0	33.0	34.0	35.0	36.0	37.0	38.0	39.0	40.0
25-056_R2_001_val_2	1.0	5.0	243.0	6114.0	34263.0	62168.0	59137.0	58044.0	58865.0	62313.0	64369.0	72135.0	73982.0	82130.0	87414.0	100336.0	113307.0	132283.0	156493.0	199275.0	255474.0	361804.0	549946.0	967560.0	1706512.0	4166500.0	19137114.0	5371768.0
	17.0	18.0	19.0	20.0	21.0	22.0	23.0	24.0	25.0	26.0	27.0	28.0	29.0	30.0	31.0	32.0	33.0	34.0	35.0	36.0	37.0	38.0	39.0	40.0
25-058_R1_001_val_1	67.0	861.0	3967.0	9540.0	15071.0	21278.0	25832.0	31484.0	35914.0	42538.0	49851.0	61083.0	72403.0	90145.0	110128.0	143510.0	189520.0	276675.0	418542.0	733277.0	1300776.0	3243565.0	19853607.0	12102037.0
	14.0	15.0	16.0	17.0	18.0	19.0	20.0	21.0	22.0	23.0	24.0	25.0	26.0	27.0	28.0	29.0	30.0	31.0	32.0	33.0	34.0	35.0	36.0	37.0	38.0	39.0	40.0
25-058_R2_001_val_2	2.0	92.0	1684.0	9404.0	22641.0	33086.0	42113.0	46636.0	51474.0	54623.0	62244.0	67454.0	77145.0	85853.0	100228.0	112861.0	133416.0	158133.0	201006.0	257764.0	363805.0	548282.0	960927.0	1687069.0	4079526.0	21163532.0	8510671.0
	16.0	17.0	18.0	19.0	20.0	21.0	22.0	23.0	24.0	25.0	26.0	27.0	28.0	29.0	30.0	31.0	32.0	33.0	34.0	35.0	36.0	37.0	38.0	39.0	40.0
25-059_R1_001_val_1	5.0	151.0	1445.0	6434.0	15956.0	26731.0	35726.0	41010.0	46905.0	52205.0	60896.0	70598.0	87315.0	104287.0	130621.0	161605.0	218565.0	301550.0	408027.0	618612.0	1120935.0	2021656.0	5166073.0	32083544.0	19180178.0
	14.0	15.0	16.0	17.0	18.0	19.0	20.0	21.0	22.0	23.0	24.0	25.0	26.0	27.0	28.0	29.0	30.0	31.0	32.0	33.0	34.0	35.0	36.0	37.0	38.0	39.0	40.0
25-059_R2_001_val_2	7.0	189.0	3637.0	21214.0	48367.0	64430.0	80168.0	86744.0	93876.0	97943.0	108612.0	113975.0	127256.0	138527.0	161029.0	179006.0	213665.0	251987.0	324726.0	416218.0	594112.0	906477.0	1589615.0	2789992.0	6841150.0	34206958.0	12501150.0
	16.0	17.0	18.0	19.0	20.0	21.0	22.0	23.0	24.0	25.0	26.0	27.0	28.0	29.0	30.0	31.0	32.0	33.0	34.0	35.0	36.0	37.0	38.0	39.0	40.0
25-060_R1_001_val_1	2.0	135.0	1558.0	6600.0	15182.0	23650.0	31788.0	39237.0	45678.0	50839.0	60406.0	69183.0	84405.0	101084.0	125437.0	155029.0	207588.0	285111.0	381001.0	572079.0	1022905.0	1825170.0	4573677.0	27542089.0	16390855.0
	14.0	15.0	16.0	17.0	18.0	19.0	20.0	21.0	22.0	23.0	24.0	25.0	26.0	27.0	28.0	29.0	30.0	31.0	32.0	33.0	34.0	35.0	36.0	37.0	38.0	39.0	40.0
25-060_R2_001_val_2	5.0	173.0	2890.0	16691.0	38646.0	52151.0	65020.0	72185.0	78797.0	83187.0	93897.0	101161.0	114311.0	125859.0	145719.0	164799.0	194423.0	230592.0	296524.0	379382.0	537549.0	814040.0	1418667.0	2478831.0	5985483.0	29480014.0	10639692.0
	16.0	17.0	18.0	19.0	20.0	21.0	22.0	23.0	24.0	25.0	26.0	27.0	28.0	29.0	30.0	31.0	32.0	33.0	34.0	35.0	36.0	37.0	38.0	39.0	40.0
25-109_R1_001_val_1	3.0	88.0	981.0	4322.0	10631.0	17508.0	23703.0	28314.0	34212.0	40107.0	47736.0	55721.0	69083.0	82875.0	103279.0	127290.0	167949.0	222834.0	321216.0	492008.0	880279.0	1580782.0	3996843.0	23628159.0	12492630.0
	14.0	15.0	16.0	17.0	18.0	19.0	20.0	21.0	22.0	23.0	24.0	25.0	26.0	27.0	28.0	29.0	30.0	31.0	32.0	33.0	34.0	35.0	36.0	37.0	38.0	39.0	40.0
25-109_R2_001_val_2	5.0	126.0	1908.0	10842.0	25994.0	38600.0	49598.0	54762.0	59225.0	62871.0	71760.0	77827.0	89361.0	99621.0	116458.0	131115.0	156615.0	183523.0	234418.0	297876.0	421258.0	634007.0	1113358.0	1974877.0	4804756.0	24523408.0	9194384.0
	15.0	16.0	17.0	18.0	19.0	20.0	21.0	22.0	23.0	24.0	25.0	26.0	27.0	28.0	29.0	30.0	31.0	32.0	33.0	34.0	35.0	36.0	37.0	38.0	39.0	40.0
25-110_R1_001_val_1	1.0	3.0	78.0	993.0	4600.0	10616.0	16416.0	21111.0	24381.0	28373.0	31792.0	37690.0	44209.0	54988.0	65665.0	83951.0	104063.0	140376.0	184709.0	273031.0	426698.0	765476.0	1378046.0	3439993.0	18940384.0	9044429.0
	15.0	16.0	17.0	18.0	19.0	20.0	21.0	22.0	23.0	24.0	25.0	26.0	27.0	28.0	29.0	30.0	31.0	32.0	33.0	34.0	35.0	36.0	37.0	38.0	39.0	40.0
25-110_R2_001_val_2	118.0	1826.0	10645.0	26152.0	38833.0	49702.0	54518.0	58903.0	61407.0	68360.0	73676.0	84059.0	92310.0	108389.0	123206.0	148161.0	176802.0	227843.0	293478.0	416472.0	630526.0	1105981.0	1933698.0	4574744.0	19522356.0	5239907.0
	16.0	17.0	18.0	19.0	20.0	21.0	22.0	23.0	24.0	25.0	26.0	27.0	28.0	29.0	30.0	31.0	32.0	33.0	34.0	35.0	36.0	37.0	38.0	39.0	40.0
25-112_R1_001_val_1	3.0	80.0	1024.0	4300.0	10820.0	17524.0	24371.0	29198.0	35755.0	41757.0	50344.0	59821.0	74021.0	89338.0	112422.0	138213.0	184859.0	244059.0	355477.0	553037.0	987016.0	1775125.0	4474408.0	25177405.0	12143792.0
	14.0	15.0	16.0	17.0	18.0	19.0	20.0	21.0	22.0	23.0	24.0	25.0	26.0	27.0	28.0	29.0	30.0	31.0	32.0	33.0	34.0	35.0	36.0	37.0	38.0	39.0	40.0
25-112_R2_001_val_2	1.0	115.0	1886.0	10818.0	29390.0	47782.0	63595.0	69572.0	74611.0	78318.0	88870.0	96227.0	110427.0	122881.0	144193.0	163515.0	195729.0	233882.0	299919.0	385647.0	547078.0	822926.0	1430075.0	2476039.0	5828251.0	25758681.0	7503741.0
	16.0	17.0	18.0	19.0	20.0	21.0	22.0	23.0	24.0	25.0	26.0	27.0	28.0	29.0	30.0	31.0	32.0	33.0	34.0	35.0	36.0	37.0	38.0	39.0	40.0
25-113_R1_001_val_1	2.0	69.0	811.0	3571.0	8132.0	12814.0	17006.0	20458.0	24837.0	28604.0	34850.0	40559.0	51026.0	61297.0	77633.0	96766.0	129450.0	174190.0	252242.0	387624.0	698399.0	1259793.0	3181358.0	17416323.0	7801473.0
	14.0	15.0	16.0	17.0	18.0	19.0	20.0	21.0	22.0	23.0	24.0	25.0	26.0	27.0	28.0	29.0	30.0	31.0	32.0	33.0	34.0	35.0	36.0	37.0	38.0	39.0	40.0
25-113_R2_001_val_2	2.0	99.0	1432.0	7784.0	20287.0	31939.0	41679.0	46521.0	50078.0	52670.0	59558.0	65074.0	74463.0	83351.0	97729.0	110841.0	132233.0	159324.0	204038.0	261437.0	371642.0	564231.0	991750.0	1749850.0	4201894.0	17845616.0	4553765.0
	16.0	17.0	18.0	19.0	20.0	21.0	22.0	23.0	24.0	25.0	26.0	27.0	28.0	29.0	30.0	31.0	32.0	33.0	34.0	35.0	36.0	37.0	38.0	39.0	40.0
25-114_R1_001_val_1	4.0	141.0	1577.0	6869.0	16925.0	27457.0	37098.0	44265.0	53135.0	60857.0	72180.0	84603.0	104573.0	123844.0	155197.0	191942.0	252322.0	330633.0	480879.0	745459.0	1327243.0	2378568.0	6010689.0	35736626.0	18407894.0
	14.0	15.0	16.0	17.0	18.0	19.0	20.0	21.0	22.0	23.0	24.0	25.0	26.0	27.0	28.0	29.0	30.0	31.0	32.0	33.0	34.0	35.0	36.0	37.0	38.0	39.0	40.0
25-114_R2_001_val_2	4.0	138.0	2311.0	13533.0	34647.0	53835.0	70598.0	78858.0	86297.0	92228.0	105509.0	116304.0	133958.0	149588.0	175326.0	198166.0	237402.0	284728.0	369332.0	476908.0	682550.0	1036320.0	1802936.0	3138441.0	7537838.0	37253530.0	12519695.0
	16.0	17.0	18.0	19.0	20.0	21.0	22.0	23.0	24.0	25.0	26.0	27.0	28.0	29.0	30.0	31.0	32.0	33.0	34.0	35.0	36.0	37.0	38.0	39.0	40.0
25-115_R1_001_val_1	1.0	72.0	806.0	3543.0	8664.0	13491.0	17897.0	21653.0	26497.0	30632.0	36623.0	42749.0	52953.0	63927.0	79605.0	97552.0	130235.0	170584.0	249628.0	384326.0	686070.0	1237101.0	3143766.0	20136192.0	11901952.0
	14.0	15.0	16.0	17.0	18.0	19.0	20.0	21.0	22.0	23.0	24.0	25.0	26.0	27.0	28.0	29.0	30.0	31.0	32.0	33.0	34.0	35.0	36.0	37.0	38.0	39.0	40.0
25-115_R2_001_val_2	2.0	82.0	1326.0	7707.0	19122.0	30083.0	39307.0	43592.0	46820.0	49495.0	56118.0	61200.0	70689.0	78409.0	91249.0	102996.0	122819.0	144533.0	185303.0	237733.0	336448.0	514450.0	914903.0	1630101.0	4035701.0	21566372.0	8149959.0
	16.0	17.0	18.0	19.0	20.0	21.0	22.0	23.0	24.0	25.0	26.0	27.0	28.0	29.0	30.0	31.0	32.0	33.0	34.0	35.0	36.0	37.0	38.0	39.0	40.0
25-116_R1_001_val_1	2.0	72.0	918.0	4464.0	11505.0	18686.0	24643.0	29065.0	33800.0	38398.0	45199.0	52808.0	64716.0	77513.0	96793.0	120014.0	157751.0	209873.0	307002.0	474431.0	848750.0	1531188.0	3897118.0	23641912.0	12026245.0
	14.0	15.0	16.0	17.0	18.0	19.0	20.0	21.0	22.0	23.0	24.0	25.0	26.0	27.0	28.0	29.0	30.0	31.0	32.0	33.0	34.0	35.0	36.0	37.0	38.0	39.0	40.0
25-116_R2_001_val_2	3.0	124.0	1791.0	10062.0	25968.0	40449.0	54806.0	60872.0	66160.0	68286.0	76783.0	83813.0	95126.0	105864.0	123313.0	139395.0	165373.0	194894.0	247957.0	315248.0	445873.0	673467.0	1184843.0	2100517.0	5066629.0	24443988.0	7921262.0
	17.0	18.0	19.0	20.0	21.0	22.0	23.0	24.0	25.0	26.0	27.0	28.0	29.0	30.0	31.0	32.0	33.0	34.0	35.0	36.0	37.0	38.0	39.0	40.0
25-117_R1_001_val_1	41.0	625.0	2895.0	7531.0	12980.0	18307.0	22185.0	27799.0	31983.0	38406.0	45378.0	56178.0	67264.0	84281.0	104690.0	139653.0	184808.0	271425.0	423689.0	758749.0	1368847.0	3467821.0	20134265.0	11043794.0
	14.0	15.0	16.0	17.0	18.0	19.0	20.0	21.0	22.0	23.0	24.0	25.0	26.0	27.0	28.0	29.0	30.0	31.0	32.0	33.0	34.0	35.0	36.0	37.0	38.0	39.0	40.0
25-117_R2_001_val_2	2.0	115.0	1747.0	9854.0	24952.0	38262.0	49500.0	55324.0	60169.0	62309.0	69505.0	74935.0	85574.0	94786.0	110629.0	124627.0	148520.0	177244.0	225886.0	286840.0	407312.0	616206.0	1078614.0	1888256.0	4509600.0	20678635.0	7434191.0
	16.0	17.0	18.0	19.0	20.0	21.0	22.0	23.0	24.0	25.0	26.0	27.0	28.0	29.0	30.0	31.0	32.0	33.0	34.0	35.0	36.0	37.0	38.0	39.0	40.0
25-119_R1_001_val_1	2.0	97.0	1108.0	5105.0	12879.0	21320.0	29302.0	34437.0	40584.0	46205.0	55392.0	65197.0	81282.0	97447.0	124050.0	155459.0	210259.0	278983.0	411651.0	646702.0	1162246.0	2094314.0	5211167.0	27603582.0	12112805.0
	14.0	15.0	16.0	17.0	18.0	19.0	20.0	21.0	22.0	23.0	24.0	25.0	26.0	27.0	28.0	29.0	30.0	31.0	32.0	33.0	34.0	35.0	36.0	37.0	38.0	39.0	40.0
25-119_R2_001_val_2	7.0	198.0	3121.0	17102.0	40907.0	59689.0	76621.0	86326.0	94587.0	98242.0	109232.0	118210.0	133503.0	148392.0	173878.0	199320.0	239975.0	289282.0	374626.0	481115.0	684911.0	1029417.0	1779193.0	3066211.0	7050003.0	27544828.0	6602679.0
	16.0	17.0	18.0	19.0	20.0	21.0	22.0	23.0	24.0	25.0	26.0	27.0	28.0	29.0	30.0	31.0	32.0	33.0	34.0	35.0	36.0	37.0	38.0	39.0	40.0
25-120_R1_001_val_1	2.0	91.0	959.0	4410.0	11279.0	19006.0	26748.0	32548.0	39834.0	46959.0	55796.0	65678.0	80734.0	95542.0	119011.0	146693.0	192348.0	251520.0	367877.0	572252.0	1013157.0	1818751.0	4595612.0	28666492.0	16956820.0
	14.0	15.0	16.0	17.0	18.0	19.0	20.0	21.0	22.0	23.0	24.0	25.0	26.0	27.0	28.0	29.0	30.0	31.0	32.0	33.0	34.0	35.0	36.0	37.0	38.0	39.0	40.0
25-120_R2_001_val_2	8.0	113.0	1908.0	12034.0	29154.0	41697.0	54159.0	60776.0	66212.0	70841.0	80898.0	88508.0	102360.0	114757.0	134412.0	152459.0	181678.0	216683.0	275215.0	352313.0	498469.0	761615.0	1345899.0	2392897.0	5906201.0	30607641.0	11631212.0
	16.0	17.0	18.0	19.0	20.0	21.0	22.0	23.0	24.0	25.0	26.0	27.0	28.0	29.0	30.0	31.0	32.0	33.0	34.0	35.0	36.0	37.0	38.0	39.0	40.0
25-167_R1_001_val_1	4.0	54.0	717.0	3527.0	8795.0	13930.0	18643.0	21729.0	26347.0	30288.0	36345.0	42740.0	53044.0	63203.0	79591.0	99177.0	132718.0	176527.0	259960.0	408398.0	735967.0	1325394.0	3368216.0	19834969.0	10162422.0
	14.0	15.0	16.0	17.0	18.0	19.0	20.0	21.0	22.0	23.0	24.0	25.0	26.0	27.0	28.0	29.0	30.0	31.0	32.0	33.0	34.0	35.0	36.0	37.0	38.0	39.0	40.0
25-167_R2_001_val_2	2.0	257.0	6542.0	36659.0	68371.0	64178.0	63984.0	64583.0	68128.0	71005.0	78900.0	81260.0	90310.0	95376.0	110406.0	122427.0	143985.0	169036.0	216026.0	277041.0	392603.0	595550.0	1042655.0	1828511.0	4447233.0	20634664.0	6133013.0
	17.0	18.0	19.0	20.0	21.0	22.0	23.0	24.0	25.0	26.0	27.0	28.0	29.0	30.0	31.0	32.0	33.0	34.0	35.0	36.0	37.0	38.0	39.0	40.0
25-168_R1_001_val_1	76.0	896.0	4100.0	10458.0	17182.0	23738.0	27980.0	32714.0	37229.0	44882.0	51819.0	64341.0	76665.0	97007.0	119054.0	159959.0	212399.0	312733.0	482060.0	859968.0	1551525.0	3947665.0	23334338.0	11783841.0
	14.0	15.0	16.0	17.0	18.0	19.0	20.0	21.0	22.0	23.0	24.0	25.0	26.0	27.0	28.0	29.0	30.0	31.0	32.0	33.0	34.0	35.0	36.0	37.0	38.0	39.0	40.0
25-168_R2_001_val_2	2.0	110.0	1908.0	10781.0	27995.0	43985.0	58380.0	66532.0	73125.0	75855.0	84147.0	91117.0	103426.0	113711.0	133409.0	149051.0	177743.0	208771.0	267956.0	341060.0	483340.0	728280.0	1267032.0	2214649.0	5270572.0	23979662.0	7280030.0
	16.0	17.0	18.0	19.0	20.0	21.0	22.0	23.0	24.0	25.0	26.0	27.0	28.0	29.0	30.0	31.0	32.0	33.0	34.0	35.0	36.0	37.0	38.0	39.0	40.0
25-169_R1_001_val_1	4.0	102.0	1189.0	4886.0	11738.0	19098.0	27014.0	33062.0	40668.0	46749.0	55170.0	64671.0	79531.0	95322.0	119585.0	147777.0	199182.0	280651.0	393782.0	560642.0	999988.0	1801806.0	4616790.0	27921057.0	16597505.0
	13.0	14.0	15.0	16.0	17.0	18.0	19.0	20.0	21.0	22.0	23.0	24.0	25.0	26.0	27.0	28.0	29.0	30.0	31.0	32.0	33.0	34.0	35.0	36.0	37.0	38.0	39.0	40.0
25-169_R2_001_val_2	1.0	4.0	133.0	2424.0	14395.0	34014.0	47502.0	59945.0	65447.0	70697.0	73479.0	82122.0	88334.0	101109.0	109652.0	127632.0	143681.0	169271.0	200132.0	254763.0	323758.0	458097.0	693029.0	1223956.0	2185866.0	5449942.0	28992514.0	13146070.0
	16.0	17.0	18.0	19.0	20.0	21.0	22.0	23.0	24.0	25.0	26.0	27.0	28.0	29.0	30.0	31.0	32.0	33.0	34.0	35.0	36.0	37.0	38.0	39.0	40.0
25-170_R1_001_val_1	2.0	94.0	1021.0	4734.0	11492.0	19046.0	26192.0	31269.0	38125.0	43804.0	52531.0	61660.0	76142.0	90648.0	113254.0	139084.0	184421.0	242897.0	352363.0	539031.0	956839.0	1715809.0	4323788.0	26036964.0	14026715.0
	14.0	15.0	16.0	17.0	18.0	19.0	20.0	21.0	22.0	23.0	24.0	25.0	26.0	27.0	28.0	29.0	30.0	31.0	32.0	33.0	34.0	35.0	36.0	37.0	38.0	39.0	40.0
25-170_R2_001_val_2	5.0	112.0	1888.0	11435.0	28919.0	45585.0	61423.0	68314.0	73986.0	79180.0	88313.0	96584.0	110209.0	122455.0	143158.0	161105.0	192316.0	226374.0	288136.0	367394.0	517940.0	780793.0	1367421.0	2406277.0	5812492.0	27488149.0	8547962.0
	16.0	17.0	18.0	19.0	20.0	21.0	22.0	23.0	24.0	25.0	26.0	27.0	28.0	29.0	30.0	31.0	32.0	33.0	34.0	35.0	36.0	37.0	38.0	39.0	40.0
25-171_R1_001_val_1	2.0	82.0	1066.0	4699.0	12314.0	20288.0	27789.0	32217.0	37952.0	43157.0	51143.0	60182.0	75338.0	89270.0	113051.0	139742.0	186695.0	248863.0	361783.0	564794.0	1012811.0	1829570.0	4632755.0	25861996.0	11640924.0
	14.0	15.0	16.0	17.0	18.0	19.0	20.0	21.0	22.0	23.0	24.0	25.0	26.0	27.0	28.0	29.0	30.0	31.0	32.0	33.0	34.0	35.0	36.0	37.0	38.0	39.0	40.0
25-171_R2_001_val_2	4.0	152.0	2001.0	11372.0	30238.0	48645.0	63962.0	71269.0	76994.0	80054.0	89965.0	97616.0	111189.0	123572.0	144086.0	162914.0	197179.0	233005.0	301047.0	383990.0	543875.0	820672.0	1434789.0	2511379.0	5888172.0	25857120.0	7763222.0
	16.0	17.0	18.0	19.0	20.0	21.0	22.0	23.0	24.0	25.0	26.0	27.0	28.0	29.0	30.0	31.0	32.0	33.0	34.0	35.0	36.0	37.0	38.0	39.0	40.0
25-172_R1_001_val_1	1.0	70.0	766.0	3579.0	9079.0	14792.0	20311.0	24201.0	28902.0	33442.0	39849.0	46564.0	58138.0	69377.0	86945.0	107917.0	143803.0	191448.0	277773.0	426772.0	764784.0	1381243.0	3502753.0	19932560.0	9486804.0
	14.0	15.0	16.0	17.0	18.0	19.0	20.0	21.0	22.0	23.0	24.0	25.0	26.0	27.0	28.0	29.0	30.0	31.0	32.0	33.0	34.0	35.0	36.0	37.0	38.0	39.0	40.0
25-172_R2_001_val_2	4.0	118.0	1522.0	8969.0	22857.0	34876.0	46354.0	51840.0	56781.0	59498.0	68070.0	74558.0	85979.0	95877.0	112606.0	126497.0	151507.0	180357.0	231181.0	294913.0	416688.0	626281.0	1090027.0	1920464.0	4645328.0	20555664.0	5693057.0
	17.0	18.0	19.0	20.0	21.0	22.0	23.0	24.0	25.0	26.0	27.0	28.0	29.0	30.0	31.0	32.0	33.0	34.0	35.0	36.0	37.0	38.0	39.0	40.0
25-174_R1_001_val_1	73.0	1060.0	5673.0	17110.0	30782.0	39696.0	40773.0	40124.0	39726.0	43081.0	47498.0	56625.0	67316.0	84175.0	104046.0	138175.0	180765.0	263207.0	409172.0	725087.0	1301550.0	3261631.0	18867326.0	9712751.0
	14.0	15.0	16.0	17.0	18.0	19.0	20.0	21.0	22.0	23.0	24.0	25.0	26.0	27.0	28.0	29.0	30.0	31.0	32.0	33.0	34.0	35.0	36.0	37.0	38.0	39.0	40.0
25-174_R2_001_val_2	3.0	117.0	1934.0	10692.0	25155.0	35975.0	46867.0	52637.0	56770.0	59362.0	66145.0	70435.0	80065.0	88370.0	102735.0	115130.0	137689.0	164418.0	211095.0	270785.0	383583.0	581863.0	1020755.0	1794237.0	4348756.0	19934612.0	5817237.0
	16.0	17.0	18.0	19.0	20.0	21.0	22.0	23.0	24.0	25.0	26.0	27.0	28.0	29.0	30.0	31.0	32.0	33.0	34.0	35.0	36.0	37.0	38.0	39.0	40.0
25-175_R1_001_val_1	3.0	77.0	1090.0	4623.0	10759.0	16654.0	22780.0	27056.0	32586.0	37159.0	44422.0	51629.0	63642.0	75888.0	96637.0	120464.0	161604.0	217638.0	319287.0	489395.0	878438.0	1580860.0	3917799.0	20132814.0	8881759.0
	14.0	15.0	16.0	17.0	18.0	19.0	20.0	21.0	22.0	23.0	24.0	25.0	26.0	27.0	28.0	29.0	30.0	31.0	32.0	33.0	34.0	35.0	36.0	37.0	38.0	39.0	40.0
25-175_R2_001_val_2	9.0	150.0	1782.0	10317.0	28277.0	45969.0	59775.0	67204.0	73305.0	76630.0	85166.0	91186.0	102550.0	113395.0	132457.0	150443.0	180742.0	215202.0	278495.0	354476.0	501680.0	752346.0	1299062.0	2230450.0	5086069.0	19970806.0	5277120.0
	16.0	17.0	18.0	19.0	20.0	21.0	22.0	23.0	24.0	25.0	26.0	27.0	28.0	29.0	30.0	31.0	32.0	33.0	34.0	35.0	36.0	37.0	38.0	39.0	40.0
25-177_R1_001_val_1	1.0	82.0	917.0	4276.0	11007.0	19060.0	26465.0	30811.0	35546.0	39421.0	45944.0	54044.0	66650.0	79473.0	100093.0	123167.0	164541.0	215860.0	315905.0	492069.0	878191.0	1584779.0	4004333.0	23409557.0	11544535.0
	14.0	15.0	16.0	17.0	18.0	19.0	20.0	21.0	22.0	23.0	24.0	25.0	26.0	27.0	28.0	29.0	30.0	31.0	32.0	33.0	34.0	35.0	36.0	37.0	38.0	39.0	40.0
25-177_R2_001_val_2	4.0	122.0	1622.0	9309.0	23905.0	37483.0	49591.0	56032.0	62476.0	65817.0	75369.0	81958.0	94456.0	105086.0	123181.0	139345.0	166980.0	201018.0	259493.0	333035.0	473354.0	715441.0	1237017.0	2143465.0	5083306.0	23970339.0	7737523.0
	16.0	17.0	18.0	19.0	20.0	21.0	22.0	23.0	24.0	25.0	26.0	27.0	28.0	29.0	30.0	31.0	32.0	33.0	34.0	35.0	36.0	37.0	38.0	39.0	40.0
25-179_R1_001_val_1	2.0	102.0	1031.0	4512.0	10477.0	16630.0	22647.0	27129.0	31989.0	36268.0	42923.0	49691.0	60905.0	72858.0	90499.0	112034.0	150233.0	205795.0	278764.0	420468.0	757289.0	1355150.0	3419107.0	20760456.0	12431154.0
	14.0	15.0	16.0	17.0	18.0	19.0	20.0	21.0	22.0	23.0	24.0	25.0	26.0	27.0	28.0	29.0	30.0	31.0	32.0	33.0	34.0	35.0	36.0	37.0	38.0	39.0	40.0
25-179_R2_001_val_2	1.0	128.0	2170.0	12677.0	29605.0	40798.0	50733.0	55843.0	60798.0	63251.0	70994.0	75298.0	85772.0	93037.0	107647.0	121314.0	143813.0	170866.0	218996.0	280518.0	396384.0	600705.0	1050575.0	1851003.0	4502937.0	22131933.0	8140317.0
	16.0	17.0	18.0	19.0	20.0	21.0	22.0	23.0	24.0	25.0	26.0	27.0	28.0	29.0	30.0	31.0	32.0	33.0	34.0	35.0	36.0	37.0	38.0	39.0	40.0
25-180_R1_001_val_1	3.0	85.0	959.0	4289.0	10685.0	18492.0	26157.0	33101.0	41237.0	47397.0	55799.0	64541.0	80332.0	95628.0	120227.0	148025.0	202039.0	290799.0	397791.0	541050.0	958798.0	1724596.0	4338963.0	25158080.0	14783826.0
	14.0	15.0	16.0	17.0	18.0	19.0	20.0	21.0	22.0	23.0	24.0	25.0	26.0	27.0	28.0	29.0	30.0	31.0	32.0	33.0	34.0	35.0	36.0	37.0	38.0	39.0	40.0
25-180_R2_001_val_2	6.0	155.0	2767.0	15265.0	34461.0	47495.0	58083.0	63538.0	69344.0	72161.0	82212.0	88164.0	100227.0	110122.0	128520.0	143278.0	170225.0	200600.0	257329.0	329167.0	465257.0	707563.0	1238636.0	2185628.0	5290303.0	26212998.0	11069395.0
	16.0	17.0	18.0	19.0	20.0	21.0	22.0	23.0	24.0	25.0	26.0	27.0	28.0	29.0	30.0	31.0	32.0	33.0	34.0	35.0	36.0	37.0	38.0	39.0	40.0
25-185_R1_001_val_1	2.0	52.0	614.0	2773.0	7112.0	11520.0	15519.0	18177.0	21751.0	24913.0	29148.0	34073.0	42776.0	51209.0	64259.0	79777.0	106943.0	142802.0	208947.0	322293.0	582691.0	1056494.0	2685061.0	14665577.0	6340882.0
	14.0	15.0	16.0	17.0	18.0	19.0	20.0	21.0	22.0	23.0	24.0	25.0	26.0	27.0	28.0	29.0	30.0	31.0	32.0	33.0	34.0	35.0	36.0	37.0	38.0	39.0	40.0
25-185_R2_001_val_2	3.0	85.0	1293.0	7247.0	19306.0	30063.0	38923.0	43185.0	46611.0	48377.0	53421.0	58382.0	65895.0	73248.0	85928.0	96141.0	115504.0	137594.0	175754.0	225801.0	318091.0	481575.0	846579.0	1491719.0	3543165.0	14788157.0	3723318.0
	16.0	17.0	18.0	19.0	20.0	21.0	22.0	23.0	24.0	25.0	26.0	27.0	28.0	29.0	30.0	31.0	32.0	33.0	34.0	35.0	36.0	37.0	38.0	39.0	40.0
25-186_R1_001_val_1	2.0	44.0	610.0	2546.0	6259.0	10363.0	14368.0	17294.0	20825.0	24035.0	29094.0	33885.0	42388.0	50507.0	63235.0	77974.0	104393.0	139380.0	202616.0	312009.0	557982.0	1003061.0	2522901.0	13784784.0	6362988.0
	14.0	15.0	16.0	17.0	18.0	19.0	20.0	21.0	22.0	23.0	24.0	25.0	26.0	27.0	28.0	29.0	30.0	31.0	32.0	33.0	34.0	35.0	36.0	37.0	38.0	39.0	40.0
25-186_R2_001_val_2	3.0	86.0	1170.0	6921.0	17956.0	28034.0	36771.0	40798.0	44040.0	46093.0	51609.0	56089.0	63809.0	71165.0	83556.0	94329.0	112977.0	134981.0	172305.0	220851.0	311594.0	469507.0	820620.0	1435721.0	3420485.0	14140053.0	3502020.0
	16.0	17.0	18.0	19.0	20.0	21.0	22.0	23.0	24.0	25.0	26.0	27.0	28.0	29.0	30.0	31.0	32.0	33.0	34.0	35.0	36.0	37.0	38.0	39.0	40.0
25-193_R1_001_val_1	1.0	41.0	464.0	2251.0	5593.0	9887.0	13724.0	17044.0	20378.0	23045.0	26769.0	30627.0	37637.0	45132.0	56947.0	70499.0	94669.0	126064.0	187376.0	292424.0	522189.0	936169.0	2352154.0	13934634.0	7899171.0
	14.0	15.0	16.0	17.0	18.0	19.0	20.0	21.0	22.0	23.0	24.0	25.0	26.0	27.0	28.0	29.0	30.0	31.0	32.0	33.0	34.0	35.0	36.0	37.0	38.0	39.0	40.0
25-193_R2_001_val_2	5.0	78.0	1312.0	7080.0	17315.0	24774.0	32504.0	36291.0	40048.0	40915.0	45568.0	48780.0	55432.0	61328.0	72044.0	82138.0	99888.0	120029.0	156722.0	203226.0	290146.0	439742.0	760165.0	1309666.0	3056223.0	14340671.0	5362799.0
	16.0	17.0	18.0	19.0	20.0	21.0	22.0	23.0	24.0	25.0	26.0	27.0	28.0	29.0	30.0	31.0	32.0	33.0	34.0	35.0	36.0	37.0	38.0	39.0	40.0
25-194_R1_001_val_1	2.0	45.0	646.0	2922.0	7116.0	11960.0	15812.0	18676.0	22323.0	25589.0	30415.0	35673.0	44294.0	52886.0	67009.0	82880.0	110995.0	147670.0	217449.0	342513.0	618398.0	1121903.0	2867957.0	16592888.0	7923335.0
	14.0	15.0	16.0	17.0	18.0	19.0	20.0	21.0	22.0	23.0	24.0	25.0	26.0	27.0	28.0	29.0	30.0	31.0	32.0	33.0	34.0	35.0	36.0	37.0	38.0	39.0	40.0
25-194_R2_001_val_2	3.0	218.0	5353.0	30142.0	56438.0	54477.0	53627.0	55154.0	58264.0	59941.0	65959.0	68450.0	75010.0	80654.0	93868.0	103932.0	122529.0	144142.0	183459.0	234891.0	332165.0	504564.0	887397.0	1561927.0	3761093.0	16969703.0	4797996.0
	16.0	17.0	18.0	19.0	20.0	21.0	22.0	23.0	24.0	25.0	26.0	27.0	28.0	29.0	30.0	31.0	32.0	33.0	34.0	35.0	36.0	37.0	38.0	39.0	40.0
25-195_R1_001_val_1	1.0	49.0	708.0	3121.0	7805.0	12441.0	17387.0	20966.0	25329.0	29863.0	35854.0	42271.0	52296.0	62780.0	78420.0	96178.0	128055.0	171547.0	246623.0	371321.0	660992.0	1179013.0	2971905.0	17391755.0	9598952.0
	14.0	15.0	16.0	17.0	18.0	19.0	20.0	21.0	22.0	23.0	24.0	25.0	26.0	27.0	28.0	29.0	30.0	31.0	32.0	33.0	34.0	35.0	36.0	37.0	38.0	39.0	40.0
25-195_R2_001_val_2	1.0	65.0	1049.0	5376.0	14745.0	24483.0	32231.0	35794.0	39143.0	42194.0	48300.0	53769.0	62566.0	70172.0	82948.0	93402.0	111661.0	132157.0	166666.0	211095.0	299774.0	451181.0	792539.0	1414514.0	3478473.0	18399033.0	7142301.0
	16.0	17.0	18.0	19.0	20.0	21.0	22.0	23.0	24.0	25.0	26.0	27.0	28.0	29.0	30.0	31.0	32.0	33.0	34.0	35.0	36.0	37.0	38.0	39.0	40.0
25-202_R1_001_val_1	1.0	102.0	1232.0	5468.0	12807.0	18537.0	24119.0	28546.0	33923.0	38819.0	45748.0	53569.0	66214.0	79506.0	99832.0	123415.0	163875.0	219135.0	321624.0	496846.0	898860.0	1624908.0	4150898.0	25439293.0	14483599.0
	14.0	15.0	16.0	17.0	18.0	19.0	20.0	21.0	22.0	23.0	24.0	25.0	26.0	27.0	28.0	29.0	30.0	31.0	32.0	33.0	34.0	35.0	36.0	37.0	38.0	39.0	40.0
25-202_R2_001_val_2	1.0	138.0	2007.0	11004.0	27158.0	40807.0	52880.0	58158.0	63505.0	65517.0	73511.0	79500.0	90984.0	100405.0	118023.0	132263.0	159734.0	190247.0	244384.0	314343.0	446605.0	679807.0	1202729.0	2140005.0	5230827.0	26694035.0	10212299.0
	17.0	18.0	19.0	20.0	21.0	22.0	23.0	24.0	25.0	26.0	27.0	28.0	29.0	30.0	31.0	32.0	33.0	34.0	35.0	36.0	37.0	38.0	39.0	40.0
25-203_R1_001_val_1	55.0	686.0	3237.0	8046.0	13373.0	18561.0	22360.0	26881.0	31389.0	37332.0	43759.0	53906.0	64423.0	81465.0	100238.0	132880.0	176289.0	258529.0	404213.0	724049.0	1301646.0	3283685.0	19084788.0	9500087.0
	14.0	15.0	16.0	17.0	18.0	19.0	20.0	21.0	22.0	23.0	24.0	25.0	26.0	27.0	28.0	29.0	30.0	31.0	32.0	33.0	34.0	35.0	36.0	37.0	38.0	39.0	40.0
25-203_R2_001_val_2	6.0	254.0	6096.0	34863.0	64667.0	60762.0	58614.0	59240.0	63827.0	66896.0	74949.0	77484.0	86438.0	92261.0	106446.0	118303.0	138847.0	163197.0	208172.0	266626.0	377641.0	574387.0	1006776.0	1770677.0	4305489.0	19893450.0	5695509.0
	16.0	17.0	18.0	19.0	20.0	21.0	22.0	23.0	24.0	25.0	26.0	27.0	28.0	29.0	30.0	31.0	32.0	33.0	34.0	35.0	36.0	37.0	38.0	39.0	40.0
5-002_R1_001_val_1	2.0	81.0	864.0	3997.0	9751.0	15808.0	21772.0	25813.0	31270.0	36602.0	43450.0	50701.0	63495.0	75756.0	95145.0	116721.0	155761.0	206933.0	304259.0	467190.0	835874.0	1506027.0	3801113.0	22911830.0	12019878.0
	14.0	15.0	16.0	17.0	18.0	19.0	20.0	21.0	22.0	23.0	24.0	25.0	26.0	27.0	28.0	29.0	30.0	31.0	32.0	33.0	34.0	35.0	36.0	37.0	38.0	39.0	40.0
5-002_R2_001_val_2	8.0	101.0	1732.0	9715.0	24824.0	37772.0	50487.0	56291.0	60927.0	63215.0	72016.0	77849.0	89552.0	98946.0	116505.0	131689.0	158528.0	189607.0	243007.0	311476.0	442292.0	672102.0	1176275.0	2069071.0	4965113.0	23870953.0	7810040.0
	16.0	17.0	18.0	19.0	20.0	21.0	22.0	23.0	24.0	25.0	26.0	27.0	28.0	29.0	30.0	31.0	32.0	33.0	34.0	35.0	36.0	37.0	38.0	39.0	40.0
5-003_R1_001_val_1	6.0	68.0	951.0	4462.0	10740.0	16459.0	21604.0	25586.0	30457.0	34842.0	41659.0	49454.0	60658.0	72115.0	91090.0	112618.0	148695.0	198206.0	289995.0	452705.0	818709.0	1480603.0	3770910.0	24196865.0	14243300.0
	14.0	15.0	16.0	17.0	18.0	19.0	20.0	21.0	22.0	23.0	24.0	25.0	26.0	27.0	28.0	29.0	30.0	31.0	32.0	33.0	34.0	35.0	36.0	37.0	38.0	39.0	40.0
5-003_R2_001_val_2	6.0	106.0	1634.0	9436.0	23688.0	36362.0	48109.0	52923.0	57279.0	59463.0	67273.0	73363.0	84217.0	92716.0	108806.0	123528.0	148471.0	177784.0	229685.0	296263.0	420872.0	645152.0	1139514.0	2021526.0	4919618.0	25634607.0	9700356.0
	16.0	17.0	18.0	19.0	20.0	21.0	22.0	23.0	24.0	25.0	26.0	27.0	28.0	29.0	30.0	31.0	32.0	33.0	34.0	35.0	36.0	37.0	38.0	39.0	40.0
5-004_R1_001_val_1	5.0	89.0	1006.0	4698.0	11402.0	18471.0	24450.0	29300.0	35837.0	41060.0	48819.0	58044.0	71441.0	85862.0	107552.0	132960.0	176828.0	237013.0	347304.0	531975.0	958733.0	1727958.0	4392581.0	26878091.0	15278452.0
	13.0	14.0	15.0	16.0	17.0	18.0	19.0	20.0	21.0	22.0	23.0	24.0	25.0	26.0	27.0	28.0	29.0	30.0	31.0	32.0	33.0	34.0	35.0	36.0	37.0	38.0	39.0	40.0
5-004_R2_001_val_2	1.0	2.0	130.0	1976.0	11045.0	27458.0	41227.0	54202.0	60843.0	65813.0	69078.0	77641.0	85232.0	97247.0	107972.0	127434.0	143221.0	171066.0	204669.0	262141.0	336003.0	477545.0	727485.0	1282626.0	2278125.0	5579681.0	28451447.0	10458621.0
	16.0	17.0	18.0	19.0	20.0	21.0	22.0	23.0	24.0	25.0	26.0	27.0	28.0	29.0	30.0	31.0	32.0	33.0	34.0	35.0	36.0	37.0	38.0	39.0	40.0
5-005_R1_001_val_1	2.0	66.0	889.0	3784.0	9931.0	16161.0	22048.0	26092.0	31236.0	35470.0	41777.0	48398.0	60107.0	72433.0	91229.0	113316.0	151279.0	202657.0	298067.0	464556.0	839948.0	1518135.0	3843087.0	23421132.0	12570725.0
	14.0	15.0	16.0	17.0	18.0	19.0	20.0	21.0	22.0	23.0	24.0	25.0	26.0	27.0	28.0	29.0	30.0	31.0	32.0	33.0	34.0	35.0	36.0	37.0	38.0	39.0	40.0
5-005_R2_001_val_2	4.0	108.0	1765.0	10116.0	24840.0	36925.0	48536.0	55495.0	60747.0	63406.0	71097.0	76455.0	87293.0	96955.0	113942.0	129204.0	156315.0	188871.0	244614.0	317862.0	455572.0	693888.0	1218039.0	2143631.0	5097942.0	24343597.0	8145306.0
	16.0	17.0	18.0	19.0	20.0	21.0	22.0	23.0	24.0	25.0	26.0	27.0	28.0	29.0	30.0	31.0	32.0	33.0	34.0	35.0	36.0	37.0	38.0	39.0	40.0
5-006_R1_001_val_1	1.0	77.0	827.0	3823.0	8746.0	13575.0	17450.0	20253.0	24084.0	27633.0	33328.0	38735.0	47983.0	56888.0	72017.0	88506.0	118638.0	159383.0	232048.0	358610.0	648448.0	1170879.0	2982050.0	17813410.0	9065183.0
	14.0	15.0	16.0	17.0	18.0	19.0	20.0	21.0	22.0	23.0	24.0	25.0	26.0	27.0	28.0	29.0	30.0	31.0	32.0	33.0	34.0	35.0	36.0	37.0	38.0	39.0	40.0
5-006_R2_001_val_2	2.0	83.0	1475.0	8232.0	20078.0	29764.0	38926.0	43035.0	46635.0	48630.0	54769.0	59772.0	67434.0	75055.0	88275.0	98865.0	118946.0	143064.0	182217.0	235133.0	333290.0	508609.0	898750.0	1607451.0	3943228.0	18682813.0	5668044.0
	16.0	17.0	18.0	19.0	20.0	21.0	22.0	23.0	24.0	25.0	26.0	27.0	28.0	29.0	30.0	31.0	32.0	33.0	34.0	35.0	36.0	37.0	38.0	39.0	40.0
5-007_R1_001_val_1	3.0	61.0	752.0	3522.0	9394.0	15619.0	20278.0	22198.0	24530.0	26765.0	31058.0	36002.0	44369.0	53683.0	67405.0	84128.0	111901.0	149307.0	220710.0	344662.0	618868.0	1115641.0	2795954.0	15999584.0	7962153.0
	14.0	15.0	16.0	17.0	18.0	19.0	20.0	21.0	22.0	23.0	24.0	25.0	26.0	27.0	28.0	29.0	30.0	31.0	32.0	33.0	34.0	35.0	36.0	37.0	38.0	39.0	40.0
5-007_R2_001_val_2	3.0	89.0	1603.0	8889.0	20876.0	29359.0	37855.0	42854.0	46550.0	48091.0	54034.0	57842.0	65072.0	71418.0	83829.0	94875.0	114752.0	137218.0	178221.0	230343.0	329314.0	503740.0	885532.0	1558814.0	3742388.0	16683979.0	4731007.0
	16.0	17.0	18.0	19.0	20.0	21.0	22.0	23.0	24.0	25.0	26.0	27.0	28.0	29.0	30.0	31.0	32.0	33.0	34.0	35.0	36.0	37.0	38.0	39.0	40.0
5-008_R1_001_val_1	1.0	73.0	967.0	4669.0	12012.0	19837.0	27182.0	31887.0	37295.0	41798.0	49641.0	57554.0	71270.0	85044.0	106967.0	132838.0	177670.0	236128.0	346742.0	539467.0	974643.0	1766351.0	4499325.0	27017513.0	13805414.0
	14.0	15.0	16.0	17.0	18.0	19.0	20.0	21.0	22.0	23.0	24.0	25.0	26.0	27.0	28.0	29.0	30.0	31.0	32.0	33.0	34.0	35.0	36.0	37.0	38.0	39.0	40.0
5-008_R2_001_val_2	4.0	133.0	2111.0	11875.0	30145.0	45687.0	60398.0	68220.0	74083.0	77499.0	87271.0	94343.0	107990.0	119513.0	141749.0	160406.0	193428.0	232303.0	298939.0	386519.0	551908.0	834704.0	1452921.0	2529433.0	6000792.0	27846891.0	8633023.0
	17.0	18.0	19.0	20.0	21.0	22.0	23.0	24.0	25.0	26.0	27.0	28.0	29.0	30.0	31.0	32.0	33.0	34.0	35.0	36.0	37.0	38.0	39.0	40.0
5-009_R1_001_val_1	61.0	769.0	3511.0	8579.0	14015.0	18705.0	21695.0	26222.0	29021.0	34198.0	39552.0	48394.0	57700.0	73023.0	90936.0	121533.0	163424.0	241339.0	371890.0	675291.0	1221493.0	3095643.0	17471434.0	8612104.0
	14.0	15.0	16.0	17.0	18.0	19.0	20.0	21.0	22.0	23.0	24.0	25.0	26.0	27.0	28.0	29.0	30.0	31.0	32.0	33.0	34.0	35.0	36.0	37.0	38.0	39.0	40.0
5-009_R2_001_val_2	6.0	98.0	1481.0	8110.0	20266.0	31807.0	42303.0	48720.0	53482.0	55451.0	61513.0	65516.0	74152.0	81987.0	95956.0	109377.0	132562.0	157831.0	204274.0	261909.0	372381.0	563153.0	977508.0	1698241.0	4011647.0	17786110.0	5524691.0
	17.0	18.0	19.0	20.0	21.0	22.0	23.0	24.0	25.0	26.0	27.0	28.0	29.0	30.0	31.0	32.0	33.0	34.0	35.0	36.0	37.0	38.0	39.0	40.0
5-010_R1_001_val_1	34.0	667.0	3026.0	7589.0	12391.0	17144.0	20352.0	24985.0	29242.0	35137.0	41601.0	51335.0	61819.0	78017.0	96359.0	128256.0	170984.0	247302.0	378347.0	679312.0	1220174.0	3093947.0	18054362.0	9220720.0
	13.0	14.0	15.0	16.0	17.0	18.0	19.0	20.0	21.0	22.0	23.0	24.0	25.0	26.0	27.0	28.0	29.0	30.0	31.0	32.0	33.0	34.0	35.0	36.0	37.0	38.0	39.0	40.0
5-010_R2_001_val_2	1.0	2.0	78.0	1002.0	5688.0	15566.0	26590.0	35454.0	39301.0	42328.0	44403.0	50822.0	56003.0	64834.0	72559.0	85841.0	97942.0	116051.0	138339.0	176742.0	225590.0	319104.0	482425.0	856342.0	1534496.0	3762197.0	18860362.0	6563040.0
	17.0	18.0	19.0	20.0	21.0	22.0	23.0	24.0	25.0	26.0	27.0	28.0	29.0	30.0	31.0	32.0	33.0	34.0	35.0	36.0	37.0	38.0	39.0	40.0
5-012_R1_001_val_1	73.0	867.0	4033.0	10118.0	17307.0	24113.0	28398.0	33578.0	38136.0	45720.0	53381.0	65887.0	78678.0	99722.0	124203.0	166269.0	221261.0	325644.0	513751.0	925180.0	1672908.0	4213949.0	23257386.0	10708082.0
	14.0	15.0	16.0	17.0	18.0	19.0	20.0	21.0	22.0	23.0	24.0	25.0	26.0	27.0	28.0	29.0	30.0	31.0	32.0	33.0	34.0	35.0	36.0	37.0	38.0	39.0	40.0
5-012_R2_001_val_2	4.0	134.0	1906.0	10514.0	28071.0	44524.0	58294.0	64515.0	70080.0	72824.0	81635.0	87633.0	101178.0	112606.0	132440.0	149952.0	181765.0	217784.0	282850.0	363962.0	516166.0	780568.0	1356356.0	2348938.0	5450793.0	23244917.0	6868235.0
	16.0	17.0	18.0	19.0	20.0	21.0	22.0	23.0	24.0	25.0	26.0	27.0	28.0	29.0	30.0	31.0	32.0	33.0	34.0	35.0	36.0	37.0	38.0	39.0	40.0
5-014_R1_001_val_1	4.0	49.0	705.0	3584.0	9305.0	16217.0	21980.0	26884.0	32942.0	38281.0	45485.0	53550.0	66015.0	79985.0	99635.0	123766.0	164033.0	216432.0	318709.0	496508.0	885601.0	1590713.0	4029153.0	24930069.0	14975107.0
	14.0	15.0	16.0	17.0	18.0	19.0	20.0	21.0	22.0	23.0	24.0	25.0	26.0	27.0	28.0	29.0	30.0	31.0	32.0	33.0	34.0	35.0	36.0	37.0	38.0	39.0	40.0
5-014_R2_001_val_2	5.0	113.0	1923.0	11481.0	27489.0	39474.0	51328.0	57247.0	62410.0	65583.0	73476.0	79478.0	91244.0	100907.0	117743.0	133375.0	158870.0	190060.0	242613.0	309874.0	440038.0	668878.0	1183064.0	2092549.0	5088258.0	26419076.0	10518156.0
	16.0	17.0	18.0	19.0	20.0	21.0	22.0	23.0	24.0	25.0	26.0	27.0	28.0	29.0	30.0	31.0	32.0	33.0	34.0	35.0	36.0	37.0	38.0	39.0	40.0
5-015_R1_001_val_1	1.0	41.0	552.0	2608.0	6877.0	11828.0	16629.0	19798.0	24305.0	27648.0	32731.0	38619.0	47866.0	57857.0	73666.0	92046.0	124987.0	168417.0	247704.0	384289.0	692754.0	1251725.0	3167644.0	17988061.0	9003465.0
	14.0	15.0	16.0	17.0	18.0	19.0	20.0	21.0	22.0	23.0	24.0	25.0	26.0	27.0	28.0	29.0	30.0	31.0	32.0	33.0	34.0	35.0	36.0	37.0	38.0	39.0	40.0
5-015_R2_001_val_2	2.0	123.0	1231.0	6456.0	17390.0	28484.0	37405.0	40707.0	44222.0	46089.0	51890.0	55881.0	64218.0	72051.0	85182.0	97463.0	117495.0	142196.0	183948.0	238494.0	340591.0	516824.0	907303.0	1594398.0	3806553.0	18549982.0	6435540.0
	16.0	17.0	18.0	19.0	20.0	21.0	22.0	23.0	24.0	25.0	26.0	27.0	28.0	29.0	30.0	31.0	32.0	33.0	34.0	35.0	36.0	37.0	38.0	39.0	40.0
5-061_R1_001_val_1	3.0	67.0	760.0	3487.0	8789.0	13749.0	18594.0	21543.0	25521.0	28768.0	34096.0	39504.0	49328.0	59366.0	74721.0	93468.0	124831.0	168058.0	248504.0	390645.0	707200.0	1284160.0	3275709.0	19706185.0	10037952.0
	14.0	15.0	16.0	17.0	18.0	19.0	20.0	21.0	22.0	23.0	24.0	25.0	26.0	27.0	28.0	29.0	30.0	31.0	32.0	33.0	34.0	35.0	36.0	37.0	38.0	39.0	40.0
5-061_R2_001_val_2	3.0	116.0	1548.0	8856.0	22051.0	33553.0	43999.0	48647.0	53229.0	55016.0	61392.0	66394.0	74082.0	82432.0	97465.0	111649.0	135377.0	163436.0	214228.0	276192.0	397477.0	605676.0	1062904.0	1858530.0	4401426.0	20244276.0	6295054.0
	15.0	16.0	17.0	18.0	19.0	20.0	21.0	22.0	23.0	24.0	25.0	26.0	27.0	28.0	29.0	30.0	31.0	32.0	33.0	34.0	35.0	36.0	37.0	38.0	39.0	40.0
5-063_R1_001_val_1	1.0	3.0	74.0	1129.0	5896.0	17526.0	31898.0	42403.0	42905.0	41967.0	41898.0	45556.0	51037.0	61786.0	73916.0	93538.0	115974.0	155674.0	207380.0	305852.0	483045.0	873004.0	1579906.0	4016284.0	23014088.0	10903724.0
	14.0	15.0	16.0	17.0	18.0	19.0	20.0	21.0	22.0	23.0	24.0	25.0	26.0	27.0	28.0	29.0	30.0	31.0	32.0	33.0	34.0	35.0	36.0	37.0	38.0	39.0	40.0
5-063_R2_001_val_2	3.0	130.0	2309.0	12549.0	30646.0	44626.0	58434.0	64307.0	69126.0	71895.0	79803.0	86293.0	97780.0	108309.0	127830.0	143378.0	172384.0	207589.0	266192.0	342450.0	486088.0	736932.0	1291219.0	2270483.0	5437645.0	23625767.0	6372297.0
	16.0	17.0	18.0	19.0	20.0	21.0	22.0	23.0	24.0	25.0	26.0	27.0	28.0	29.0	30.0	31.0	32.0	33.0	34.0	35.0	36.0	37.0	38.0	39.0	40.0
5-066_R1_001_val_1	3.0	78.0	824.0	2846.0	6475.0	10044.0	15090.0	19518.0	24355.0	26734.0	30963.0	35274.0	43443.0	51115.0	66323.0	84069.0	124333.0	222088.0	272698.0	220117.0	353696.0	631050.0	1601476.0	9130038.0	5932709.0
	14.0	15.0	16.0	17.0	18.0	19.0	20.0	21.0	22.0	23.0	24.0	25.0	26.0	27.0	28.0	29.0	30.0	31.0	32.0	33.0	34.0	35.0	36.0	37.0	38.0	39.0	40.0
5-066_R2_001_val_2	3.0	105.0	2040.0	11447.0	27471.0	35909.0	39088.0	37894.0	38303.0	36241.0	36730.0	35748.0	38827.0	41043.0	47020.0	51730.0	62758.0	75527.0	100399.0	128445.0	179053.0	261521.0	448335.0	777988.0	1886405.0	9514396.0	4990933.0
	16.0	17.0	18.0	19.0	20.0	21.0	22.0	23.0	24.0	25.0	26.0	27.0	28.0	29.0	30.0	31.0	32.0	33.0	34.0	35.0	36.0	37.0	38.0	39.0	40.0
5-067_R1_001_val_1	2.0	73.0	856.0	3858.0	9796.0	16299.0	22218.0	27219.0	32966.0	38325.0	46315.0	54102.0	67652.0	81798.0	101864.0	126829.0	169274.0	226001.0	328942.0	509239.0	916748.0	1651366.0	4166929.0	23897065.0	11832688.0
	14.0	15.0	16.0	17.0	18.0	19.0	20.0	21.0	22.0	23.0	24.0	25.0	26.0	27.0	28.0	29.0	30.0	31.0	32.0	33.0	34.0	35.0	36.0	37.0	38.0	39.0	40.0
5-067_R2_001_val_2	6.0	113.0	1810.0	10740.0	25874.0	38036.0	50020.0	56432.0	61698.0	65020.0	73614.0	80306.0	92703.0	102772.0	121022.0	137747.0	165141.0	198845.0	254902.0	328044.0	467574.0	709907.0	1256613.0	2240788.0	5446630.0	24960142.0	7381925.0
	17.0	18.0	19.0	20.0	21.0	22.0	23.0	24.0	25.0	26.0	27.0	28.0	29.0	30.0	31.0	32.0	33.0	34.0	35.0	36.0	37.0	38.0	39.0	40.0
5-069_R1_001_val_1	59.0	656.0	3013.0	7922.0	14007.0	19587.0	23642.0	28416.0	32452.0	38755.0	46278.0	57732.0	69745.0	89419.0	112491.0	152053.0	203991.0	302080.0	478226.0	863383.0	1562552.0	3908159.0	20264839.0	8542308.0
	14.0	15.0	16.0	17.0	18.0	19.0	20.0	21.0	22.0	23.0	24.0	25.0	26.0	27.0	28.0	29.0	30.0	31.0	32.0	33.0	34.0	35.0	36.0	37.0	38.0	39.0	40.0
5-069_R2_001_val_2	4.0	152.0	1968.0	10646.0	29163.0	46626.0	59464.0	65430.0	69759.0	71568.0	79165.0	85021.0	96786.0	107793.0	125802.0	143317.0	172942.0	207781.0	268824.0	344691.0	490421.0	738768.0	1281577.0	2199826.0	5018750.0	19764835.0	5340686.0
	16.0	17.0	18.0	19.0	20.0	21.0	22.0	23.0	24.0	25.0	26.0	27.0	28.0	29.0	30.0	31.0	32.0	33.0	34.0	35.0	36.0	37.0	38.0	39.0	40.0
5-071_R1_001_val_1	1.0	81.0	1067.0	5254.0	13467.0	22556.0	30176.0	33412.0	36495.0	38918.0	44552.0	51575.0	63573.0	76539.0	96430.0	120543.0	161161.0	214773.0	318351.0	499867.0	902779.0	1627445.0	4110646.0	23004936.0	10706390.0
	14.0	15.0	16.0	17.0	18.0	19.0	20.0	21.0	22.0	23.0	24.0	25.0	26.0	27.0	28.0	29.0	30.0	31.0	32.0	33.0	34.0	35.0	36.0	37.0	38.0	39.0	40.0
5-071_R2_001_val_2	1.0	166.0	2503.0	13491.0	31911.0	46484.0	59513.0	66457.0	71583.0	74667.0	83253.0	89074.0	100490.0	111671.0	130548.0	148760.0	180085.0	216607.0	281010.0	361077.0	513867.0	782350.0	1366452.0	2380082.0	5608479.0	23475810.0	5984596.0
	16.0	17.0	18.0	19.0	20.0	21.0	22.0	23.0	24.0	25.0	26.0	27.0	28.0	29.0	30.0	31.0	32.0	33.0	34.0	35.0	36.0	37.0	38.0	39.0	40.0
5-073_R1_001_val_1	1.0	66.0	709.0	3033.0	7112.0	11654.0	15717.0	18481.0	22099.0	25229.0	29369.0	34015.0	42579.0	50749.0	64021.0	79708.0	108702.0	147917.0	205992.0	316683.0	572330.0	1026448.0	2589140.0	15844713.0	10040423.0
	14.0	15.0	16.0	17.0	18.0	19.0	20.0	21.0	22.0	23.0	24.0	25.0	26.0	27.0	28.0	29.0	30.0	31.0	32.0	33.0	34.0	35.0	36.0	37.0	38.0	39.0	40.0
5-073_R2_001_val_2	2.0	98.0	1761.0	10258.0	23465.0	32415.0	41257.0	45503.0	49182.0	50023.0	55420.0	57066.0	64055.0	70097.0	81735.0	92265.0	110900.0	132055.0	172080.0	221182.0	315652.0	478654.0	838993.0	1454750.0	3483069.0	17059855.0	6315098.0
	16.0	17.0	18.0	19.0	20.0	21.0	22.0	23.0	24.0	25.0	26.0	27.0	28.0	29.0	30.0	31.0	32.0	33.0	34.0	35.0	36.0	37.0	38.0	39.0	40.0
5-074_R1_001_val_1	2.0	67.0	778.0	3601.0	8767.0	14282.0	19938.0	24164.0	29706.0	34281.0	40881.0	47520.0	58975.0	70863.0	88896.0	111159.0	149946.0	201244.0	293782.0	447050.0	799886.0	1436278.0	3565161.0	19182107.0	9213721.0
	14.0	15.0	16.0	17.0	18.0	19.0	20.0	21.0	22.0	23.0	24.0	25.0	26.0	27.0	28.0	29.0	30.0	31.0	32.0	33.0	34.0	35.0	36.0	37.0	38.0	39.0	40.0
5-074_R2_001_val_2	5.0	146.0	1532.0	7957.0	21717.0	35252.0	45450.0	49230.0	52848.0	55333.0	62326.0	68228.0	77722.0	87399.0	102657.0	116483.0	140372.0	167167.0	214813.0	276782.0	390815.0	589969.0	1030845.0	1799525.0	4237261.0	19574255.0	6636966.0
	16.0	17.0	18.0	19.0	20.0	21.0	22.0	23.0	24.0	25.0	26.0	27.0	28.0	29.0	30.0	31.0	32.0	33.0	34.0	35.0	36.0	37.0	38.0	39.0	40.0
5-075_R1_001_val_1	3.0	47.0	494.0	2272.0	5711.0	9540.0	13528.0	16080.0	19294.0	22201.0	26498.0	30579.0	37705.0	45775.0	57993.0	72302.0	97511.0	131279.0	194166.0	299218.0	542944.0	985314.0	2518132.0	14669547.0	7485207.0
	13.0	14.0	15.0	16.0	17.0	18.0	19.0	20.0	21.0	22.0	23.0	24.0	25.0	26.0	27.0	28.0	29.0	30.0	31.0	32.0	33.0	34.0	35.0	36.0	37.0	38.0	39.0	40.0
5-075_R2_001_val_2	1.0	2.0	78.0	889.0	4920.0	12873.0	21188.0	28094.0	31787.0	34928.0	36376.0	40947.0	44485.0	51634.0	57574.0	68722.0	78025.0	94137.0	113423.0	146772.0	188807.0	268648.0	408393.0	711468.0	1249950.0	3005438.0	15119531.0	5464250.0
	16.0	17.0	18.0	19.0	20.0	21.0	22.0	23.0	24.0	25.0	26.0	27.0	28.0	29.0	30.0	31.0	32.0	33.0	34.0	35.0	36.0	37.0	38.0	39.0	40.0
5-121_R1_001_val_1	4.0	82.0	933.0	4100.0	9495.0	14794.0	20729.0	24787.0	30116.0	34785.0	41782.0	48823.0	61053.0	72558.0	91744.0	113514.0	151718.0	200102.0	294791.0	459790.0	826518.0	1488227.0	3745018.0	21182809.0	10292015.0
	14.0	15.0	16.0	17.0	18.0	19.0	20.0	21.0	22.0	23.0	24.0	25.0	26.0	27.0	28.0	29.0	30.0	31.0	32.0	33.0	34.0	35.0	36.0	37.0	38.0	39.0	40.0
5-121_R2_001_val_2	6.0	109.0	1540.0	8685.0	23691.0	37205.0	49020.0	53421.0	57688.0	60046.0	67659.0	74065.0	85020.0	94092.0	111224.0	125073.0	151294.0	181236.0	234293.0	301475.0	429413.0	653673.0	1147168.0	2003694.0	4752546.0	21646463.0	6860488.0
	16.0	17.0	18.0	19.0	20.0	21.0	22.0	23.0	24.0	25.0	26.0	27.0	28.0	29.0	30.0	31.0	32.0	33.0	34.0	35.0	36.0	37.0	38.0	39.0	40.0
5-122_R1_001_val_1	1.0	70.0	628.0	2469.0	6034.0	9788.0	13749.0	16063.0	19569.0	22215.0	26251.0	30078.0	36945.0	44198.0	55999.0	69473.0	93521.0	125617.0	184990.0	285615.0	515062.0	929573.0	2318825.0	12546001.0	5892502.0
	15.0	16.0	17.0	18.0	19.0	20.0	21.0	22.0	23.0	24.0	25.0	26.0	27.0	28.0	29.0	30.0	31.0	32.0	33.0	34.0	35.0	36.0	37.0	38.0	39.0	40.0
5-122_R2_001_val_2	61.0	965.0	5681.0	14946.0	23115.0	30143.0	34400.0	38381.0	39645.0	44797.0	48153.0	54463.0	60885.0	70901.0	81077.0	98495.0	118663.0	154563.0	198614.0	282400.0	427794.0	743075.0	1289310.0	3000688.0	12681546.0	3702475.0
	16.0	17.0	18.0	19.0	20.0	21.0	22.0	23.0	24.0	25.0	26.0	27.0	28.0	29.0	30.0	31.0	32.0	33.0	34.0	35.0	36.0	37.0	38.0	39.0	40.0
5-123_R1_001_val_1	1.0	73.0	1008.0	4504.0	10810.0	16397.0	21717.0	25699.0	30911.0	35340.0	42578.0	50048.0	61860.0	73730.0	93752.0	116452.0	155956.0	206474.0	306397.0	476756.0	857665.0	1552167.0	3938532.0	23734224.0	12416906.0
	14.0	15.0	16.0	17.0	18.0	19.0	20.0	21.0	22.0	23.0	24.0	25.0	26.0	27.0	28.0	29.0	30.0	31.0	32.0	33.0	34.0	35.0	36.0	37.0	38.0	39.0	40.0
5-123_R2_001_val_2	6.0	112.0	1796.0	10278.0	26144.0	40165.0	52990.0	58097.0	62574.0	64775.0	73083.0	78173.0	90216.0	98707.0	116500.0	133023.0	159525.0	192290.0	247659.0	320894.0	459799.0	700255.0	1232839.0	2160683.0	5191599.0	24760435.0	7897340.0
	16.0	17.0	18.0	19.0	20.0	21.0	22.0	23.0	24.0	25.0	26.0	27.0	28.0	29.0	30.0	31.0	32.0	33.0	34.0	35.0	36.0	37.0	38.0	39.0	40.0
5-124_R1_001_val_1	2.0	58.0	752.0	3469.0	9903.0	17264.0	24688.0	29849.0	36027.0	40920.0	49265.0	56956.0	71052.0	85299.0	107714.0	134219.0	180024.0	239498.0	354400.0	557020.0	1002514.0	1809703.0	4576599.0	27200979.0	15451428.0
	14.0	15.0	16.0	17.0	18.0	19.0	20.0	21.0	22.0	23.0	24.0	25.0	26.0	27.0	28.0	29.0	30.0	31.0	32.0	33.0	34.0	35.0	36.0	37.0	38.0	39.0	40.0
5-124_R2_001_val_2	4.0	175.0	2384.0	13486.0	33558.0	50006.0	64396.0	72028.0	78822.0	81505.0	90459.0	96526.0	109266.0	120935.0	141671.0	161572.0	193897.0	233638.0	300146.0	385243.0	548502.0	834073.0	1464279.0	2559285.0	6098490.0	28433806.0	9871450.0
	16.0	17.0	18.0	19.0	20.0	21.0	22.0	23.0	24.0	25.0	26.0	27.0	28.0	29.0	30.0	31.0	32.0	33.0	34.0	35.0	36.0	37.0	38.0	39.0	40.0
5-125_R1_001_val_1	3.0	57.0	702.0	3393.0	8663.0	14545.0	20085.0	24093.0	28532.0	31711.0	37271.0	42630.0	52271.0	62852.0	79723.0	99269.0	133741.0	181067.0	264792.0	403600.0	729830.0	1318257.0	3339141.0	19829272.0	10912923.0
	14.0	15.0	16.0	17.0	18.0	19.0	20.0	21.0	22.0	23.0	24.0	25.0	26.0	27.0	28.0	29.0	30.0	31.0	32.0	33.0	34.0	35.0	36.0	37.0	38.0	39.0	40.0
5-125_R2_001_val_2	4.0	102.0	1377.0	6944.0	17896.0	28284.0	36705.0	40837.0	44320.0	46178.0	51458.0	55548.0	63214.0	70368.0	83369.0	95733.0	115985.0	139113.0	181096.0	233547.0	333003.0	507813.0	898929.0	1601383.0	3839315.0	20421447.0	8704455.0
	16.0	17.0	18.0	19.0	20.0	21.0	22.0	23.0	24.0	25.0	26.0	27.0	28.0	29.0	30.0	31.0	32.0	33.0	34.0	35.0	36.0	37.0	38.0	39.0	40.0
5-126_R1_001_val_1	5.0	64.0	850.0	4047.0	11188.0	19442.0	26816.0	29379.0	33077.0	34795.0	39919.0	46012.0	55977.0	67433.0	85517.0	106310.0	144885.0	201069.0	275569.0	423844.0	771795.0	1397870.0	3570352.0	21779306.0	12687400.0
	14.0	15.0	16.0	17.0	18.0	19.0	20.0	21.0	22.0	23.0	24.0	25.0	26.0	27.0	28.0	29.0	30.0	31.0	32.0	33.0	34.0	35.0	36.0	37.0	38.0	39.0	40.0
5-126_R2_001_val_2	5.0	130.0	2264.0	12987.0	30423.0	41638.0	51982.0	57352.0	61996.0	63496.0	70156.0	74817.0	83228.0	91906.0	107237.0	120735.0	144020.0	172843.0	223287.0	287599.0	407898.0	623211.0	1101358.0	1945365.0	4689809.0	22963738.0	8383441.0
	17.0	18.0	19.0	20.0	21.0	22.0	23.0	24.0	25.0	26.0	27.0	28.0	29.0	30.0	31.0	32.0	33.0	34.0	35.0	36.0	37.0	38.0	39.0	40.0
5-127_R1_001_val_1	64.0	623.0	2554.0	6046.0	10335.0	15146.0	19139.0	23765.0	27387.0	31949.0	36797.0	46104.0	55740.0	70550.0	88778.0	127945.0	210718.0	267335.0	287812.0	495640.0	888807.0	2253768.0	13173361.0	7651870.0
	14.0	15.0	16.0	17.0	18.0	19.0	20.0	21.0	22.0	23.0	24.0	25.0	26.0	27.0	28.0	29.0	30.0	31.0	32.0	33.0	34.0	35.0	36.0	37.0	38.0	39.0	40.0
5-127_R2_001_val_2	6.0	88.0	1855.0	10385.0	24655.0	32661.0	38492.0	39409.0	41538.0	41265.0	44769.0	46452.0	52151.0	56327.0	64809.0	72876.0	86884.0	103981.0	135261.0	174488.0	245350.0	367325.0	640875.0	1125046.0	2728966.0	13676143.0	5940176.0
	16.0	17.0	18.0	19.0	20.0	21.0	22.0	23.0	24.0	25.0	26.0	27.0	28.0	29.0	30.0	31.0	32.0	33.0	34.0	35.0	36.0	37.0	38.0	39.0	40.0
5-128_R1_001_val_1	2.0	64.0	832.0	4119.0	9554.0	15203.0	20548.0	23929.0	29221.0	33298.0	40105.0	47565.0	58714.0	70949.0	88664.0	111350.0	149172.0	197472.0	289589.0	458252.0	825157.0	1483854.0	3754429.0	21715000.0	10878737.0
	13.0	14.0	15.0	16.0	17.0	18.0	19.0	20.0	21.0	22.0	23.0	24.0	25.0	26.0	27.0	28.0	29.0	30.0	31.0	32.0	33.0	34.0	35.0	36.0	37.0	38.0	39.0	40.0
5-128_R2_001_val_2	1.0	6.0	333.0	7359.0	41112.0	76428.0	71973.0	71222.0	72056.0	77108.0	79037.0	87485.0	90415.0	99904.0	106096.0	122719.0	136270.0	161501.0	189921.0	243899.0	312250.0	443972.0	671310.0	1168141.0	2042965.0	4919921.0	22495461.0	6516914.0
	16.0	17.0	18.0	19.0	20.0	21.0	22.0	23.0	24.0	25.0	26.0	27.0	28.0	29.0	30.0	31.0	32.0	33.0	34.0	35.0	36.0	37.0	38.0	39.0	40.0
5-130_R1_001_val_1	2.0	74.0	960.0	4331.0	10959.0	17241.0	23556.0	27998.0	33468.0	38311.0	45901.0	53710.0	66506.0	79230.0	101125.0	125018.0	167998.0	222814.0	329344.0	519706.0	939194.0	1693050.0	4287498.0	25112939.0	12643945.0
	14.0	15.0	16.0	17.0	18.0	19.0	20.0	21.0	22.0	23.0	24.0	25.0	26.0	27.0	28.0	29.0	30.0	31.0	32.0	33.0	34.0	35.0	36.0	37.0	38.0	39.0	40.0
5-130_R2_001_val_2	2.0	136.0	1791.0	10158.0	26365.0	41327.0	53977.0	60513.0	66024.0	69254.0	77004.0	84185.0	96071.0	106728.0	125806.0	143303.0	173798.0	208767.0	271892.0	352431.0	503500.0	765729.0	1334123.0	2317394.0	5466746.0	25704553.0	8483301.0
	16.0	17.0	18.0	19.0	20.0	21.0	22.0	23.0	24.0	25.0	26.0	27.0	28.0	29.0	30.0	31.0	32.0	33.0	34.0	35.0	36.0	37.0	38.0	39.0	40.0
5-131_R1_001_val_1	3.0	77.0	939.0	4501.0	10687.0	16586.0	21861.0	26282.0	31595.0	36574.0	43289.0	50877.0	62465.0	76180.0	95559.0	117966.0	157454.0	208381.0	304811.0	476994.0	861923.0	1565393.0	3992002.0	26250894.0	16718768.0
	14.0	15.0	16.0	17.0	18.0	19.0	20.0	21.0	22.0	23.0	24.0	25.0	26.0	27.0	28.0	29.0	30.0	31.0	32.0	33.0	34.0	35.0	36.0	37.0	38.0	39.0	40.0
5-131_R2_001_val_2	5.0	104.0	1708.0	9714.0	23594.0	34885.0	45921.0	51262.0	55272.0	57939.0	65921.0	71604.0	82356.0	91221.0	107296.0	122937.0	147574.0	177764.0	229981.0	298421.0	429876.0	659943.0	1174696.0	2088590.0	5130666.0	28169108.0	11803703.0
	16.0	17.0	18.0	19.0	20.0	21.0	22.0	23.0	24.0	25.0	26.0	27.0	28.0	29.0	30.0	31.0	32.0	33.0	34.0	35.0	36.0	37.0	38.0	39.0	40.0
5-133_R1_001_val_1	1.0	48.0	545.0	2411.0	6334.0	10511.0	14691.0	18097.0	21991.0	25558.0	30770.0	35639.0	44750.0	53952.0	68629.0	85674.0	114667.0	155311.0	226196.0	349517.0	625696.0	1126434.0	2825896.0	16154231.0	8502220.0
	13.0	14.0	15.0	16.0	17.0	18.0	19.0	20.0	21.0	22.0	23.0	24.0	25.0	26.0	27.0	28.0	29.0	30.0	31.0	32.0	33.0	34.0	35.0	36.0	37.0	38.0	39.0	40.0
5-133_R2_001_val_2	1.0	2.0	94.0	1174.0	6113.0	16469.0	27602.0	35988.0	38728.0	41362.0	43000.0	48612.0	53137.0	60611.0	68080.0	80350.0	91208.0	109684.0	130165.0	167828.0	214771.0	304599.0	462989.0	813063.0	1427377.0	3433991.0	16820570.0	6002201.0
	17.0	18.0	19.0	20.0	21.0	22.0	23.0	24.0	25.0	26.0	27.0	28.0	29.0	30.0	31.0	32.0	33.0	34.0	35.0	36.0	37.0	38.0	39.0	40.0
5-135_R1_001_val_1	24.0	358.0	1713.0	4220.0	6802.0	9278.0	10820.0	12922.0	14675.0	17512.0	20108.0	24863.0	30195.0	37883.0	47657.0	63239.0	85144.0	124514.0	193386.0	349654.0	629504.0	1598134.0	9446874.0	4988821.0
	14.0	15.0	16.0	17.0	18.0	19.0	20.0	21.0	22.0	23.0	24.0	25.0	26.0	27.0	28.0	29.0	30.0	31.0	32.0	33.0	34.0	35.0	36.0	37.0	38.0	39.0	40.0
5-135_R2_001_val_2	5.0	47.0	806.0	4545.0	10680.0	15605.0	20381.0	22572.0	24705.0	25672.0	28492.0	30948.0	35010.0	38884.0	45299.0	51607.0	61553.0	74253.0	96255.0	124128.0	176493.0	268876.0	476760.0	849962.0	2079643.0	9967194.0	3187925.0
	16.0	17.0	18.0	19.0	20.0	21.0	22.0	23.0	24.0	25.0	26.0	27.0	28.0	29.0	30.0	31.0	32.0	33.0	34.0	35.0	36.0	37.0	38.0	39.0	40.0
5-181_R1_001_val_1	1.0	120.0	1243.0	5828.0	13959.0	20949.0	27335.0	32093.0	38884.0	44361.0	53466.0	62418.0	77005.0	92796.0	116861.0	144595.0	193365.0	257439.0	379701.0	592776.0	1075805.0	1950838.0	4947456.0	31239607.0	17927379.0
	14.0	15.0	16.0	17.0	18.0	19.0	20.0	21.0	22.0	23.0	24.0	25.0	26.0	27.0	28.0	29.0	30.0	31.0	32.0	33.0	34.0	35.0	36.0	37.0	38.0	39.0	40.0
5-181_R2_001_val_2	5.0	128.0	2100.0	12171.0	31368.0	49219.0	64418.0	70166.0	76334.0	78341.0	88101.0	94640.0	107912.0	120210.0	140919.0	160457.0	193453.0	231447.0	301503.0	389370.0	556934.0	853856.0	1514678.0	2675403.0	6464494.0	32878241.0	12140412.0
	17.0	18.0	19.0	20.0	21.0	22.0	23.0	24.0	25.0	26.0	27.0	28.0	29.0	30.0	31.0	32.0	33.0	34.0	35.0	36.0	37.0	38.0	39.0	40.0
5-182_R1_001_val_1	80.0	988.0	6167.0	18689.0	33994.0	43862.0	42885.0	41026.0	39121.0	42094.0	45917.0	55409.0	65890.0	82654.0	102419.0	136739.0	181726.0	265147.0	415082.0	742853.0	1339808.0	3381492.0	19052869.0	8620435.0
	14.0	15.0	16.0	17.0	18.0	19.0	20.0	21.0	22.0	23.0	24.0	25.0	26.0	27.0	28.0	29.0	30.0	31.0	32.0	33.0	34.0	35.0	36.0	37.0	38.0	39.0	40.0
5-182_R2_001_val_2	4.0	119.0	1888.0	10813.0	26183.0	38986.0	50751.0	56715.0	60501.0	62655.0	69955.0	74894.0	83834.0	92380.0	107605.0	121634.0	145948.0	174850.0	223542.0	286739.0	407969.0	616243.0	1084220.0	1907966.0	4543619.0	19464782.0	5042551.0
	16.0	17.0	18.0	19.0	20.0	21.0	22.0	23.0	24.0	25.0	26.0	27.0	28.0	29.0	30.0	31.0	32.0	33.0	34.0	35.0	36.0	37.0	38.0	39.0	40.0
5-187_R1_001_val_1	3.0	97.0	1142.0	5322.0	13911.0	23383.0	32150.0	39899.0	48554.0	56673.0	68203.0	79637.0	99173.0	119426.0	150400.0	187905.0	250618.0	333727.0	493264.0	778501.0	1404503.0	2543541.0	6461586.0	38043243.0	20007856.0
	13.0	14.0	15.0	16.0	17.0	18.0	19.0	20.0	21.0	22.0	23.0	24.0	25.0	26.0	27.0	28.0	29.0	30.0	31.0	32.0	33.0	34.0	35.0	36.0	37.0	38.0	39.0	40.0
5-187_R2_001_val_2	1.0	8.0	245.0	3099.0	17948.0	45522.0	68741.0	90143.0	100303.0	108359.0	111388.0	124774.0	133831.0	152698.0	169256.0	198776.0	223092.0	269065.0	319233.0	411202.0	527653.0	746996.0	1136638.0	2006392.0	3532002.0	8409116.0	38880116.0	13456120.0
	17.0	18.0	19.0	20.0	21.0	22.0	23.0	24.0	25.0	26.0	27.0	28.0	29.0	30.0	31.0	32.0	33.0	34.0	35.0	36.0	37.0	38.0	39.0	40.0
5-188_R1_001_val_1	61.0	990.0	4378.0	9752.0	14558.0	19299.0	22892.0	27663.0	31827.0	38475.0	45135.0	56310.0	67616.0	85389.0	106551.0	143264.0	189864.0	279442.0	438242.0	787968.0	1411633.0	3531825.0	19682385.0	9744188.0
	14.0	15.0	16.0	17.0	18.0	19.0	20.0	21.0	22.0	23.0	24.0	25.0	26.0	27.0	28.0	29.0	30.0	31.0	32.0	33.0	34.0	35.0	36.0	37.0	38.0	39.0	40.0
5-188_R2_001_val_2	8.0	302.0	6590.0	36514.0	68690.0	67906.0	67456.0	68630.0	72567.0	75182.0	83138.0	86490.0	95699.0	101427.0	117293.0	130014.0	154118.0	181680.0	232386.0	297628.0	422922.0	637232.0	1108402.0	1926016.0	4575759.0	20329974.0	5795684.0
	17.0	18.0	19.0	20.0	21.0	22.0	23.0	24.0	25.0	26.0	27.0	28.0	29.0	30.0	31.0	32.0	33.0	34.0	35.0	36.0	37.0	38.0	39.0	40.0
5-189_R1_001_val_1	65.0	754.0	3312.0	8258.0	13465.0	17914.0	20980.0	24495.0	27885.0	32917.0	38135.0	48258.0	57637.0	73245.0	91987.0	123940.0	163980.0	243069.0	381038.0	685176.0	1236357.0	3108323.0	17094744.0	7846799.0
	13.0	14.0	15.0	16.0	17.0	18.0	19.0	20.0	21.0	22.0	23.0	24.0	25.0	26.0	27.0	28.0	29.0	30.0	31.0	32.0	33.0	34.0	35.0	36.0	37.0	38.0	39.0	40.0
5-189_R2_001_val_2	1.0	1.0	103.0	1797.0	10215.0	24527.0	37043.0	48372.0	54423.0	58682.0	60309.0	66763.0	71481.0	79931.0	87761.0	102488.0	115525.0	139763.0	167400.0	216157.0	278560.0	395422.0	600173.0	1050587.0	1836662.0	4320292.0	17392097.0	4126198.0
	16.0	17.0	18.0	19.0	20.0	21.0	22.0	23.0	24.0	25.0	26.0	27.0	28.0	29.0	30.0	31.0	32.0	33.0	34.0	35.0	36.0	37.0	38.0	39.0	40.0
5-197_R1_001_val_1	3.0	106.0	1224.0	5683.0	14652.0	24830.0	33653.0	37750.0	42929.0	46564.0	53908.0	62425.0	77347.0	91932.0	116733.0	143655.0	192880.0	259223.0	367928.0	571279.0	1035849.0	1867349.0	4752515.0	28497777.0	15443488.0
	14.0	15.0	16.0	17.0	18.0	19.0	20.0	21.0	22.0	23.0	24.0	25.0	26.0	27.0	28.0	29.0	30.0	31.0	32.0	33.0	34.0	35.0	36.0	37.0	38.0	39.0	40.0
5-197_R2_001_val_2	4.0	168.0	2685.0	16138.0	38692.0	55583.0	71044.0	78063.0	84058.0	87177.0	97173.0	104665.0	117843.0	130750.0	152606.0	172702.0	205865.0	243766.0	313490.0	400843.0	569026.0	862458.0	1514059.0	2657119.0	6411766.0	29821321.0	9532618.0

