Sample	22	27	32	37	42	47	52	57	62	67	72	77	82	87	92	97	102	107	112	117	122	127	132	137	142	147	150
15-033_R1_001_val_1	2485.0	6400.0	4737.0	4709.0	5145.0	5912.0	7546.0	10056.0	14207.0	20323.0	31125.0	47004.0	81381.0	127686.0	185909.0	251587.0	354458.0	446038.0	569617.0	656350.0	761720.0	874237.0	992058.0	1056538.0	1137306.0	14249385.0	24470560.0
15-033_R2_001_val_2	13682.0	17869.0	8368.0	6935.0	6947.0	7537.0	9264.0	12070.0	16288.0	22081.0	33757.0	50629.0	84892.0	131674.0	189720.0	255978.0	358013.0	449254.0	571944.0	657954.0	762779.0	875626.0	993991.0	1061736.0	1154943.0	15049433.0	23571115.0
15-091_R1_001_val_1	2515.0	6130.0	6094.0	7867.0	11724.0	15247.0	23692.0	34367.0	51209.0	74021.0	117353.0	175753.0	288929.0	414568.0	557759.0	693137.0	888577.0	1005040.0	1155958.0	1179637.0	1243563.0	1291119.0	1306669.0	1281187.0	1256884.0	11776766.0	19162801.0
15-091_R2_001_val_2	16111.0	20714.0	11046.0	11152.0	14252.0	17243.0	25779.0	36446.0	53468.0	76426.0	119883.0	178560.0	291545.0	416768.0	559735.0	694626.0	889225.0	1005098.0	1154699.0	1177981.0	1241265.0	1289514.0	1306206.0	1283693.0	1271390.0	12451469.0	18414272.0
15-092_R1_001_val_1	3431.0	8738.0	8512.0	11969.0	19274.0	26120.0	43627.0	63804.0	102754.0	148161.0	242286.0	357574.0	571321.0	792588.0	1043915.0	1270173.0	1521497.0	1629017.0	1760669.0	1769205.0	1776961.0	1812505.0	1746646.0	1651136.0	1588750.0	11258540.0	17839525.0
15-092_R2_001_val_2	18591.0	24388.0	14274.0	15626.0	22821.0	29060.0	46713.0	66908.0	105584.0	150952.0	245146.0	360583.0	573476.0	794006.0	1044525.0	1270058.0	1520342.0	1626340.0	1756600.0	1765125.0	1772555.0	1808329.0	1743764.0	1651711.0	1599758.0	11823585.0	17217878.0
15-152_R1_001_val_1	1818.0	4784.0	3169.0	3503.0	4392.0	5091.0	7155.0	9832.0	14956.0	21978.0	35752.0	56335.0	98202.0	159866.0	227895.0	303963.0	422914.0	524510.0	663832.0	741946.0	831635.0	908327.0	996712.0	1032217.0	1027466.0	9167133.0	15120073.0
15-152_R2_001_val_2	37185.0	41117.0	14101.0	9947.0	8929.0	8743.0	10348.0	12590.0	17773.0	24422.0	38589.0	59542.0	101616.0	163706.0	231102.0	307141.0	424514.0	524399.0	660879.0	737690.0	825766.0	901518.0	989716.0	1027610.0	1042265.0	9693631.0	14480617.0
15-154_R1_001_val_1	2634.0	6739.0	5155.0	5961.0	7747.0	9618.0	13671.0	19042.0	29100.0	40642.0	66417.0	100999.0	174321.0	263473.0	380358.0	485371.0	666560.0	804852.0	987015.0	1089035.0	1226634.0	1319439.0	1422774.0	1421933.0	1470133.0	14663266.0	23445412.0
15-154_R2_001_val_2	17356.0	21502.0	10101.0	9174.0	10262.0	12004.0	16037.0	21549.0	31689.0	43499.0	69581.0	104782.0	177877.0	267404.0	383691.0	488600.0	669125.0	806566.0	987244.0	1088889.0	1225665.0	1318397.0	1422628.0	1425065.0	1485273.0	15362354.0	22651987.0
15-161_R1_001_val_1	3032.0	7493.0	6316.0	7337.0	10931.0	14882.0	23199.0	35000.0	57096.0	83972.0	139021.0	215974.0	354823.0	522454.0	712986.0	890305.0	1135920.0	1288673.0	1469043.0	1510288.0	1571304.0	1621197.0	1634899.0	1598559.0	1545849.0	13722678.0	22124750.0
15-161_R2_001_val_2	18418.0	23029.0	11706.0	10960.0	13833.0	17368.0	25923.0	37770.0	59854.0	87138.0	142359.0	219425.0	358180.0	525513.0	715266.0	892099.0	1135926.0	1288033.0	1466636.0	1507094.0	1568102.0	1618550.0	1634096.0	1600907.0	1561348.0	14381334.0	21387114.0
25-046_R1_001_val_1	3190.0	8031.0	6328.0	5348.0	6553.0	6885.0	8464.0	11299.0	16183.0	23297.0	34944.0	53810.0	91649.0	141563.0	210445.0	284904.0	400648.0	495402.0	624914.0	704400.0	811708.0	924181.0	1013392.0	1064825.0	1134520.0	13223847.0	22554730.0
25-046_R2_001_val_2	14715.0	19766.0	10211.0	8056.0	8663.0	8947.0	10571.0	13577.0	18440.0	25188.0	37796.0	57010.0	95209.0	144999.0	213671.0	288398.0	403379.0	497706.0	626064.0	705377.0	812070.0	924483.0	1014408.0	1068720.0	1150010.0	14067254.0	21620772.0
25-047_R1_001_val_1	10127.0	23104.0	34644.0	57920.0	107714.0	167265.0	271756.0	354339.0	461461.0	490772.0	570757.0	598825.0	697322.0	732394.0	751461.0	723883.0	759219.0	737622.0	739290.0	709476.0	688629.0	686464.0	677524.0	650543.0	613744.0	4997500.0	8728964.0
25-047_R2_001_val_2	21168.0	33118.0	37301.0	58467.0	106668.0	165896.0	271942.0	354830.0	461970.0	491096.0	571450.0	599640.0	697474.0	732389.0	751095.0	723466.0	757954.0	736436.0	737352.0	707409.0	686702.0	684631.0	676048.0	650318.0	620250.0	5399488.0	8308161.0
25-048_R1_001_val_1	2720.0	7553.0	5868.0	4351.0	4723.0	4866.0	5667.0	6988.0	9427.0	12026.0	17064.0	24083.0	38501.0	57947.0	86109.0	121164.0	174267.0	227130.0	294989.0	351714.0	413794.0	480294.0	541358.0	590944.0	638402.0	8589074.0	14631436.0
25-048_R2_001_val_2	12956.0	18044.0	9745.0	6974.0	6850.0	6668.0	7476.0	8916.0	11157.0	14109.0	19371.0	26619.0	40896.0	60726.0	88892.0	124221.0	176697.0	229358.0	296329.0	352662.0	414537.0	481134.0	542978.0	594700.0	651119.0	8920611.0	14218714.0
25-049_R1_001_val_1	1792.0	4965.0	3608.0	3917.0	4643.0	5577.0	7336.0	10086.0	14175.0	19628.0	31560.0	47743.0	84634.0	135729.0	190610.0	250203.0	351906.0	435311.0	558492.0	629164.0	723033.0	813606.0	922627.0	966881.0	1005506.0	11750396.0	19110895.0
25-049_R2_001_val_2	42053.0	46397.0	15941.0	11175.0	9650.0	9248.0	10638.0	13196.0	17040.0	22560.0	34840.0	51471.0	88636.0	140407.0	195097.0	255471.0	355562.0	437372.0	558450.0	627348.0	719663.0	809097.0	917999.0	965078.0	1024096.0	12306207.0	18399331.0
25-050_R1_001_val_1	2521.0	6612.0	4843.0	4951.0	6243.0	7521.0	10126.0	14191.0	21293.0	31433.0	50927.0	77652.0	132539.0	200133.0	289719.0	381817.0	521859.0	625054.0	767249.0	848956.0	961166.0	1074191.0	1177141.0	1230545.0	1302406.0	15936644.0	26874598.0
25-050_R2_001_val_2	16433.0	21364.0	10218.0	8522.0	9217.0	10145.0	12857.0	16726.0	23929.0	33969.0	54326.0	81488.0	136538.0	204265.0	293694.0	386129.0	525371.0	628049.0	769486.0	850768.0	962131.0	1075378.0	1179039.0	1235980.0	1319708.0	16694382.0	26002218.0
25-051_R1_001_val_1	5682.0	12721.0	11498.0	15303.0	26654.0	45048.0	80563.0	128411.0	206580.0	277697.0	376858.0	466893.0	584284.0	698963.0	813175.0	921692.0	1030842.0	1152531.0	1228506.0	1312082.0	1372849.0	1452011.0	1495351.0	1528485.0	1497396.0	13066523.0	22477205.0
25-051_R2_001_val_2	24345.0	31920.0	17716.0	19391.0	29492.0	47749.0	83940.0	131548.0	209018.0	277100.0	379506.0	470044.0	587591.0	701875.0	815826.0	924180.0	1032384.0	1152785.0	1227528.0	1310062.0	1369818.0	1449003.0	1493572.0	1529529.0	1511922.0	13899099.0	21558860.0
25-052_R1_001_val_1	1601.0	4118.0	2954.0	3338.0	3832.0	4680.0	5881.0	8337.0	12178.0	16561.0	26163.0	39071.0	64149.0	98552.0	141355.0	189442.0	255119.0	315721.0	384866.0	434111.0	481188.0	540420.0	587986.0	607579.0	632329.0	9419515.0	15778883.0
25-052_R2_001_val_2	9986.0	13395.0	6088.0	5358.0	5726.0	6391.0	7578.0	10088.0	14002.0	18520.0	28177.0	41537.0	66885.0	101479.0	144224.0	192649.0	257846.0	318115.0	387003.0	435872.0	482552.0	542197.0	590378.0	612504.0	647787.0	9851000.0	15262592.0
25-053_R1_001_val_1	5485.0	10614.0	10125.0	10670.0	16491.0	21811.0	35403.0	54881.0	89166.0	125175.0	175049.0	231195.0	320916.0	410348.0	508555.0	574835.0	699396.0	783958.0	902644.0	980906.0	1063705.0	1167883.0	1240754.0	1291567.0	1311801.0	14521295.0	24038760.0
25-053_R2_001_val_2	22415.0	27612.0	15403.0	14062.0	18905.0	23956.0	37785.0	57292.0	91163.0	124519.0	177583.0	233965.0	323708.0	413090.0	510430.0	577235.0	700769.0	784938.0	902047.0	980000.0	1062438.0	1166336.0	1240109.0	1294453.0	1328197.0	14999764.0	23475214.0
25-054_R1_001_val_1	2297.0	6050.0	4673.0	5452.0	6912.0	8541.0	12000.0	17035.0	26153.0	38560.0	62441.0	95195.0	156818.0	232199.0	333061.0	437999.0	584360.0	703661.0	845747.0	946385.0	1062440.0	1174125.0	1276100.0	1337231.0	1392242.0	14385376.0	25008078.0
25-054_R2_001_val_2	15257.0	19828.0	9511.0	8742.0	9701.0	11239.0	14987.0	20246.0	29627.0	42172.0	66615.0	100006.0	161436.0	237436.0	337974.0	442719.0	587934.0	706633.0	847682.0	947350.0	1062648.0	1174319.0	1277032.0	1341848.0	1409495.0	15316533.0	23962161.0
25-055_R1_001_val_1	1846.0	4325.0	3566.0	3778.0	4324.0	5193.0	6239.0	7787.0	9996.0	12652.0	17823.0	25443.0	38843.0	57948.0	82553.0	112373.0	156089.0	198021.0	251087.0	295460.0	344300.0	398912.0	453311.0	494177.0	543370.0	10338596.0	18201619.0
25-055_R2_001_val_2	8269.0	11121.0	5635.0	5240.0	5495.0	6235.0	7531.0	9520.0	12052.0	15072.0	20492.0	28720.0	42169.0	61726.0	86170.0	116610.0	159517.0	201387.0	253905.0	298092.0	346684.0	401453.0	456374.0	499740.0	559145.0	10912197.0	17539080.0
25-056_R1_001_val_1	2283.0	5799.0	4318.0	4201.0	5372.0	5974.0	7487.0	10392.0	15587.0	22192.0	34561.0	53377.0	91155.0	143258.0	203564.0	271017.0	373594.0	460035.0	574845.0	648049.0	733673.0	818810.0	891560.0	938624.0	968349.0	9969831.0	16681648.0
25-056_R2_001_val_2	38438.0	43302.0	15899.0	10735.0	10124.0	9446.0	10698.0	13387.0	18243.0	24435.0	37306.0	56368.0	94380.0	146341.0	206819.0	274422.0	375549.0	460695.0	572841.0	644600.0	728887.0	812986.0	885616.0	935619.0	983579.0	10452246.0	16076594.0
25-058_R1_001_val_1	2757.0	6456.0	6009.0	7374.0	10265.0	13506.0	19239.0	27467.0	44303.0	58317.0	93749.0	137649.0	233273.0	340913.0	473031.0	592535.0	778722.0	889832.0	1045448.0	1089048.0	1161153.0	1217428.0	1261541.0	1226239.0	1214895.0	10362769.0	16517753.0
25-058_R2_001_val_2	15238.0	18901.0	10355.0	9974.0	12476.0	15325.0	21291.0	29359.0	44573.0	60303.0	96205.0	140282.0	235931.0	343338.0	474822.0	593955.0	778795.0	889636.0	1043686.0	1086854.0	1158649.0	1215232.0	1259869.0	1227385.0	1224966.0	10995626.0	15828645.0
25-059_R1_001_val_1	14408.0	33091.0	35987.0	29538.0	49057.0	56357.0	76528.0	113418.0	177873.0	260566.0	315898.0	405473.0	554301.0	701102.0	856192.0	925905.0	1098211.0	1215317.0	1384007.0	1469254.0	1553135.0	1650287.0	1737341.0	1743017.0	1746231.0	16360153.0	27398383.0
25-059_R2_001_val_2	38865.0	56318.0	42015.0	33945.0	51330.0	58554.0	79207.0	116768.0	179266.0	243615.0	319138.0	409593.0	557150.0	703711.0	858358.0	928015.0	1099122.0	1214810.0	1381877.0	1466492.0	1549159.0	1646428.0	1734862.0	1745289.0	1766804.0	17171353.0	26508986.0
25-060_R1_001_val_1	4573.0	10698.0	9088.0	12134.0	20162.0	32798.0	56773.0	93589.0	150486.0	194908.0	269524.0	339306.0	459387.0	559113.0	647684.0	712485.0	842691.0	923998.0	1041244.0	1094551.0	1173679.0	1266403.0	1339280.0	1346749.0	1390669.0	15247868.0	24370848.0
25-060_R2_001_val_2	23829.0	29457.0	15306.0	16292.0	22763.0	35181.0	59306.0	96187.0	151599.0	196930.0	271727.0	342077.0	462146.0	561379.0	649316.0	714423.0	843669.0	923882.0	1040226.0	1093316.0	1171746.0	1264908.0	1338321.0	1350150.0	1407634.0	15465878.0	24063040.0
25-109_R1_001_val_1	2425.0	6261.0	5062.0	6237.0	8326.0	10626.0	15766.0	22853.0	36278.0	51727.0	84485.0	129123.0	216054.0	325166.0	459517.0	596287.0	791231.0	934870.0	1103120.0	1188663.0	1286077.0	1370458.0	1430243.0	1424059.0	1418701.0	11904839.0	19600099.0
25-109_R2_001_val_2	16052.0	20051.0	9887.0	9244.0	10760.0	12915.0	18279.0	25161.0	38824.0	54436.0	87692.0	132977.0	219334.0	328809.0	462632.0	599046.0	792687.0	935155.0	1102365.0	1186899.0	1283678.0	1368247.0	1428509.0	1425860.0	1433539.0	12588278.0	18837237.0
25-110_R1_001_val_1	1939.0	4955.0	2864.0	2799.0	3227.0	3641.0	4394.0	6168.0	8393.0	11798.0	17572.0	27195.0	45441.0	71932.0	109719.0	147389.0	216055.0	269644.0	349340.0	404157.0	478602.0	558298.0	642756.0	685411.0	738340.0	11366410.0	18943633.0
25-110_R2_001_val_2	13616.0	16910.0	6916.0	5499.0	5088.0	5549.0	6413.0	8029.0	10235.0	13600.0	19987.0	29858.0	48211.0	75052.0	112667.0	150582.0	218726.0	272376.0	350996.0	405680.0	479493.0	559454.0	644507.0	689766.0	754303.0	11924211.0	18294348.0
25-112_R1_001_val_1	2346.0	6716.0	5633.0	5017.0	6583.0	6391.0	6618.0	7956.0	10315.0	13529.0	18282.0	25689.0	39929.0	58069.0	83566.0	114971.0	162996.0	210032.0	271648.0	322574.0	391321.0	464699.0	542950.0	603166.0	689000.0	15449870.0	27064303.0
25-112_R2_001_val_2	15415.0	21043.0	10578.0	8604.0	9539.0	9079.0	9623.0	11029.0	13517.0	16784.0	21931.0	29496.0	44066.0	62774.0	88253.0	119894.0	167315.0	214194.0	274961.0	325627.0	394024.0	468323.0	547166.0	611458.0	712627.0	16298162.0	26078687.0
25-113_R1_001_val_1	2036.0	5342.0	3791.0	3299.0	3674.0	4062.0	4935.0	6046.0	8224.0	10484.0	15452.0	22574.0	37821.0	59347.0	89902.0	130188.0	196079.0	264713.0	358618.0	432233.0	528558.0	618923.0	711248.0	772220.0	830687.0	9742095.0	16916736.0
25-113_R2_001_val_2	11733.0	15126.0	7220.0	5741.0	5525.0	5870.0	6728.0	7984.0	10331.0	12786.0	17906.0	25407.0	40759.0	62487.0	93005.0	133586.0	198835.0	267068.0	360301.0	433376.0	529132.0	619678.0	712049.0	775994.0	845212.0	10448361.0	16127087.0
25-114_R1_001_val_1	5291.0	10808.0	8552.0	8109.0	10878.0	9512.0	11954.0	14790.0	20044.0	33406.0	38393.0	54409.0	87454.0	131739.0	187712.0	254896.0	361667.0	458654.0	597272.0	704294.0	832352.0	967484.0	1130721.0	1222726.0	1346358.0	21829105.0	36312400.0
25-114_R2_001_val_2	22137.0	27447.0	14512.0	12109.0	14223.0	12585.0	15428.0	18566.0	23955.0	34814.0	42949.0	59825.0	93092.0	138132.0	193845.0	261058.0	367037.0	463602.0	600928.0	707421.0	835432.0	969979.0	1134323.0	1230334.0	1370117.0	22475655.0	35511475.0
25-115_R1_001_val_1	4487.0	9168.0	7082.0	5216.0	5843.0	6404.0	8239.0	11162.0	17047.0	24927.0	39066.0	61617.0	103571.0	160332.0	237072.0	320298.0	439544.0	537395.0	658388.0	737912.0	829626.0	918146.0	994144.0	1031803.0	1076645.0	11138735.0	19152650.0
25-115_R2_001_val_2	13833.0	18950.0	10081.0	7449.0	7502.0	8160.0	10174.0	12995.0	19087.0	26621.0	41548.0	64464.0	106481.0	163404.0	239949.0	323399.0	441691.0	539159.0	659018.0	738262.0	829722.0	918018.0	994646.0	1034855.0	1088927.0	11844561.0	18373563.0
25-116_R1_001_val_1	2312.0	5642.0	4103.0	4652.0	5731.0	6193.0	7852.0	10503.0	13934.0	20223.0	27861.0	39683.0	64296.0	98600.0	144756.0	201524.0	291045.0	374198.0	487052.0	576405.0	687100.0	795756.0	898061.0	972925.0	1056985.0	13453966.0	23461508.0
25-116_R2_001_val_2	15029.0	18775.0	8567.0	7607.0	8131.0	8485.0	10286.0	12712.0	16485.0	21935.0	30237.0	42997.0	68321.0	102697.0	148968.0	205920.0	294856.0	377637.0	489782.0	578890.0	688548.0	797407.0	900177.0	978508.0	1074040.0	14372676.0	22433193.0
25-117_R1_001_val_1	2528.0	6496.0	8974.0	14827.0	27783.0	42786.0	80104.0	114232.0	180123.0	208762.0	283416.0	315419.0	406773.0	440016.0	503348.0	521732.0	587364.0	609722.0	657356.0	682284.0	699348.0	746989.0	760721.0	786902.0	780427.0	10645278.0	18199884.0
25-117_R2_001_val_2	14770.0	20173.0	14082.0	17980.0	30488.0	45236.0	82356.0	116366.0	182018.0	210889.0	285201.0	317522.0	408787.0	442312.0	505352.0	524015.0	589027.0	610997.0	658423.0	682877.0	699767.0	747970.0	762421.0	791210.0	796676.0	11073634.0	17683045.0
25-119_R1_001_val_1	2278.0	6075.0	3938.0	3988.0	4304.0	4634.0	5509.0	7092.0	9054.0	12125.0	16292.0	23753.0	39119.0	60737.0	86902.0	112529.0	163233.0	198181.0	254065.0	289017.0	345021.0	417992.0	490107.0	538806.0	614773.0	17572553.0	29219498.0
25-119_R2_001_val_2	19180.0	24362.0	10061.0	7971.0	7359.0	7522.0	8174.0	9734.0	11644.0	14785.0	19415.0	27430.0	43390.0	65881.0	91823.0	117868.0	168371.0	203272.0	258515.0	293215.0	348862.0	422095.0	495846.0	548644.0	641581.0	18413648.0	28220927.0
25-120_R1_001_val_1	3386.0	7647.0	7194.0	9325.0	12878.0	15998.0	23905.0	33454.0	50758.0	72172.0	115385.0	171167.0	278246.0	415755.0	566875.0	728516.0	949514.0	1133714.0	1340953.0	1451231.0	1536268.0	1624868.0	1699608.0	1723200.0	1696295.0	14867230.0	24644577.0
25-120_R2_001_val_2	18321.0	22848.0	11860.0	11890.0	14933.0	17841.0	26074.0	35525.0	53169.0	74965.0	118562.0	174745.0	281507.0	419385.0	569790.0	731152.0	951159.0	1134854.0	1340477.0	1449519.0	1534114.0	1622530.0	1698493.0	1725450.0	1713310.0	15567940.0	23859706.0
25-167_R1_001_val_1	1947.0	4978.0	3657.0	4036.0	5248.0	6316.0	8512.0	12541.0	19086.0	28819.0	46920.0	73813.0	129417.0	210796.0	290068.0	374413.0	503604.0	612093.0	754695.0	825620.0	902271.0	984834.0	1087762.0	1133729.0	1119932.0	10548836.0	17208762.0
25-167_R2_001_val_2	41779.0	46098.0	16403.0	11203.0	10195.0	10185.0	12029.0	15866.0	22205.0	31522.0	50123.0	77242.0	132836.0	214211.0	293114.0	377613.0	504943.0	611556.0	751468.0	820638.0	895806.0	977473.0	1079815.0	1128865.0	1136038.0	11056915.0	16576564.0
25-168_R1_001_val_1	3517.0	7320.0	6247.0	7362.0	9749.0	10219.0	13125.0	16355.0	21749.0	30141.0	38816.0	53755.0	82072.0	117146.0	161197.0	206835.0	275689.0	332553.0	402300.0	450152.0	513679.0	579688.0	642624.0	690310.0	745993.0	13830413.0	24003623.0
25-168_R2_001_val_2	16227.0	20724.0	11212.0	10719.0	12327.0	12508.0	15680.0	18851.0	24312.0	30709.0	41396.0	56964.0	85244.0	120901.0	164821.0	210788.0	278980.0	335838.0	404771.0	452439.0	515543.0	582030.0	645657.0	696847.0	765960.0	14393767.0	23327414.0
25-169_R1_001_val_1	6712.0	14728.0	18430.0	28451.0	45522.0	64615.0	102991.0	154004.0	240333.0	332324.0	501152.0	688199.0	974166.0	1256948.0	1484755.0	1590918.0	1784095.0	1839332.0	1909974.0	1858867.0	1858841.0	1791343.0	1785712.0	1666271.0	1603954.0	11451483.0	19063849.0
25-169_R2_001_val_2	24022.0	32627.0	23928.0	31427.0	47567.0	66356.0	105123.0	156345.0	242730.0	334869.0	503453.0	690588.0	975553.0	1257204.0	1483815.0	1589817.0	1781677.0	1836309.0	1905294.0	1854088.0	1853869.0	1786655.0	1782920.0	1665922.0	1617247.0	12321491.0	18147073.0
25-170_R1_001_val_1	2568.0	6939.0	5533.0	5700.0	7176.0	7878.0	9417.0	11770.0	16069.0	21520.0	29587.0	42988.0	66768.0	101833.0	148701.0	207487.0	292953.0	381604.0	492280.0	580474.0	688697.0	803419.0	909874.0	984243.0	1079009.0	15279911.0	26903527.0
25-170_R2_001_val_2	17156.0	22119.0	11010.0	9514.0	10027.0	10446.0	12155.0	14707.0	18947.0	24241.0	32952.0	46987.0	70997.0	106494.0	153093.0	212388.0	297234.0	385318.0	495119.0	582862.0	690481.0	805201.0	912694.0	990732.0	1101842.0	16335522.0	25717687.0
25-171_R1_001_val_1	2821.0	5962.0	4277.0	4553.0	5398.0	5384.0	6575.0	8093.0	10450.0	14602.0	17514.0	23557.0	36444.0	52886.0	74305.0	94613.0	135270.0	175014.0	229506.0	271007.0	337802.0	400229.0	477159.0	520781.0	618275.0	16051364.0	27464642.0
25-171_R2_001_val_2	16183.0	20296.0	9638.0	8428.0	8644.0	8492.0	9590.0	10962.0	13128.0	17136.0	20704.0	27166.0	40565.0	57548.0	79188.0	99638.0	140036.0	179484.0	233790.0	275028.0	341205.0	404480.0	482438.0	529232.0	642360.0	17278368.0	26094756.0
25-172_R1_001_val_1	2325.0	5885.0	4891.0	4954.0	5923.0	6994.0	9294.0	12189.0	18235.0	26107.0	40441.0	61305.0	102720.0	156537.0	230175.0	317799.0	443636.0	558290.0	694258.0	787052.0	883383.0	984286.0	1063578.0	1113158.0	1138679.0	10537839.0	17441940.0
25-172_R2_001_val_2	14091.0	18273.0	9237.0	8017.0	8240.0	9185.0	11533.0	14458.0	20740.0	28717.0	43369.0	64656.0	105977.0	160222.0	233347.0	321059.0	445976.0	560101.0	694648.0	787082.0	882797.0	983307.0	1063224.0	1115631.0	1152090.0	11007480.0	16888416.0
25-174_R1_001_val_1	4222.0	9308.0	6840.0	6374.0	7538.0	6975.0	8083.0	10860.0	16169.0	30748.0	34490.0	52405.0	87722.0	135323.0	197706.0	265257.0	372204.0	462343.0	575009.0	652685.0	746977.0	843242.0	934390.0	970667.0	1021270.0	10592307.0	17426308.0
25-174_R2_001_val_2	17283.0	21478.0	10948.0	8785.0	9587.0	8643.0	10046.0	12892.0	17982.0	28291.0	36544.0	55367.0	90664.0	138451.0	201034.0	268425.0	375015.0	464566.0	576483.0	653300.0	746618.0	842372.0	933999.0	972790.0	1032894.0	11051510.0	16891455.0
25-175_R1_001_val_1	2291.0	5786.0	3797.0	3948.0	4466.0	5293.0	6624.0	8432.0	11660.0	15854.0	23574.0	34169.0	54722.0	82754.0	116458.0	153779.0	208500.0	255345.0	312823.0	354238.0	399949.0	456987.0	504099.0	536249.0	575911.0	12212645.0	20834710.0
25-175_R2_001_val_2	12541.0	17095.0	7592.0	6593.0	6980.0	7692.0	9126.0	10700.0	13831.0	18196.0	26125.0	37214.0	58273.0	86497.0	120420.0	158359.0	212195.0	259030.0	316066.0	357366.0	403037.0	460019.0	508384.0	543359.0	597104.0	12894388.0	20036881.0
25-177_R1_001_val_1	4767.0	6531.0	5285.0	5258.0	6561.0	6769.0	8818.0	9906.0	13065.0	20019.0	22689.0	31027.0	48662.0	71917.0	100083.0	133220.0	188732.0	239019.0	313706.0	365406.0	442318.0	528442.0	625199.0	685318.0	771895.0	14403431.0	24188684.0
25-177_R2_001_val_2	15901.0	17916.0	9162.0	7943.0	8907.0	9026.0	12241.0	12052.0	14957.0	20858.0	25524.0	34388.0	52689.0	76061.0	104542.0	137877.0	193057.0	243258.0	317316.0	368402.0	445076.0	531136.0	628601.0	691515.0	791066.0	15172921.0	23304335.0
25-179_R1_001_val_1	4389.0	10437.0	10293.0	12850.0	21152.0	33451.0	57811.0	90846.0	140414.0	181784.0	237399.0	294099.0	388147.0	468331.0	542671.0	589738.0	693505.0	764711.0	860064.0	904679.0	972260.0	1029158.0	1096621.0	1099197.0	1120991.0	10820185.0	17912930.0
25-179_R2_001_val_2	19449.0	25245.0	15043.0	15793.0	23078.0	35074.0	59681.0	92595.0	141700.0	180837.0	239048.0	295963.0	389806.0	470188.0	543703.0	591229.0	694095.0	764412.0	859341.0	903126.0	970306.0	1027109.0	1095396.0	1101072.0	1134852.0	11396161.0	17273811.0
25-180_R1_001_val_1	5624.0	11219.0	14257.0	27023.0	55386.0	96163.0	169605.0	251419.0	348324.0	403439.0	502230.0	569495.0	721021.0	812595.0	894989.0	902155.0	1020983.0	1029099.0	1095427.0	1082586.0	1112419.0	1155727.0	1188695.0	1166706.0	1149168.0	12482590.0	20874555.0
25-180_R2_001_val_2	22071.0	27394.0	19589.0	29805.0	57296.0	97654.0	171625.0	253625.0	350170.0	405810.0	504064.0	571850.0	723089.0	814338.0	896027.0	903339.0	1020998.0	1028328.0	1093718.0	1080552.0	1110489.0	1153967.0	1188272.0	1169125.0	1165766.0	13439646.0	19844292.0
25-185_R1_001_val_1	1549.0	4060.0	3313.0	3279.0	3887.0	4559.0	5896.0	7290.0	9760.0	12528.0	17948.0	25368.0	40088.0	60453.0	88975.0	123379.0	178477.0	230251.0	296602.0	351163.0	410403.0	473810.0	533073.0	576559.0	619668.0	8308134.0	14124893.0
25-185_R2_001_val_2	11086.0	14160.0	7027.0	5654.0	5792.0	6251.0	7432.0	8904.0	11219.0	13941.0	19733.0	27444.0	42113.0	62762.0	91344.0	125631.0	180453.0	232011.0	298205.0	352199.0	410976.0	474679.0	534454.0	579853.0	631492.0	8700039.0	13660511.0
25-186_R1_001_val_1	2730.0	7652.0	6293.0	4483.0	5404.0	5189.0	6055.0	7835.0	10453.0	14085.0	20375.0	28888.0	46270.0	68386.0	99149.0	135088.0	188827.0	238705.0	298496.0	349429.0	401048.0	456931.0	506706.0	544499.0	579301.0	7882710.0	13468556.0
25-186_R2_001_val_2	11803.0	17216.0	9413.0	6793.0	7108.0	6818.0	7511.0	9264.0	11964.0	15579.0	21974.0	30726.0	48168.0	70323.0	101145.0	137459.0	190830.0	240238.0	299589.0	350363.0	401073.0	457538.0	507749.0	547939.0	590954.0	8239730.0	13044276.0
25-193_R1_001_val_1	1975.0	4037.0	5153.0	7152.0	10996.0	13778.0	20340.0	27135.0	41852.0	52036.0	84612.0	114423.0	196403.0	255807.0	335367.0	358374.0	444261.0	447019.0	504922.0	500069.0	510537.0	550307.0	554853.0	543093.0	524080.0	8022276.0	12574032.0
25-193_R2_001_val_2	9954.0	12690.0	8073.0	8814.0	12313.0	14704.0	21242.0	27858.0	42509.0	52787.0	85266.0	115402.0	197270.0	256714.0	336179.0	359183.0	444878.0	447320.0	504944.0	500050.0	510672.0	550466.0	555774.0	546190.0	533538.0	8162648.0	12387451.0
25-194_R1_001_val_1	1352.0	3696.0	2822.0	3123.0	3964.0	4770.0	6714.0	9063.0	13519.0	19142.0	31256.0	48072.0	83900.0	131220.0	182443.0	234384.0	319420.0	386454.0	480190.0	530788.0	599655.0	660655.0	740681.0	773522.0	799943.0	9118667.0	15171941.0
25-194_R2_001_val_2	33685.0	36902.0	12870.0	8810.0	7920.0	7807.0	9507.0	11472.0	15857.0	21495.0	33715.0	50932.0	86793.0	134573.0	185532.0	237726.0	321709.0	387508.0	479320.0	529081.0	596053.0	656776.0	736717.0	772053.0	814762.0	9605855.0	14565926.0
25-195_R1_001_val_1	2004.0	4496.0	3744.0	4685.0	6088.0	7641.0	10693.0	14952.0	22474.0	32438.0	52199.0	79734.0	129520.0	193376.0	266376.0	347098.0	454439.0	542679.0	645096.0	709415.0	780496.0	851828.0	920711.0	960172.0	983783.0	9434906.0	15744589.0
25-195_R2_001_val_2	8291.0	10703.0	6022.0	6249.0	7354.0	9058.0	12409.0	16884.0	24570.0	34879.0	54880.0	83093.0	132476.0	196659.0	269223.0	349483.0	456400.0	543979.0	645316.0	709457.0	780074.0	851276.0	920767.0	962253.0	993032.0	9839301.0	15281544.0
25-202_R1_001_val_1	2743.0	7209.0	5725.0	6802.0	10212.0	13227.0	20297.0	30973.0	48490.0	71013.0	119051.0	187486.0	330553.0	492846.0	681088.0	782016.0	1035398.0	1151331.0	1351817.0	1372690.0	1494835.0	1523030.0	1597449.0	1519596.0	1531026.0	13080893.0	19963080.0
25-202_R2_001_val_2	16816.0	21465.0	10915.0	10144.0	12538.0	15296.0	22212.0	32863.0	50455.0	73230.0	121136.0	189903.0	333033.0	494757.0	682344.0	783428.0	1035913.0	1150521.0	1349984.0	1370580.0	1492046.0	1520733.0	1595770.0	1521120.0	1542559.0	13890206.0	19090909.0
25-203_R1_001_val_1	2490.0	5262.0	3982.0	4055.0	4691.0	5285.0	7035.0	9321.0	13168.0	18452.0	28924.0	44384.0	77142.0	123288.0	174292.0	229386.0	320872.0	399733.0	510802.0	582216.0	665041.0	753624.0	859383.0	912111.0	945025.0	10779798.0	17892115.0
25-203_R2_001_val_2	39486.0	43455.0	15458.0	10674.0	9364.0	8900.0	10313.0	12437.0	16062.0	21149.0	32118.0	48059.0	80911.0	127675.0	178648.0	234194.0	324407.0	401693.0	510596.0	580921.0	662316.0	749507.0	854766.0	910111.0	961797.0	11357002.0	17169858.0
5-002_R1_001_val_1	1970.0	4989.0	3724.0	4309.0	5431.0	6301.0	8021.0	10666.0	14002.0	18452.0	27161.0	38808.0	62401.0	93868.0	134895.0	182785.0	258941.0	330878.0	429085.0	500145.0	593676.0	693063.0	792639.0	861625.0	931566.0	13846638.0	22944054.0
5-002_R2_001_val_2	13388.0	16860.0	7929.0	7083.0	7547.0	8148.0	10080.0	12551.0	16312.0	20749.0	29766.0	41913.0	65714.0	97602.0	138493.0	186768.0	262553.0	334320.0	431632.0	502123.0	595455.0	694773.0	795189.0	866629.0	947790.0	14401125.0	22287601.0
5-003_R1_001_val_1	2330.0	5920.0	4254.0	4529.0	5744.0	7197.0	10330.0	14825.0	22756.0	34348.0	56456.0	89017.0	154535.0	233401.0	330896.0	420820.0	571218.0	666450.0	810405.0	873586.0	984123.0	1093871.0	1191069.0	1221112.0	1276788.0	13927246.0	22159531.0
5-003_R2_001_val_2	13944.0	17682.0	8316.0	7069.0	7795.0	9016.0	11870.0	16662.0	24646.0	36233.0	58332.0	91255.0	156883.0	235791.0	333132.0	423437.0	573026.0	668099.0	811199.0	874088.0	984037.0	1093914.0	1191706.0	1224258.0	1288657.0	14478984.0	21532726.0
5-004_R1_001_val_1	3048.0	7228.0	5997.0	7710.0	11112.0	14392.0	21259.0	29764.0	45978.0	64441.0	102663.0	157400.0	264652.0	396955.0	554654.0	712350.0	952955.0	1109427.0	1321697.0	1396848.0	1513113.0	1611854.0	1670992.0	1665074.0	1655309.0	13855223.0	22047836.0
5-004_R2_001_val_2	17254.0	22348.0	11622.0	11200.0	13805.0	16793.0	23624.0	32448.0	48567.0	67270.0	105522.0	160456.0	267672.0	399548.0	556942.0	714585.0	953640.0	1109512.0	1320058.0	1395094.0	1510328.0	1609000.0	1669530.0	1666676.0	1668639.0	14490484.0	21337314.0
5-005_R1_001_val_1	2057.0	5265.0	3814.0	3943.0	5060.0	5395.0	6738.0	9140.0	11330.0	15550.0	20986.0	29199.0	48269.0	71197.0	98839.0	127993.0	182586.0	223772.0	286841.0	319302.0	380294.0	446247.0	515314.0	553861.0	623595.0	15227445.0	24658493.0
5-005_R2_001_val_2	13426.0	16938.0	8000.0	6826.0	7237.0	7196.0	8260.0	10611.0	12959.0	16306.0	22466.0	31011.0	50277.0	73375.0	101484.0	131077.0	185249.0	226279.0	289365.0	321261.0	382025.0	448493.0	518067.0	559509.0	638027.0	15869490.0	23927311.0
5-006_R1_001_val_1	2428.0	6075.0	4558.0	4470.0	5494.0	6294.0	8417.0	11739.0	16591.0	23267.0	36730.0	56479.0	102565.0	159850.0	238357.0	327846.0	476014.0	581043.0	731826.0	813715.0	927630.0	1026274.0	1112219.0	1139965.0	1158976.0	9428892.0	14594861.0
5-006_R2_001_val_2	13485.0	17152.0	8389.0	7041.0	7371.0	8104.0	10056.0	13337.0	17917.0	24797.0	38582.0	58510.0	104633.0	161896.0	240336.0	329715.0	477002.0	581179.0	731413.0	812590.0	925790.0	1024595.0	1110709.0	1140584.0	1166806.0	9768013.0	14202573.0
5-007_R1_001_val_1	3912.0	9026.0	7289.0	5827.0	5862.0	4637.0	5368.0	6893.0	9510.0	17180.0	18338.0	26820.0	45674.0	71082.0	104451.0	136843.0	198606.0	250017.0	321086.0	367213.0	437057.0	500343.0	571172.0	598238.0	649362.0	9671183.0	15715558.0
5-007_R2_001_val_2	13825.0	18612.0	10399.0	7780.0	7199.0	5853.0	6696.0	8132.0	10583.0	15878.0	19693.0	28671.0	47692.0	73226.0	106644.0	139329.0	200661.0	251872.0	322392.0	368320.0	437456.0	500840.0	571991.0	601236.0	660731.0	10146604.0	15176232.0
5-008_R1_001_val_1	2656.0	5952.0	4571.0	5245.0	6312.0	7123.0	9051.0	11930.0	15571.0	20911.0	28663.0	40232.0	64679.0	95140.0	132453.0	175901.0	245023.0	304514.0	386556.0	440112.0	520274.0	611728.0	697192.0	761056.0	858710.0	16804652.0	27786081.0
5-008_R2_001_val_2	16683.0	20380.0	9877.0	8716.0	9144.0	9696.0	11488.0	14161.0	17785.0	22461.0	31049.0	43693.0	68172.0	99343.0	136791.0	180332.0	248901.0	308736.0	389930.0	443241.0	522749.0	615097.0	701190.0	768756.0	878138.0	17243852.0	27221927.0
5-009_R1_001_val_1	5106.0	5992.0	4922.0	4559.0	5119.0	6595.0	9789.0	12378.0	18446.0	27943.0	41171.0	61664.0	102591.0	151527.0	208272.0	266907.0	351803.0	415666.0	495169.0	542450.0	596414.0	661577.0	712566.0	727213.0	742855.0	9981869.0	16279969.0
5-009_R2_001_val_2	13878.0	14924.0	7997.0	6633.0	6906.0	8107.0	12528.0	13685.0	19248.0	28221.0	42314.0	63224.0	104421.0	153501.0	210384.0	268967.0	353700.0	417231.0	496377.0	543309.0	597231.0	662723.0	714324.0	731138.0	756389.0	10478187.0	15714985.0
5-010_R1_001_val_1	1743.0	4098.0	3083.0	3403.0	4271.0	5094.0	6743.0	9198.0	13590.0	19501.0	30538.0	46590.0	76222.0	114409.0	163255.0	220702.0	294909.0	363396.0	443691.0	514100.0	590709.0	672920.0	748862.0	816117.0	874161.0	10217982.0	17413815.0
5-010_R2_001_val_2	8338.0	10867.0	5505.0	5277.0	5701.0	6671.0	8449.0	10964.0	15572.0	21565.0	32807.0	49032.0	78911.0	117483.0	166329.0	223953.0	297587.0	365926.0	445199.0	515377.0	591697.0	674299.0	750727.0	819750.0	887074.0	10808544.0	16749498.0
5-012_R1_001_val_1	2299.0	5333.0	3772.0	4002.0	4829.0	5177.0	6331.0	8088.0	10490.0	14643.0	19575.0	27697.0	43974.0	63279.0	88248.0	112389.0	151300.0	181029.0	224901.0	249048.0	292468.0	345429.0	388812.0	417583.0	475106.0	14875014.0	24607828.0
5-012_R2_001_val_2	14076.0	18237.0	8738.0	7146.0	7736.0	7500.0	8825.0	10256.0	12579.0	16496.0	21919.0	30516.0	47089.0	66781.0	92081.0	116405.0	154956.0	184697.0	228432.0	252474.0	295749.0	348742.0	393521.0	425130.0	493676.0	15573399.0	23791488.0
5-014_R1_001_val_1	2348.0	5893.0	5739.0	7584.0	11325.0	14976.0	22999.0	32196.0	51436.0	72786.0	118447.0	178421.0	294434.0	429938.0	595837.0	749126.0	982170.0	1126702.0	1305320.0	1367891.0	1450345.0	1513986.0	1556812.0	1530423.0	1495368.0	12992357.0	20309853.0
5-014_R2_001_val_2	16837.0	21112.0	10826.0	10726.0	13862.0	17149.0	25196.0	34710.0	53877.0	75374.0	121042.0	181300.0	297391.0	432421.0	597555.0	750648.0	982477.0	1126405.0	1303899.0	1365227.0	1447432.0	1511341.0	1555189.0	1531631.0	1508739.0	13372145.0	19860201.0
5-015_R1_001_val_1	1790.0	3703.0	3052.0	3414.0	4104.0	4909.0	6235.0	8190.0	11713.0	15961.0	23898.0	35163.0	58878.0	88767.0	124793.0	163347.0	224345.0	275191.0	339774.0	383668.0	437754.0	512239.0	571354.0	612998.0	658780.0	10993734.0	17914364.0
5-015_R2_001_val_2	7877.0	10614.0	5094.0	4842.0	5265.0	5788.0	7165.0	9347.0	12750.0	17142.0	25353.0	36899.0	60936.0	90928.0	127144.0	165768.0	226514.0	277405.0	341657.0	385106.0	439108.0	513764.0	573339.0	617077.0	668891.0	11247538.0	17598807.0
5-061_R1_001_val_1	2086.0	4765.0	3685.0	4000.0	5282.0	5774.0	7344.0	9978.0	12911.0	17528.0	23866.0	34236.0	57064.0	81549.0	113718.0	143539.0	196618.0	231442.0	285418.0	310390.0	358173.0	414710.0	461266.0	488612.0	539648.0	12426763.0	20174643.0
5-061_R2_001_val_2	11944.0	14961.0	7323.0	6395.0	7070.0	7312.0	8841.0	11291.0	14200.0	17984.0	24998.0	35525.0	58566.0	83459.0	115773.0	145774.0	198688.0	233525.0	287004.0	312092.0	359679.0	416517.0	463747.0	493700.0	552707.0	12812647.0	19713286.0
5-063_R1_001_val_1	2896.0	6492.0	3990.0	4508.0	4989.0	5692.0	7184.0	9184.0	13242.0	19985.0	28054.0	42392.0	71238.0	110353.0	163739.0	223616.0	316955.0	397502.0	505018.0	573169.0	672394.0	756319.0	842060.0	893663.0	948914.0	13192134.0	22390782.0
5-063_R2_001_val_2	17049.0	21016.0	8921.0	7597.0	7674.0	7850.0	9688.0	11321.0	15444.0	21354.0	30700.0	46005.0	75190.0	114928.0	168216.0	228519.0	321405.0	401400.0	507846.0	575571.0	673824.0	757432.0	844028.0	898032.0	963854.0	13644143.0	21827457.0
5-066_R1_001_val_1	6632.0	15891.0	25170.0	44391.0	85852.0	133437.0	216684.0	274813.0	349172.0	364630.0	415533.0	429536.0	485275.0	505460.0	508153.0	488261.0	505353.0	494313.0	497925.0	478349.0	463308.0	462196.0	458244.0	444047.0	419518.0	3797108.0	6536108.0
5-066_R2_001_val_2	16508.0	24523.0	27467.0	44428.0	84195.0	131435.0	216577.0	275032.0	349217.0	364779.0	415779.0	429737.0	485508.0	505536.0	507884.0	488001.0	504947.0	493709.0	496740.0	477153.0	462084.0	461106.0	457255.0	443994.0	423908.0	3951673.0	6366184.0
5-067_R1_001_val_1	3096.0	7878.0	6217.0	5628.0	6521.0	7355.0	9406.0	12937.0	18288.0	25567.0	40164.0	61599.0	107231.0	166563.0	247959.0	341340.0	488658.0	610584.0	769233.0	860571.0	981724.0	1099945.0	1194014.0	1242296.0	1271281.0	13338459.0	21403910.0
5-067_R2_001_val_2	16627.0	21876.0	11166.0	8943.0	9041.0	9653.0	11818.0	15334.0	20566.0	28006.0	42680.0	64886.0	110316.0	169830.0	250967.0	344460.0	490921.0	611689.0	769436.0	860031.0	980834.0	1098780.0	1193678.0	1245286.0	1284472.0	13885067.0	20772061.0
5-069_R1_001_val_1	1464.0	3677.0	2454.0	2633.0	2989.0	3369.0	3857.0	4440.0	5465.0	6839.0	8636.0	11010.0	16205.0	23136.0	31712.0	41957.0	59842.0	76028.0	101469.0	118975.0	150357.0	187099.0	219058.0	246546.0	295145.0	12993442.0	22203961.0
5-069_R2_001_val_2	11982.0	15700.0	6820.0	5539.0	5429.0	5437.0	5695.0	6398.0	7460.0	8864.0	11120.0	13896.0	19220.0	26527.0	34964.0	45646.0	63700.0	79837.0	105119.0	122634.0	153862.0	191291.0	224211.0	254870.0	316631.0	13754536.0	21324377.0
5-071_R1_001_val_1	2546.0	6276.0	4128.0	4117.0	4988.0	5251.0	6094.0	8135.0	11039.0	15860.0	21512.0	31665.0	53568.0	84268.0	122620.0	163104.0	233945.0	293910.0	374107.0	427910.0	500781.0	595596.0	675702.0	720564.0	784946.0	14180938.0	22847417.0
5-071_R2_001_val_2	16857.0	20908.0	9096.0	7196.0	7257.0	7105.0	8120.0	9917.0	12793.0	16844.0	23161.0	34123.0	56532.0	87404.0	125686.0	166856.0	237263.0	296928.0	376397.0	429937.0	502531.0	597472.0	678371.0	726252.0	801618.0	14555285.0	22369078.0
5-073_R1_001_val_1	16958.0	45360.0	37682.0	19821.0	26723.0	27117.0	37707.0	60976.0	92960.0	126045.0	159699.0	198265.0	276195.0	331161.0	386972.0	420917.0	501574.0	544556.0	616597.0	631788.0	673367.0	724842.0	768811.0	780786.0	786924.0	8836735.0	14126352.0
5-073_R2_001_val_2	28628.0	52592.0	37369.0	20701.0	26342.0	27351.0	38603.0	61640.0	92694.0	120257.0	160233.0	198910.0	276964.0	331423.0	387439.0	421422.0	501387.0	544282.0	615429.0	630579.0	672042.0	723825.0	768427.0	782778.0	796918.0	9219934.0	13718721.0
5-074_R1_001_val_1	2132.0	4745.0	3364.0	3465.0	4308.0	4879.0	6267.0	8523.0	11649.0	15990.0	24099.0	35410.0	59902.0	91155.0	127641.0	164185.0	222530.0	266587.0	332225.0	371221.0	425677.0	486324.0	540884.0	583825.0	627330.0	11600963.0	19817775.0
5-074_R2_001_val_2	8991.0	11874.0	5446.0	4964.0	5455.0	6122.0	7502.0	9990.0	13024.0	17600.0	25845.0	37795.0	62653.0	94086.0	130484.0	167557.0	225487.0	269399.0	334417.0	373439.0	427601.0	488477.0	543544.0	588492.0	641143.0	12519823.0	18821845.0
5-075_R1_001_val_1	2608.0	3344.0	2672.0	2803.0	3525.0	4161.0	5609.0	7737.0	11228.0	16129.0	23793.0	35824.0	60589.0	93577.0	129609.0	168069.0	228830.0	278299.0	348310.0	393591.0	443564.0	508810.0	577914.0	631276.0	651144.0	8762220.0	13888105.0
5-075_R2_001_val_2	6982.0	7940.0	4006.0	3733.0	4086.0	4791.0	6227.0	8552.0	11874.0	16555.0	24761.0	37351.0	61986.0	95312.0	131379.0	169863.0	230687.0	279847.0	349367.0	394523.0	444085.0	509736.0	578996.0	633796.0	659047.0	8964137.0	13643721.0
5-121_R1_001_val_1	1813.0	4698.0	3300.0	3407.0	3888.0	4385.0	5253.0	6492.0	8463.0	10881.0	15791.0	22790.0	37930.0	57013.0	84347.0	117745.0	169611.0	217633.0	282904.0	326925.0	394315.0	462572.0	526947.0	577834.0	639259.0	13064914.0	22159177.0
5-121_R2_001_val_2	12046.0	15703.0	7070.0	5965.0	5883.0	6270.0	7158.0	8479.0	10261.0	12954.0	18013.0	25517.0	40923.0	60294.0	87265.0	121022.0	172668.0	220491.0	285337.0	329261.0	396537.0	464808.0	530012.0	583382.0	655005.0	13759148.0	21368815.0
5-122_R1_001_val_1	1319.0	3378.0	2278.0	2427.0	2720.0	3241.0	4133.0	5462.0	7125.0	9982.0	14730.0	21697.0	34946.0	53647.0	76480.0	101706.0	143316.0	179182.0	229374.0	261342.0	301263.0	347418.0	385703.0	395912.0	416823.0	7632616.0	12607016.0
5-122_R2_001_val_2	7288.0	9479.0	4412.0	3805.0	3966.0	4289.0	5265.0	6575.0	8215.0	10893.0	15768.0	22888.0	36457.0	55310.0	78281.0	103629.0	145350.0	181055.0	230631.0	262779.0	302544.0	349061.0	387573.0	399412.0	427173.0	8054475.0	12128663.0
5-123_R1_001_val_1	2337.0	5573.0	3694.0	3777.0	4527.0	5134.0	6402.0	8634.0	11314.0	14811.0	21815.0	31220.0	51479.0	78553.0	112580.0	150700.0	213942.0	269828.0	349348.0	406118.0	478526.0	568255.0	652251.0	723637.0	798520.0	14574026.0	24682956.0
5-123_R2_001_val_2	13418.0	17249.0	7579.0	6330.0	6696.0	7004.0	8245.0	10330.0	13071.0	16556.0	24010.0	33846.0	54575.0	81441.0	115895.0	154104.0	217322.0	272963.0	351923.0	408178.0	480421.0	570598.0	655323.0	729467.0	815534.0	15182136.0	23975743.0
5-124_R1_001_val_1	2530.0	5991.0	6692.0	9233.0	15107.0	20795.0	36813.0	56984.0	95980.0	126858.0	195867.0	248503.0	363377.0	431491.0	521786.0	556371.0	667661.0	697646.0	787988.0	822596.0	868252.0	962913.0	1003792.0	1033023.0	1040383.0	15818210.0	25642760.0
5-124_R2_001_val_2	18032.0	23313.0	12563.0	12689.0	17988.0	23320.0	38712.0	58672.0	97969.0	128833.0	197546.0	250573.0	365617.0	433791.0	523963.0	558579.0	669388.0	698876.0	788492.0	822641.0	868510.0	963674.0	1005806.0	1038556.0	1060535.0	16163833.0	25197131.0
5-125_R1_001_val_1	2267.0	4909.0	4075.0	4539.0	6055.0	7681.0	11037.0	17509.0	25018.0	36462.0	60741.0	96362.0	174002.0	260859.0	354996.0	435203.0	579089.0	661367.0	791248.0	818092.0	888011.0	966663.0	1041361.0	1038616.0	1045727.0	11174728.0	17111806.0
5-125_R2_001_val_2	8813.0	11445.0	5739.0	5459.0	6353.0	7909.0	11419.0	17821.0	25494.0	36881.0	61487.0	97445.0	175465.0	262031.0	356395.0	436517.0	579954.0	661909.0	791031.0	818105.0	887530.0	966253.0	1041911.0	1041154.0	1054044.0	11752234.0	16497625.0
5-126_R1_001_val_1	5214.0	9560.0	9847.0	11230.0	19861.0	29650.0	51169.0	81365.0	123516.0	161678.0	212728.0	265146.0	362286.0	433311.0	505915.0	558137.0	671058.0	736491.0	837439.0	872994.0	938556.0	1011319.0	1072740.0	1095219.0	1103508.0	11780900.0	18852084.0
5-126_R2_001_val_2	20059.0	24574.0	14519.0	14176.0	21789.0	31119.0	52834.0	82780.0	124550.0	159848.0	213957.0	266460.0	363475.0	434510.0	507260.0	559614.0	672211.0	736667.0	836813.0	872183.0	936951.0	1009806.0	1072255.0	1097546.0	1116762.0	12144267.0	18425936.0
5-127_R1_001_val_1	9224.0	16763.0	22444.0	28618.0	41721.0	54001.0	78532.0	110425.0	155884.0	195537.0	257522.0	312062.0	397523.0	460549.0	500734.0	515625.0	570922.0	575613.0	613257.0	606457.0	614498.0	634309.0	649869.0	641297.0	625439.0	6382607.0	10720801.0
5-127_R2_001_val_2	19476.0	27826.0	25716.0	29766.0	41813.0	53790.0	79074.0	111455.0	156930.0	196382.0	258644.0	314218.0	398674.0	461406.0	500933.0	516126.0	571011.0	575466.0	612640.0	605785.0	613440.0	633290.0	649388.0	642235.0	633936.0	6686193.0	10376620.0
5-128_R1_001_val_1	2114.0	5565.0	4070.0	4279.0	5643.0	6670.0	9221.0	13144.0	19498.0	27938.0	44466.0	69470.0	119623.0	185397.0	266781.0	353484.0	487280.0	586376.0	724717.0	800084.0	907339.0	1009503.0	1088253.0	1125658.0	1164532.0	11915092.0	19359582.0
5-128_R2_001_val_2	46164.0	50740.0	17792.0	12605.0	11511.0	11247.0	13344.0	16810.0	22915.0	30768.0	47763.0	73188.0	123589.0	189252.0	270777.0	357544.0	489724.0	586847.0	722574.0	795879.0	901244.0	1002596.0	1081480.0	1122364.0	1181778.0	12340899.0	18784385.0
5-130_R1_001_val_1	3804.0	6854.0	5154.0	4648.0	7856.0	5557.0	6917.0	9413.0	12832.0	22395.0	24929.0	35804.0	58131.0	84990.0	115942.0	147036.0	201311.0	242674.0	305442.0	344474.0	403139.0	479982.0	559773.0	622618.0	693664.0	16149197.0	25990342.0
5-130_R2_001_val_2	15144.0	18460.0	9215.0	7364.0	10099.0	7539.0	9214.0	11537.0	14985.0	22792.0	27188.0	38986.0	61324.0	88523.0	119712.0	151088.0	205208.0	246605.0	308768.0	347886.0	405929.0	483087.0	563709.0	629029.0	710161.0	16565247.0	25466079.0
5-131_R1_001_val_1	2580.0	6453.0	4820.0	5466.0	7205.0	9766.0	14503.0	22829.0	36069.0	54841.0	94634.0	148702.0	260753.0	374915.0	522828.0	635267.0	849722.0	960373.0	1154204.0	1217508.0	1352821.0	1441585.0	1531289.0	1525455.0	1576984.0	14501896.0	22818593.0
5-131_R2_001_val_2	14505.0	18621.0	8622.0	7588.0	8937.0	11068.0	15716.0	24417.0	37589.0	56294.0	96465.0	151064.0	263002.0	377023.0	524813.0	637403.0	850474.0	960830.0	1153826.0	1216157.0	1351322.0	1440257.0	1530753.0	1527812.0	1586819.0	15129533.0	22131151.0
5-133_R1_001_val_1	1649.0	3473.0	2561.0	2892.0	3607.0	4441.0	5834.0	8334.0	11791.0	17176.0	26786.0	41791.0	71817.0	109162.0	156139.0	205911.0	282307.0	339637.0	418092.0	463969.0	527257.0	593556.0	652487.0	686428.0	721461.0	9424297.0	15716914.0
5-133_R2_001_val_2	7642.0	10067.0	4898.0	4462.0	4879.0	5537.0	7165.0	9776.0	13345.0	18703.0	28619.0	43877.0	74053.0	111658.0	158513.0	208323.0	284201.0	341308.0	419406.0	464667.0	528143.0	594324.0	653700.0	689764.0	731698.0	9916622.0	15164419.0
5-135_R1_001_val_1	1367.0	3475.0	2692.0	2757.0	3454.0	4003.0	5355.0	7955.0	11712.0	17239.0	27555.0	41916.0	74008.0	110509.0	159438.0	208003.0	290257.0	338675.0	412002.0	449546.0	496149.0	542737.0	585772.0	586727.0	593438.0	5044756.0	7696803.0
5-135_R2_001_val_2	7201.0	9447.0	4971.0	4109.0	4566.0	4905.0	6151.0	8770.0	12424.0	17811.0	28263.0	42846.0	74884.0	111304.0	160073.0	208712.0	290546.0	338631.0	411494.0	448911.0	495288.0	541851.0	585229.0	587228.0	597812.0	5174957.0	7539916.0
5-181_R1_001_val_1	3163.0	7940.0	5373.0	4932.0	6007.0	6773.0	9071.0	12145.0	17303.0	24570.0	38327.0	59544.0	106261.0	163311.0	238351.0	315253.0	446505.0	536544.0	680645.0	753398.0	879055.0	1007908.0	1114884.0	1155833.0	1257916.0	19192529.0	31252739.0
5-181_R2_001_val_2	17637.0	22809.0	10421.0	8430.0	8583.0	8866.0	11037.0	14153.0	19101.0	26021.0	40490.0	62098.0	109196.0	166498.0	241741.0	318674.0	449460.0	539181.0	682568.0	755254.0	880523.0	1009299.0	1117499.0	1161561.0	1275959.0	20206914.0	30132307.0
5-182_R1_001_val_1	3190.0	7157.0	5348.0	5038.0	4863.0	4820.0	5438.0	6784.0	9265.0	16839.0	16361.0	23307.0	37235.0	56951.0	83618.0	114348.0	165743.0	213903.0	279574.0	331170.0	399729.0	474333.0	551542.0	608078.0	676937.0	11284071.0	19371704.0
5-182_R2_001_val_2	15421.0	19024.0	9305.0	7216.0	7009.0	6576.0	7306.0	8669.0	10896.0	16165.0	18414.0	26010.0	40577.0	60585.0	87649.0	118757.0	170296.0	218323.0	283345.0	334480.0	402091.0	476722.0	554029.0	612921.0	690892.0	11869667.0	18685001.0
5-187_R1_001_val_1	3996.0	9420.0	10573.0	14496.0	24269.0	32115.0	54817.0	80437.0	129296.0	166790.0	253080.0	317205.0	460982.0	540717.0	651345.0	689303.0	823460.0	861237.0	971444.0	1008210.0	1075550.0	1199390.0	1263297.0	1324878.0	1336871.0	21753264.0	36186275.0
5-187_R2_001_val_2	25422.0	33118.0	19116.0	20108.0	28869.0	35914.0	58688.0	83889.0	132872.0	170602.0	256661.0	321207.0	464950.0	545214.0	655280.0	693851.0	827291.0	864755.0	974485.0	1010643.0	1077414.0	1201805.0	1267904.0	1333640.0	1366532.0	22730756.0	35041731.0
5-188_R1_001_val_1	2057.0	5343.0	3565.0	3602.0	4633.0	5393.0	7329.0	10116.0	14688.0	20628.0	32668.0	50346.0	86270.0	134430.0	193445.0	258224.0	361405.0	444771.0	566427.0	633790.0	730914.0	820595.0	903685.0	946472.0	977869.0	11155366.0	18365676.0
5-188_R2_001_val_2	41468.0	45475.0	15972.0	10821.0	9608.0	9313.0	10849.0	13343.0	17512.0	23639.0	35751.0	53800.0	89972.0	138416.0	197735.0	262673.0	364804.0	446752.0	565850.0	631718.0	727142.0	815678.0	898866.0	944996.0	995307.0	11828221.0	17544026.0
5-189_R1_001_val_1	3398.0	8018.0	6132.0	4587.0	4781.0	4024.0	4223.0	5339.0	6719.0	11320.0	10893.0	15022.0	23281.0	33610.0	47653.0	63423.0	90060.0	114277.0	148752.0	174437.0	213216.0	259437.0	306121.0	345188.0	394760.0	10671064.0	18372998.0
5-189_R2_001_val_2	14088.0	18618.0	9472.0	6884.0	6565.0	5668.0	5871.0	6955.0	8106.0	10874.0	12758.0	17047.0	25516.0	36179.0	50347.0	66398.0	93034.0	116976.0	151167.0	176850.0	215168.0	261616.0	309133.0	350555.0	410462.0	11238809.0	17717617.0
5-197_R1_001_val_1	5962.0	12389.0	10700.0	10340.0	15377.0	20769.0	32039.0	49563.0	77942.0	107821.0	152636.0	201030.0	284603.0	371729.0	463879.0	538383.0	656837.0	753959.0	878872.0	968522.0	1063557.0	1169286.0	1264841.0	1334067.0	1359405.0	15547463.0	26389711.0
5-197_R2_001_val_2	25234.0	31543.0	17184.0	14302.0	18424.0	23657.0	35005.0	52407.0	80699.0	109274.0	155949.0	204867.0	288552.0	375519.0	467511.0	541858.0	659545.0	756284.0	880189.0	968737.0	1062884.0	1168498.0	1265397.0	1338288.0	1380442.0	16292210.0	25527223.0
